id,probability_maraud,successful_mating,next_foraging_time,mar_attempts,mate_attempts,foraging_events,foraging_hrs,foraging_sqhrs,staying_events,staying_hrs,staying_sqhrs,repairing_events,repairing_hrs,repairing_sqhrs,marauding_events,marauding_hrs,marauding_sqhrs,traveling_events,traveling_hrs,traveling_sqhrs
0,0.054,13,359.9915550078881,"[['8' '0.4636771973568174' 'present']
 ['10' '3.8546611714084023' 'present']
 ['13' '10.91768441330904' 'present']
 ['19' '32.5922965993821' 'present']
 ['13' '35.775605632971114' 'present']
 ['19' '38.32123441288847' 'present']
 ['10' '39.96677860499544' 'present']
 ['10' '49.03009278544401' 'present']
 ['15' '50.02717096040259' 'present']
 ['1' '55.86641375674976' 'present']
 ['11' '69.0961632795538' 'marauded']
 ['21' '70.600649615098' 'presentdestroyed']
 ['14' '72.74715100306119' 'presentdestroyed']
 ['10' '75.25375108461678' 'presentdestroyed']
 ['15' '75.97066722464542' 'presentdestroyed']
 ['3' '76.41057839192946' 'present']
 ['3' '88.24189799084014' 'present']
 ['5' '93.4537337032777' 'present']
 ['8' '103.37618898664593' 'present']
 ['10' '109.09859417818856' 'present']
 ['3' '113.07139683235592' 'present']
 ['15' '126.17215843515599' 'present']
 ['16' '132.79075004155388' 'present']
 ['1' '139.59684624555823' 'present']
 ['3' '140.47391834211922' 'present']
 ['5' '147.28810163776495' 'present']
 ['23' '150.40661011775052' 'present']
 ['1' '154.01126568678194' 'present']
 ['10' '155.6553644928886' 'present']
 ['23' '167.5204226586741' 'present']
 ['16' '170.25401130636624' 'present']
 ['15' '172.4408384885058' 'present']
 ['13' '198.4741035252832' 'present']
 ['8' '209.57721581947652' 'marauded']
 ['5' '211.73974386253983' 'presentdestroyed']
 ['1' '211.93448580684137' 'presentdestroyed']
 ['1' '215.1596089369983' 'destroyed']
 ['3' '215.61480804843484' 'presentdestroyed']
 ['21' '221.31446911434455' 'marauded']
 ['13' '221.45230028438706' 'presentdestroyed']
 ['4' '230.98485106846556' 'present']
 ['4' '235.59827345739282' 'present']
 ['11' '241.98551638538763' 'present']
 ['1' '242.89627788915496' 'present']
 ['3' '248.19822403046246' 'present']
 ['18' '251.24918542956613' 'present']
 ['14' '257.3917105843291' 'present']
 ['16' '258.0049626374048' 'present']
 ['22' '272.19194286364205' 'marauded']
 ['11' '280.8078350581245' 'present']
 ['1' '288.12766068610614' 'present']
 ['1' '291.2749333542557' 'present']
 ['1' '297.62833910100204' 'marauded']
 ['18' '325.56891530541463' 'present']
 ['3' '331.98559359787555' 'present']
 ['10' '333.6946454169941' 'present']
 ['4' '342.0638353656493' 'present']
 ['14' '345.361521844461' 'present']
 ['5' '352.5804905513842' 'present']
 ['5' '353.5707748250153' 'present']]","[['F161' '26.226778647262446' 'mated']
 ['F194' '44.62233559851665' 'mated']
 ['F127' '47.91377656491348' 'mated']
 ['F149' '79.97360628867611' 'mated']
 ['F94' '94.69759107482892' 'mated']
 ['F114' '97.80795564960191' 'mated']
 ['F178' '130.31964952076612' 'mated']
 ['F22' '184.10237242492633' 'mated']
 ['F203' '214.58754687567023' 'destroyed']
 ['F203' '214.63384317196653' 'destroyed']
 ['F167' '230.824246547411' 'mated']
 ['F36' '245.04209494314722' 'absent']
 ['F111' '258.1842545903049' 'mated']
 ['F70' '259.1363445088723' 'mated']
 ['F148' '261.50801304691083' 'mated']
 ['F51' '274.9053560853364' 'destroyed']
 ['F42' '295.85506524234626' 'absent']
 ['F20' '321.23019604979777' 'mated']]",571.0,68.73321878608458,13.685668220568816,1515.0,256.045830537725,54.99126020466,178.0,30.58355586517965,6.662433388422329,11.0,1.0999999999999999,0.11000000000000004,78.0,3.6111111111111103,0.16718106995884757
1,0.054,7,360.0535731466104,"[['21' '2.929318318498671' 'present']
 ['13' '5.276571520092162' 'present']
 ['23' '10.081399767041475' 'present']
 ['10' '12.145397131800195' 'present']
 ['15' '25.364750511420585' 'marauded']
 ['11' '28.45706468046044' 'presentdestroyed']
 ['13' '34.998902825854394' 'present']
 ['10' '45.957527181658044' 'present']
 ['10' '54.05694665697056' 'present']
 ['10' '56.04512071489098' 'present']
 ['4' '57.07302463299683' 'marauded']
 ['3' '60.92207750088368' 'destroyed']
 ['14' '72.7934472993575' 'present']
 ['23' '76.02644562075886' 'marauded']
 ['11' '78.53039758323396' 'presentdestroyed']
 ['10' '81.36854904947671' 'destroyed']
 ['0' '86.87709411913603' 'present']
 ['18' '88.23362175432344' 'present']
 ['5' '92.4631095420839' 'present']
 ['11' '98.30546032535146' 'marauded']
 ['22' '102.40905321527143' 'destroyed']
 ['21' '106.20036342281429' 'presentdestroyed']
 ['0' '114.61416423334992' 'present']
 ['8' '130.25797099913868' 'marauded']
 ['21' '141.4895221445597' 'present']
 ['8' '158.75366496645123' 'present']
 ['3' '176.309656590737' 'present']
 ['13' '184.00323424449275' 'present']
 ['5' '208.41563061281755' 'present']
 ['19' '212.00833486956165' 'present']
 ['4' '212.7102571901059' 'present']
 ['4' '213.69292063341854' 'present']
 ['22' '219.9090993770342' 'present']
 ['21' '224.74940746185698' 'present']
 ['16' '229.7989909701092' 'marauded']
 ['16' '237.59051630849078' 'presentdestroyed']
 ['21' '241.0819716958807' 'present']
 ['14' '246.7112959191576' 'present']
 ['11' '260.0607185701845' 'marauded']
 ['18' '270.2493088414357' 'marauded']
 ['21' '271.6065084481013' 'presentdestroyed']
 ['19' '277.7715638038517' 'present']
 ['13' '300.14273754038' 'marauded']
 ['13' '301.7383657998021' 'presentdestroyed']
 ['21' '307.6754430952161' 'presentdestroyed']
 ['18' '314.04248997671755' 'present']
 ['19' '315.841740629232' 'present']
 ['22' '318.32424386932854' 'present']
 ['22' '321.3445157667919' 'present']
 ['3' '329.37594611503084' 'marauded']
 ['14' '341.43960976408056' 'marauded']
 ['23' '343.13855342560856' 'presentdestroyed']
 ['14' '354.8447698733933' 'marauded']]","[['F73' '108.0611821453358' 'mated']
 ['F170' '118.8493281505703' 'mated']
 ['F65' '149.800916127653' 'mated']
 ['F49' '192.8977494956138' 'mated']
 ['F173' '196.4828799969432' 'mated']
 ['F43' '257.2970652986516' 'mated']
 ['F150' '276.6309290063918' 'destroyed']
 ['F101' '281.57495236083815' 'mated']
 ['F141' '330.03936080116375' 'destroyed']]",568.0,71.8853316726575,15.643066087419959,1226.0,212.03324890689663,46.05843958216195,422.0,71.67658839140869,15.057368222625522,12.0,1.2,0.12000000000000005,70.0,3.24074074074074,0.150034293552812
2,0.0,5,359.87949990423766,"[['3' '2.645691766576734' 'present']
 ['10' '7.652835235422888' 'present']
 ['4' '18.716579907952358' 'present']
 ['18' '20.583768132498278' 'present']
 ['1' '24.48494965909535' 'present']
 ['11' '26.203585777441255' 'marauded']
 ['15' '45.90107275656252' 'present']
 ['19' '49.096710034592434' 'present']
 ['22' '53.417602135316244' 'marauded']
 ['15' '61.99750051000952' 'present']
 ['11' '66.77850710364073' 'present']
 ['3' '70.06385802253955' 'present']
 ['4' '71.26372731468814' 'present']
 ['8' '94.59643942880089' 'marauded']
 ['21' '96.16322579611541' 'presentdestroyed']
 ['19' '102.38414413444949' 'present']
 ['15' '103.29145049479446' 'present']
 ['19' '114.54637713997772' 'marauded']
 ['22' '119.9983764871403' 'presentdestroyed']
 ['4' '125.75243962919185' 'present']
 ['16' '132.74445374525757' 'present']
 ['13' '137.61888670852994' 'present']
 ['1' '137.95301776189208' 'present']
 ['8' '138.90003447681488' 'present']
 ['22' '143.4068136972719' 'present']
 ['16' '165.72231738451455' 'present']
 ['14' '173.0058072598684' 'present']
 ['16' '184.71600055623708' 'marauded']
 ['0' '186.18112795794994' 'destroyed']
 ['19' '220.4582395557495' 'present']
 ['18' '231.08659829386045' 'present']
 ['22' '236.6720757701566' 'marauded']
 ['11' '239.93266302803391' 'destroyed']
 ['1' '244.65697066181266' 'present']
 ['23' '246.55931839011004' 'present']
 ['0' '247.73313299862906' 'present']
 ['0' '249.3953886745954' 'present']
 ['8' '250.0475923689331' 'present']
 ['3' '252.18616551058972' 'present']
 ['15' '257.7889884810398' 'marauded']
 ['13' '258.87521468284854' 'destroyed']
 ['10' '264.2261307686866' 'presentdestroyed']
 ['4' '275.65991793686965' 'present']
 ['4' '280.59327635426416' 'present']
 ['11' '303.241428938639' 'present']
 ['21' '304.93640753524966' 'present']
 ['22' '310.05896912616646' 'present']
 ['10' '313.3481309150383' 'marauded']
 ['5' '314.96786391593594' 'presentdestroyed']
 ['10' '317.85408074210005' 'presentdestroyed']
 ['3' '320.7506640228658' 'destroyed']
 ['13' '335.3770837324435' 'present']
 ['3' '349.6331809564157' 'marauded']
 ['13' '350.2275995442144' 'presentdestroyed']
 ['15' '356.5486029062673' 'destroyed']]","[['F134' '64.91960513557818' 'mated']
 ['F38' '71.66779654652588' 'absent']
 ['F158' '125.18246632875632' 'mated']
 ['F107' '147.26614200387394' 'mated']
 ['F19' '240.14006100745036' 'destroyed']
 ['F206' '246.65468208785273' 'mated']
 ['F105' '286.6728291923422' 'mated']]",576.0,70.59742685724666,14.090010771518662,1404.0,234.51008829186569,49.153823189165614,329.0,55.060937161713085,11.582825974195023,0.0,0.0,0.0,0.0,0.0,0.0
3,0.054,5,360.5866905103904,"[['23' '3.909762846326219' 'present']
 ['10' '7.55019442887105' 'present']
 ['18' '15.677248593592346' 'marauded']
 ['13' '17.597517168260463' 'presentdestroyed']
 ['1' '19.545002173945527' 'presentdestroyed']
 ['10' '30.272906389403623' 'present']
 ['10' '34.8191822022654' 'marauded']
 ['14' '36.580156866526096' 'destroyed']
 ['21' '39.4599252834253' 'presentdestroyed']
 ['8' '39.484112242384256' 'presentdestroyed']
 ['22' '53.01752708207949' 'present']
 ['14' '54.55620763056666' 'present']
 ['11' '62.336495425415144' 'present']
 ['15' '63.476881640694515' 'present']
 ['13' '71.50093679371001' 'present']
 ['21' '74.97920132412862' 'present']
 ['11' '77.69679202134732' 'marauded']
 ['11' '87.54542616974072' 'present']
 ['8' '90.22437830477928' 'marauded']
 ['23' '94.7103329628074' 'presentdestroyed']
 ['22' '95.72040496321662' 'presentdestroyed']
 ['14' '97.77546110587785' 'present']
 ['23' '100.5007639805586' 'present']
 ['5' '102.89045902772664' 'present']
 ['1' '106.65198888445936' 'present']
 ['19' '109.60660609980532' 'present']
 ['10' '112.58914238008353' 'present']
 ['13' '116.33225908755846' 'present']
 ['10' '117.82642362493182' 'present']
 ['13' '121.40631073232011' 'marauded']
 ['8' '125.45341059347584' 'presentdestroyed']
 ['10' '128.61246071136733' 'present']
 ['10' '130.29685110363835' 'marauded']
 ['11' '150.5215869225768' 'present']
 ['19' '150.63927008042475' 'present']
 ['1' '152.48171946847' 'present']
 ['14' '153.03619828753924' 'marauded']
 ['14' '153.6331130171245' 'presentdestroyed']
 ['23' '153.7697945621019' 'presentdestroyed']
 ['16' '164.72746721681042' 'present']
 ['14' '172.52546033918563' 'present']
 ['21' '173.64463903619597' 'present']
 ['10' '178.68621095388357' 'present']
 ['11' '179.45497211993185' 'marauded']
 ['21' '187.67539226543954' 'marauded']
 ['18' '201.60191968847724' 'present']
 ['1' '206.03742546631693' 'present']
 ['4' '206.6406571544149' 'present']
 ['0' '232.5827439371349' 'present']
 ['14' '234.75619527914955' 'present']
 ['14' '240.42005564565167' 'present']
 ['14' '250.68082865301258' 'present']
 ['18' '257.8315805820427' 'present']
 ['21' '261.39863005101154' 'marauded']
 ['11' '261.6148986252617' 'presentdestroyed']
 ['22' '266.12704120104587' 'destroyed']
 ['1' '268.05509863677463' 'presentdestroyed']
 ['0' '270.3400501974009' 'present']
 ['18' '270.6620507086853' 'present']
 ['14' '271.34165337477754' 'present']
 ['22' '274.13695128579184' 'present']
 ['11' '278.4253657116183' 'marauded']
 ['13' '283.540953857954' 'presentdestroyed']
 ['8' '284.168301702835' 'presentdestroyed']
 ['1' '289.1954608350521' 'marauded']
 ['16' '295.75123255240044' 'destroyed']
 ['23' '296.65021436794916' 'presentdestroyed']
 ['13' '300.4436410825487' 'present']
 ['23' '300.7277238327094' 'present']
 ['16' '312.2593794359892' 'present']
 ['8' '320.39386116267343' 'present']
 ['8' '320.44015745896974' 'present']
 ['21' '321.3372665263883' 'present']
 ['13' '335.4233800287398' 'present']
 ['13' '336.2166427792838' 'present']
 ['22' '340.05907971841066' 'present']
 ['0' '344.57815518691757' 'present']
 ['11' '345.07317305408156' 'present']
 ['22' '348.6081935545903' 'present']]","[['F14' '5.196135585788819' 'absent']
 ['F91' '126.15034825065533' 'destroyed']
 ['F6' '165.37870210494847' 'mated']
 ['F126' '171.96757398733135' 'mated']
 ['F5' '173.26643496225657' 'mated']
 ['F23' '188.5759817939304' 'absentdestroyed']
 ['F119' '227.6233511146523' 'absent']
 ['F176' '231.58942821298933' 'mated']
 ['F27' '235.47700744354924' 'mated']]",560.0,70.86910952446534,14.792100634571081,1265.0,211.91866595620849,44.830605225300985,423.0,73.31749119046658,16.168057019989543,9.0,0.8999999999999999,0.09000000000000002,67.0,3.101851851851851,0.14360425240054867
4,0.054,13,359.9746537805924,"[['10' '26.19390957402342' 'marauded']
 ['13' '33.31637831755915' 'present']
 ['10' '39.46929313818773' 'present']
 ['1' '41.34071479863532' 'present']
 ['1' '43.64743753127883' 'marauded']
 ['15' '52.60252346832688' 'present']
 ['11' '61.113082134148975' 'marauded']
 ['11' '86.49117433083923' 'present']
 ['16' '87.29880544625819' 'present']
 ['14' '92.11506064796434' 'present']
 ['1' '93.0115663463171' 'present']
 ['14' '96.7406942605377' 'marauded']
 ['18' '98.43689461387109' 'presentdestroyed']
 ['13' '111.20966543158123' 'present']
 ['8' '118.71780926442973' 'present']
 ['14' '119.34572042650534' 'present']
 ['19' '123.81716488379568' 'present']
 ['1' '124.16641696892631' 'present']
 ['0' '135.04771370058498' 'present']
 ['22' '139.12369345925057' 'present']
 ['22' '142.5904361949314' 'present']
 ['16' '160.5047357291944' 'present']
 ['13' '162.74404509319098' 'marauded']
 ['21' '163.20221442962844' 'presentdestroyed']
 ['8' '163.54914612183248' 'presentdestroyed']
 ['0' '165.01500478361177' 'presentdestroyed']
 ['21' '169.52307257286742' 'destroyed']
 ['10' '176.03520057584262' 'marauded']
 ['22' '183.083344992079' 'presentdestroyed']
 ['19' '194.04729962749306' 'present']
 ['10' '197.9452828797375' 'present']
 ['23' '199.80700220250222' 'present']
 ['15' '221.22022286161817' 'marauded']
 ['16' '223.50521542389615' 'presentdestroyed']
 ['16' '226.16868265844337' 'destroyed']
 ['13' '235.81653508381206' 'marauded']
 ['1' '243.208944165685' 'presentdestroyed']
 ['22' '254.51277639935392' 'present']
 ['1' '284.195189003542' 'present']
 ['14' '286.5203863215687' 'present']
 ['16' '288.7464814457612' 'marauded']
 ['13' '306.1605309280378' 'present']
 ['13' '308.7230100110087' 'present']
 ['13' '314.4965764812236' 'present']
 ['23' '316.2510784024532' 'present']
 ['11' '319.52648883032066' 'present']
 ['19' '322.32115838054426' 'present']
 ['10' '325.87667020885897' 'present']
 ['5' '330.1428012007773' 'present']
 ['18' '344.8240974338225' 'marauded']
 ['0' '349.98263395435526' 'presentdestroyed']
 ['16' '352.3023670243337' 'present']]","[['F38' '71.69094469467403' 'mated']
 ['F192' '102.57283975508491' 'destroyed']
 ['F91' '126.17349639880348' 'mated']
 ['F16' '150.86892188559364' 'mated']
 ['F137' '158.77028663002824' 'absent']
 ['F145' '163.91159361378902' 'destroyed']
 ['F76' '183.64627693713118' 'mated']
 ['F21' '188.51066682488607' 'mated']
 ['F45' '188.7361607206813' 'mated']
 ['F102' '209.091619538932' 'mated']
 ['F203' '214.65699132011468' 'mated']
 ['F71' '252.8605363648649' 'mated']
 ['F85' '258.84461877437775' 'mated']
 ['F150' '276.6772253026881' 'mated']
 ['F75' '323.29122230632686' 'mated']
 ['F141' '330.0625089493119' 'mated']
 ['F147' '337.32940103192584' 'absent']]",567.0,70.95206642174651,15.048516569470541,1312.0,223.68459898961146,48.127299126815586,351.0,61.05190445709545,13.26616652825877,11.0,1.0999999999999999,0.11000000000000004,70.0,3.24074074074074,0.150034293552812
5,0.054,9,360.2891577559126,"[['23' '0.6973381049274315' 'marauded']
 ['4' '4.818324439586062' 'presentdestroyed']
 ['22' '11.16572144893354' 'present']
 ['14' '11.322182905090772' 'present']
 ['21' '29.33231006981912' 'present']
 ['19' '36.615130918421585' 'marauded']
 ['19' '40.459283273040775' 'presentdestroyed']
 ['3' '46.800686261033796' 'present']
 ['16' '51.797003323126276' 'present']
 ['8' '56.51167941449125' 'present']
 ['15' '56.51496866265875' 'present']
 ['8' '61.41686111793645' 'present']
 ['16' '65.1394860142325' 'present']
 ['3' '65.45452618412607' 'present']
 ['3' '68.8974020409311' 'present']
 ['10' '72.03987571097493' 'present']
 ['8' '77.42256336219548' 'present']
 ['19' '85.74189904019993' 'present']
 ['3' '90.209747912753' 'present']
 ['10' '94.43227132836759' 'marauded']
 ['19' '109.77078046450022' 'marauded']
 ['13' '114.54810000607748' 'presentdestroyed']
 ['3' '116.2559350746516' 'presentdestroyed']
 ['4' '123.28755520836181' 'present']
 ['23' '135.10983739039318' 'marauded']
 ['19' '138.3832152672425' 'destroyed']
 ['13' '142.642223308494' 'destroyed']
 ['16' '156.91509320694468' 'present']
 ['14' '158.9624467075726' 'marauded']
 ['22' '164.5171099254388' 'presentdestroyed']
 ['1' '167.72089342969426' 'present']
 ['14' '171.48710107489958' 'present']
 ['10' '184.2374771214302' 'marauded']
 ['16' '189.6424791414954' 'presentdestroyed']
 ['1' '196.61363113792814' 'marauded']
 ['11' '201.63071868155632' 'presentdestroyed']
 ['18' '208.37029177641722' 'present']
 ['23' '211.5909677692994' 'present']
 ['22' '215.83174255983894' 'marauded']
 ['13' '218.01319665088505' 'presentdestroyed']
 ['22' '224.77708273570948' 'marauded']
 ['21' '227.65463558974045' 'presentdestroyed']
 ['14' '235.1161027983872' 'present']
 ['11' '238.57136683811737' 'present']
 ['11' '254.03029049055323' 'marauded']
 ['21' '255.4733460694966' 'presentdestroyed']
 ['18' '274.89493064079556' 'present']
 ['22' '290.74077879160836' 'present']
 ['15' '296.1955324009959' 'present']
 ['19' '305.1418795778816' 'marauded']
 ['18' '312.58413100239557' 'presentdestroyed']
 ['19' '317.46388543098453' 'present']
 ['22' '319.03813382417104' 'present']
 ['4' '336.77819912716564' 'present']
 ['10' '338.07814655586463' 'marauded']
 ['0' '342.9570493935657' 'presentdestroyed']
 ['15' '347.91761717051077' 'present']
 ['16' '353.25728806186663' 'present']]","[['F122' '127.615881078365' 'absent']
 ['F138' '130.70594475046954' 'mated']
 ['F159' '149.97678539430197' 'mated']
 ['F89' '150.09494759865052' 'mated']
 ['F74' '167.7643302808304' 'mated']
 ['F123' '209.09890038820112' 'mated']
 ['F171' '210.91801877821365' 'mated']
 ['F181' '241.72463039939848' 'mated']
 ['F187' '260.71174469201344' 'destroyed']
 ['F51' '274.92850423348455' 'mated']
 ['F165' '279.5053152552732' 'mated']]",558.0,74.62268136332915,17.385635568349407,1220.0,202.4915214351383,42.637653069514414,458.0,79.59027820396611,17.289412747056783,8.0,0.7999999999999999,0.08000000000000002,58.0,2.6851851851851847,0.12431412894375864
6,0.0,7,360.1646782431494,"[['8' '16.31246981507321' 'present']
 ['10' '21.09830077713444' 'present']
 ['0' '21.138334446800155' 'present']
 ['10' '43.614989260285036' 'present']
 ['21' '52.263351262671' 'present']
 ['4' '54.55034266605551' 'present']
 ['5' '56.225121016283694' 'present']
 ['21' '57.49348514609234' 'present']
 ['16' '58.26361717520795' 'present']
 ['21' '65.04060536513872' 'present']
 ['5' '85.61447679177228' 'present']
 ['18' '87.07190990453003' 'present']
 ['18' '89.79490643678052' 'present']
 ['3' '97.4948304501938' 'present']
 ['23' '102.51027989885996' 'present']
 ['19' '115.90761014358688' 'present']
 ['15' '120.23922060523189' 'present']
 ['4' '121.18154360641432' 'present']
 ['0' '123.58642245941698' 'marauded']
 ['18' '129.55747779039717' 'presentdestroyed']
 ['8' '133.11372595291346' 'present']
 ['5' '133.19903723621476' 'present']
 ['10' '137.00848699266524' 'present']
 ['4' '150.67918824785127' 'present']
 ['21' '157.57552999702665' 'present']
 ['16' '163.87867815731173' 'present']
 ['18' '165.47176313602347' 'present']
 ['18' '179.90395864208043' 'present']
 ['10' '183.14274112005185' 'marauded']
 ['16' '202.83671274146383' 'present']
 ['19' '204.7277283334087' 'present']
 ['22' '206.90288432100851' 'present']
 ['8' '208.24225546078515' 'present']
 ['1' '208.47168673343018' 'present']
 ['8' '212.730085968086' 'marauded']
 ['5' '213.44861069171287' 'destroyed']
 ['19' '218.8850921214629' 'presentdestroyed']
 ['21' '219.15917762485515' 'presentdestroyed']
 ['22' '223.6699704566953' 'present']
 ['10' '227.3358761267865' 'marauded']
 ['16' '230.11001508280336' 'presentdestroyed']
 ['4' '254.47644171517442' 'present']
 ['23' '255.60345411068963' 'marauded']
 ['13' '261.54080215502916' 'presentdestroyed']
 ['11' '264.57671375055634' 'present']
 ['13' '264.93718551292443' 'present']
 ['14' '273.39825724714194' 'present']
 ['10' '274.6910324175157' 'present']
 ['0' '282.975920872245' 'present']
 ['5' '283.65371431706217' 'present']
 ['18' '286.4561033923291' 'present']
 ['14' '291.230541564701' 'present']
 ['22' '292.8603206138547' 'present']
 ['0' '295.85058716634177' 'present']
 ['19' '298.59995113752797' 'present']
 ['14' '298.6115712536194' 'present']
 ['23' '299.21477924364586' 'marauded']
 ['4' '307.10011429981097' 'present']
 ['21' '307.7217393915124' 'present']
 ['11' '310.8978194296438' 'present']
 ['18' '313.2953686833487' 'present']
 ['10' '339.7737542196855' 'present']
 ['4' '352.2356735338277' 'present']
 ['4' '353.5371616184713' 'present']
 ['16' '358.7059109205831' 'marauded']
 ['0' '359.70946482862934' 'destroyed']]","[['F26' '89.43059653976016' 'mated']
 ['F172' '106.22402954866733' 'mated']
 ['F122' '127.66217737466131' 'absentdestroyed']
 ['F136' '131.51941014984175' 'mated']
 ['F99' '138.94735739130567' 'absent']
 ['F197' '143.27727481403124' 'mated']
 ['F154' '155.39996051257882' 'mated']
 ['F137' '158.7934347781764' 'mated']
 ['F153' '186.12848623481767' 'destroyed']
 ['F162' '253.1262884241213' 'mated']]",552.0,70.20024330846557,14.515721670769633,1502.0,251.75801490945378,53.273302475624,207.0,38.129695657768735,8.405882608266163,0.0,0.0,0.0,0.0,0.0,0.0
7,0.0,4,360.20751084391674,"[['10' '3.7346395129595185' 'present']
 ['11' '13.520518667585744' 'present']
 ['15' '23.103643856197447' 'present']
 ['18' '25.226359879310735' 'marauded']
 ['0' '26.08135391557959' 'presentdestroyed']
 ['23' '36.54367440489641' 'present']
 ['8' '40.068644739340606' 'present']
 ['4' '40.63714867600907' 'present']
 ['0' '57.18750315017828' 'present']
 ['23' '63.183531848458415' 'present']
 ['8' '66.65289080815688' 'marauded']
 ['21' '67.95474902800063' 'destroyed']
 ['23' '71.75733502909601' 'presentdestroyed']
 ['4' '75.33172004617526' 'present']
 ['8' '77.17986600726901' 'present']
 ['0' '89.38695088167086' 'present']
 ['11' '89.97524012331665' 'present']
 ['21' '119.00771169215264' 'present']
 ['11' '122.80741987114833' 'present']
 ['4' '124.95154123741742' 'present']
 ['1' '147.5586981154287' 'present']
 ['18' '150.22609863757842' 'present']
 ['3' '151.6896339135595' 'present']
 ['4' '152.19647557797597' 'present']
 ['16' '153.8219450088487' 'marauded']
 ['21' '156.11573975603565' 'presentdestroyed']
 ['18' '156.26153862017867' 'presentdestroyed']
 ['22' '160.19175658233712' 'presentdestroyed']
 ['1' '168.551785630168' 'present']
 ['23' '172.10281302706892' 'marauded']
 ['11' '174.08908297056826' 'presentdestroyed']
 ['23' '176.8105190964675' 'destroyed']
 ['19' '176.84693804385327' 'presentdestroyed']
 ['19' '189.0056504958743' 'present']
 ['16' '203.23519454446358' 'present']
 ['23' '203.7831764732026' 'marauded']
 ['18' '209.78473526564838' 'presentdestroyed']
 ['8' '218.27408509224017' 'marauded']
 ['4' '218.91574740882587' 'presentdestroyed']
 ['14' '224.35977015139508' 'presentdestroyed']
 ['21' '241.0356753995844' 'present']
 ['11' '244.65656494351245' 'present']
 ['1' '249.86820340928497' 'present']
 ['13' '253.32644451107353' 'marauded']
 ['11' '256.1206532852232' 'presentdestroyed']
 ['4' '256.1232292999328' 'presentdestroyed']
 ['21' '257.5701978571528' 'destroyed']
 ['14' '286.3988801633129' 'present']
 ['8' '290.5458112217686' 'present']
 ['21' '301.1138221674204' 'present']
 ['4' '301.5504429368352' 'present']
 ['11' '309.79667414351644' 'present']
 ['18' '314.6802668765072' 'present']
 ['0' '330.90927977908797' 'marauded']
 ['23' '340.19881026644947' 'marauded']
 ['4' '341.4697907397519' 'presentdestroyed']
 ['3' '341.7635652237928' 'presentdestroyed']
 ['16' '357.8323236135046' 'marauded']]","[['F31' '118.59833321647284' 'mated']
 ['F116' '121.35535930393277' 'mated']
 ['F122' '127.63902922651316' 'absent']
 ['F202' '133.35906934832153' 'absent']
 ['F140' '159.96458247213687' 'destroyed']
 ['F63' '205.19545587405614' 'destroyed']
 ['F33' '210.1727240898585' 'destroyed']
 ['F115' '236.8653125169042' 'mated']
 ['F43' '257.27391715050345' 'destroyed']
 ['F157' '272.90190934410646' 'absent']
 ['F53' '326.5613896234381' 'mated']]",576.0,69.568538330217,13.558729737208562,1379.0,234.05859361629766,49.90239425503319,332.0,56.45349351265554,12.10830555356896,0.0,0.0,0.0,0.0,0.0,0.0
8,0.054,12,360.4774256305454,"[['19' '9.660558147184961' 'present']
 ['13' '30.291836604899835' 'marauded']
 ['14' '35.25455360204449' 'presentdestroyed']
 ['13' '37.06403963373866' 'destroyed']
 ['23' '48.15005373181619' 'marauded']
 ['18' '56.331135417416775' 'present']
 ['22' '56.89667798692097' 'present']
 ['21' '68.20506293607716' 'present']
 ['21' '73.93038180085847' 'present']
 ['15' '81.81413179088081' 'marauded']
 ['15' '83.15735843564372' 'presentdestroyed']
 ['22' '85.29235553400054' 'presentdestroyed']
 ['3' '86.57664980074685' 'presentdestroyed']
 ['14' '86.94221012526975' 'presentdestroyed']
 ['23' '87.35990532792813' 'destroyed']
 ['1' '95.79595115911937' 'present']
 ['18' '101.21525559137173' 'present']
 ['19' '105.83089361282514' 'present']
 ['22' '107.70291772333535' 'marauded']
 ['13' '114.45550741348487' 'destroyed']
 ['15' '126.12586213885969' 'present']
 ['19' '137.70498268939494' 'present']
 ['23' '140.57388033629866' 'present']
 ['11' '147.4661630293623' 'present']
 ['3' '148.66469623141776' 'marauded']
 ['22' '148.9332421629475' 'presentdestroyed']
 ['21' '150.1525145773158' 'presentdestroyed']
 ['22' '150.8501080715119' 'presentdestroyed']
 ['18' '158.08083121054062' 'present']
 ['13' '167.3248375748947' 'present']
 ['15' '170.6237359255063' 'present']
 ['3' '171.57625343398612' 'present']
 ['23' '176.8568153927638' 'marauded']
 ['18' '182.72357613310155' 'presentdestroyed']
 ['18' '183.41673437065288' 'destroyed']
 ['23' '185.4083894588336' 'present']
 ['4' '190.58269930133767' 'present']
 ['3' '203.40287835587532' 'present']
 ['4' '212.33914030572723' 'present']
 ['16' '220.78055338057854' 'present']
 ['13' '236.03520458831852' 'present']
 ['18' '236.65327406502192' 'present']
 ['13' '250.52824966037315' 'marauded']
 ['19' '251.30875195964964' 'presentdestroyed']
 ['3' '257.8578692039461' 'presentdestroyed']
 ['16' '258.0512589337011' 'present']
 ['4' '265.7407129290543' 'present']
 ['0' '280.2078184026789' 'present']
 ['21' '282.98720544057096' 'present']
 ['0' '292.52812107669865' 'present']
 ['10' '310.1332546251084' 'present']
 ['4' '310.88727004261636' 'present']
 ['4' '335.183202386553' 'present']
 ['4' '336.2951186122748' 'present']
 ['0' '338.5451302704612' 'present']
 ['10' '338.54845068562895' 'present']
 ['11' '344.5717446865283' 'marauded']
 ['15' '346.2814065121087' 'destroyed']
 ['13' '359.39415512256824' 'marauded']]","[['F35' '122.56917910107454' 'absent']
 ['F177' '123.77828760353954' 'mated']
 ['F202' '133.38221749646968' 'mated']
 ['F37' '137.64755896211474' 'mated']
 ['F131' '140.41819857340846' 'mated']
 ['F54' '142.36478171299916' 'mated']
 ['F143' '200.75489664372736' 'mated']
 ['F196' '201.11295861025758' 'mated']
 ['F62' '204.14957924973666' 'mated']
 ['F203' '214.61069502381838' 'absent']
 ['F88' '231.5807999329752' 'mated']
 ['F36' '245.06524309129537' 'mated']
 ['F187' '260.7348928401616' 'mated']
 ['F68' '281.46340550776216' 'mated']]",550.0,72.9913642516919,16.496233464756294,1355.0,232.63626779281793,50.006227598548016,293.0,49.257755912595755,10.224612695315056,15.0,1.5000000000000002,0.15000000000000008,81.0,3.749999999999999,0.1736111111111109
9,0.0,13,360.20649254353384,"[['19' '0.16436530248887457' 'present']
 ['1' '9.270451861892793' 'present']
 ['5' '9.74179527378517' 'marauded']
 ['18' '10.759601370363882' 'presentdestroyed']
 ['11' '31.782059960364776' 'present']
 ['19' '36.76142721471788' 'marauded']
 ['1' '37.65827090325201' 'destroyed']
 ['13' '41.38234425836805' 'presentdestroyed']
 ['0' '58.637195437944534' 'marauded']
 ['5' '58.876429127124574' 'presentdestroyed']
 ['5' '84.08167793473716' 'marauded']
 ['0' '103.17380236280817' 'present']
 ['10' '104.50565085844252' 'present']
 ['11' '104.58738145692958' 'present']
 ['15' '108.5007871703029' 'present']
 ['23' '111.03801009005016' 'present']
 ['13' '116.57123267551665' 'marauded']
 ['0' '125.31189513988734' 'present']
 ['14' '126.443059041425' 'marauded']
 ['19' '137.65868639309863' 'present']
 ['10' '145.29655711990097' 'present']
 ['16' '161.21548416407828' 'present']
 ['8' '170.0505921255524' 'marauded']
 ['14' '171.4078548134775' 'presentdestroyed']
 ['23' '179.70016493334373' 'present']
 ['15' '200.39888406051205' 'present']
 ['23' '208.6088934583093' 'present']
 ['13' '209.55306399904472' 'present']
 ['3' '212.42647423323706' 'present']
 ['1' '219.78007952482764' 'present']
 ['22' '219.97576164157147' 'marauded']
 ['18' '224.29743152516096' 'presentdestroyed']
 ['16' '238.3114589908424' 'marauded']
 ['23' '245.11500623555656' 'destroyed']
 ['0' '259.26060518138473' 'present']
 ['5' '276.61588629824945' 'present']
 ['19' '277.5804485885286' 'present']
 ['14' '288.7830500483407' 'present']
 ['0' '292.48182478040235' 'present']
 ['10' '297.40107450568723' 'marauded']
 ['15' '303.43086654008425' 'destroyed']
 ['16' '306.77644931442944' 'present']
 ['11' '321.73628582986925' 'present']
 ['4' '325.0541413613397' 'present']
 ['19' '325.29768771803754' 'present']
 ['1' '326.3778820304676' 'marauded']
 ['5' '328.2807702379757' 'presentdestroyed']
 ['10' '332.4230478754565' 'destroyed']
 ['18' '343.27021516798254' 'present']
 ['3' '357.78727222599457' 'present']
 ['5' '359.4317460025255' 'present']]","[['F213' '46.61514675904504' 'mated']
 ['F93' '66.61630227429364' 'destroyed']
 ['F125' '88.20736269396798' 'absentdestroyed']
 ['F55' '102.31221151672628' 'mated']
 ['F98' '107.37043861347733' 'mated']
 ['F163' '107.67301860767233' 'mated']
 ['F95' '142.9385274678205' 'mated']
 ['F52' '165.83955445337884' 'mated']
 ['F39' '172.99537849192365' 'destroyed']
 ['F117' '200.60968097247235' 'mated']
 ['F169' '206.86986324033413' 'mated']
 ['F189' '211.2189484130294' 'mated']
 ['F77' '235.33126499140283' 'mated']
 ['F179' '253.2540865487515' 'mated']
 ['F44' '258.89985544016446' 'mated']
 ['F150' '276.65407715453995' 'absent']
 ['F82' '281.3722180673342' 'mated']]",556.0,71.92661804847056,15.94975605447004,1287.0,220.82744940946478,47.73157587764803,384.0,67.42899314431736,15.133799742911092,0.0,0.0,0.0,0.0,0.0,0.0
10,0.054,6,360.5343385571884,"[['3' '0.719302170075102' 'present']
 ['11' '47.85723361039425' 'present']
 ['11' '56.33229890349799' 'present']
 ['11' '65.46789644048698' 'present']
 ['5' '67.3834423928362' 'present']
 ['3' '72.74901380149012' 'present']
 ['19' '72.94399440173304' 'present']
 ['16' '76.8824298886029' 'present']
 ['21' '77.66898460357936' 'present']
 ['15' '83.23162942836271' 'present']
 ['1' '96.69055958981468' 'marauded']
 ['23' '112.88511498918103' 'present']
 ['16' '120.75516806949791' 'present']
 ['23' '120.92804728903764' 'present']
 ['0' '127.29448231504014' 'present']
 ['16' '131.93901021432748' 'present']
 ['16' '136.50786211108138' 'present']
 ['19' '139.32094325970058' 'present']
 ['19' '140.49964049606857' 'present']
 ['8' '141.28183833852938' 'present']
 ['21' '148.11800914002532' 'present']
 ['8' '157.12704809262362' 'present']
 ['23' '168.1182246411474' 'marauded']
 ['13' '173.47922141771133' 'presentdestroyed']
 ['1' '176.5685822920335' 'present']
 ['11' '178.19001657680252' 'present']
 ['11' '182.04067672108937' 'present']
 ['21' '188.67233590049577' 'marauded']
 ['21' '192.44131420307124' 'presentdestroyed']
 ['19' '193.92698743342103' 'presentdestroyed']
 ['8' '195.31030814637856' 'presentdestroyed']
 ['13' '195.65096283952371' 'presentdestroyed']
 ['14' '201.33989442169243' 'present']
 ['16' '201.46961329882004' 'present']
 ['14' '204.29286152407485' 'marauded']
 ['19' '207.74924591806626' 'presentdestroyed']
 ['22' '215.49342134815467' 'marauded']
 ['13' '230.19338701308033' 'present']
 ['4' '234.64016927540234' 'present']
 ['4' '247.05582000361198' 'marauded']
 ['18' '251.69862142876707' 'presentdestroyed']
 ['0' '251.89335457344333' 'destroyed']
 ['21' '252.3316170026416' 'presentdestroyed']
 ['21' '257.086836934514' 'present']
 ['19' '264.4603335522932' 'present']
 ['8' '269.0107446828845' 'present']
 ['23' '281.35106905943735' 'marauded']
 ['14' '313.70142506868365' 'present']
 ['21' '325.18235127160125' 'present']
 ['15' '337.47871803781794' 'present']
 ['19' '339.1993107427778' 'present']
 ['8' '341.2616519994596' 'present']
 ['0' '341.4710933032418' 'present']
 ['14' '351.53524504772497' 'present']]","[['F164' '56.79563637390617' 'mated']
 ['F65' '149.7546198313567' 'absent']
 ['F140' '159.98773062028502' 'mated']
 ['F100' '180.1213715962899' 'mated']
 ['F182' '180.73874060540666' 'mated']
 ['F97' '209.37233613333274' 'destroyed']
 ['F112' '222.7944487520066' 'absentdestroyed']
 ['F27' '235.4538592954011' 'absent']
 ['F25' '244.5277683977253' 'mated']
 ['F162' '253.10314027597315' 'destroyed']
 ['F209' '270.38598031094176' 'mated']
 ['F101' '281.55180421269' 'absentdestroyed']]",564.0,70.58187222946685,14.5175001472495,1409.0,240.31701076443335,51.98725325494403,265.0,42.93791472404093,8.688424019172968,17.0,1.7000000000000004,0.1700000000000001,97.0,4.490740740740744,0.20790466392318205
11,0.054,7,360.2799164864199,"[['16' '3.414448939962105' 'present']
 ['13' '8.355895105277012' 'present']
 ['23' '15.869398159835582' 'present']
 ['4' '17.480095957506176' 'marauded']
 ['16' '18.20016077173896' 'presentdestroyed']
 ['22' '26.14678131693039' 'present']
 ['18' '28.254707341709825' 'present']
 ['15' '50.56186213957303' 'present']
 ['21' '77.18424433136394' 'present']
 ['10' '121.55843792549939' 'present']
 ['1' '129.21200861924757' 'present']
 ['21' '131.6666791766541' 'present']
 ['16' '132.48154019097854' 'marauded']
 ['19' '133.72554369059696' 'destroyed']
 ['13' '133.82132237813275' 'destroyed']
 ['23' '142.21871012691622' 'present']
 ['23' '149.88570276204172' 'present']
 ['0' '156.4418294031632' 'present']
 ['10' '160.33786161364438' 'present']
 ['19' '162.1951819021328' 'marauded']
 ['16' '169.17673946171112' 'presentdestroyed']
 ['19' '174.5048973103504' 'present']
 ['22' '174.9181222524274' 'present']
 ['23' '184.21980849448866' 'present']
 ['0' '188.77522370653597' 'marauded']
 ['1' '193.2875010905073' 'presentdestroyed']
 ['15' '205.2841661505699' 'present']
 ['10' '213.64598637539095' 'present']
 ['16' '214.92320572572925' 'present']
 ['10' '214.98785986958202' 'present']
 ['10' '215.31562756014097' 'marauded']
 ['8' '215.8711129180681' 'destroyed']
 ['14' '227.55022524803803' 'present']
 ['10' '236.3376701416305' 'present']
 ['18' '258.417679730076' 'present']
 ['3' '275.2797117787689' 'present']
 ['3' '286.92166966028805' 'marauded']
 ['14' '295.27699789178337' 'present']
 ['13' '320.53224276894485' 'present']
 ['5' '329.92694675416845' 'present']
 ['5' '330.61380469509083' 'present']
 ['14' '333.84256917844016' 'present']
 ['19' '339.2456070390741' 'present']
 ['13' '342.4019583306559' 'present']
 ['23' '358.3661393786421' 'marauded']
 ['0' '359.1612550123276' 'presentdestroyed']]","[['F215' '50.43944128495533' 'mated']
 ['F195' '87.21104286453914' 'mated']
 ['F198' '100.71889880392075' 'mated']
 ['F109' '126.55067559909023' 'mated']
 ['F180' '150.64817402809925' 'mated']
 ['F140' '159.94143432398872' 'absent']
 ['F153' '186.17478253111398' 'mated']
 ['F151' '294.15157000309' 'destroyed']
 ['F135' '295.33399963969646' 'mated']]",575.0,72.34323441185624,15.34091468498833,1456.0,242.72861383297266,51.58634835519764,230.0,38.40873220041173,8.07295882695419,18.0,1.8000000000000005,0.1800000000000001,104.0,4.814814814814821,0.22290809327846317
12,0.0,8,359.86979543573864,"[['0' '0.023148148148148147' 'marauded']
 ['15' '2.570453448246796' 'destroyed']
 ['23' '10.17399235963407' 'present']
 ['5' '22.011538424885394' 'present']
 ['5' '22.84442198558914' 'present']
 ['0' '27.356413398701374' 'present']
 ['14' '36.01076512758838' 'present']
 ['21' '36.080825125791044' 'present']
 ['1' '45.73528338057508' 'present']
 ['16' '46.06127321087127' 'present']
 ['23' '48.627880845671385' 'present']
 ['22' '56.14263172937735' 'present']
 ['1' '68.4286393750446' 'present']
 ['10' '69.86023364045037' 'present']
 ['23' '75.81119591785887' 'present']
 ['8' '80.77143239639236' 'present']
 ['4' '95.07590806473249' 'present']
 ['11' '96.31717517921015' 'present']
 ['22' '101.44886214060817' 'present']
 ['5' '106.14100253010565' 'present']
 ['14' '106.27233570301861' 'present']
 ['21' '106.68872313653955' 'present']
 ['22' '106.95287046329162' 'present']
 ['1' '115.67314339877116' 'present']
 ['1' '115.71943969506746' 'present']
 ['1' '119.69877177854568' 'marauded']
 ['19' '129.63186581636907' 'present']
 ['16' '131.89271391803118' 'present']
 ['23' '140.733921107241' 'present']
 ['13' '147.0780957317433' 'present']
 ['19' '147.9534603881027' 'present']
 ['10' '149.75992184826532' 'present']
 ['1' '161.81406204124983' 'marauded']
 ['13' '168.44959691202394' 'presentdestroyed']
 ['13' '168.6669194714226' 'presentdestroyed']
 ['5' '192.05340491329014' 'present']
 ['1' '193.36126007934428' 'present']
 ['15' '202.88338186589354' 'present']
 ['4' '206.5943608581186' 'present']
 ['18' '209.64970467107528' 'present']
 ['18' '211.1272191835541' 'present']
 ['1' '217.0613298969196' 'present']
 ['15' '232.73218096913791' 'present']
 ['11' '239.68141069436032' 'present']
 ['11' '240.32840933059492' 'present']
 ['21' '242.10627544392673' 'present']
 ['0' '244.99260133025095' 'present']
 ['0' '251.07540398671287' 'present']
 ['11' '255.59642926900398' 'present']
 ['18' '262.5533631630952' 'present']
 ['13' '262.67831585606234' 'marauded']
 ['13' '265.4252709771766' 'destroyed']
 ['11' '274.9553659946596' 'present']
 ['3' '275.2334154824726' 'present']
 ['5' '276.56959000195315' 'present']
 ['19' '279.26120636756093' 'present']
 ['13' '299.35999313460525' 'present']
 ['3' '305.0171548639938' 'present']
 ['16' '324.3325783627416' 'present']
 ['21' '329.56250753671554' 'present']
 ['10' '336.86295935110553' 'marauded']
 ['11' '339.55590025093767' 'presentdestroyed']
 ['0' '346.555988417028' 'present']]","[['F13' '14.272931962934049' 'mated']
 ['F142' '64.71536452283067' 'mated']
 ['F214' '110.60923916869797' 'mated']
 ['F121' '115.39249902286386' 'absent']
 ['F59' '179.91673166020684' 'mated']
 ['F66' '224.10763140828854' 'mated']
 ['F124' '290.3977576920067' 'mated']
 ['F156' '301.8646186149694' 'mated']
 ['F80' '325.0957874313426' 'mated']]",575.0,72.64385875955034,14.90753434485941,1491.0,256.8612803017956,55.735232123947966,184.0,30.557135889522616,6.824105186535011,0.0,0.0,0.0,0.0,0.0,0.0
13,0.054,13,360.15190742967377,"[['11' '3.62108379776748' 'present']
 ['23' '6.570952269190379' 'present']
 ['10' '18.398774416929793' 'present']
 ['4' '22.69788389159657' 'marauded']
 ['16' '24.92754830471693' 'destroyed']
 ['22' '28.630405899339323' 'presentdestroyed']
 ['14' '42.30301734496098' 'present']
 ['11' '44.01572525042651' 'present']
 ['0' '56.727017201212945' 'present']
 ['3' '66.48068295760734' 'present']
 ['11' '73.8336219532915' 'present']
 ['23' '76.8947039241659' 'marauded']
 ['8' '78.86273900889158' 'presentdestroyed']
 ['19' '97.20284586198159' 'marauded']
 ['14' '100.11973626475881' 'presentdestroyed']
 ['14' '103.00418557229719' 'presentdestroyed']
 ['4' '105.9832778408043' 'present']
 ['23' '110.04646317812427' 'present']
 ['22' '115.62813715496624' 'present']
 ['23' '120.61311568993408' 'present']
 ['10' '137.66894974152729' 'present']
 ['23' '138.49588357025348' 'present']
 ['3' '143.23959204305572' 'present']
 ['16' '150.76120924234948' 'present']
 ['18' '153.03078532842605' 'marauded']
 ['23' '155.26799932066007' 'presentdestroyed']
 ['19' '158.3923236241674' 'presentdestroyed']
 ['15' '162.09130589810673' 'present']
 ['8' '164.67057288952262' 'present']
 ['15' '165.68632117044677' 'present']
 ['21' '171.0298969896233' 'present']
 ['3' '176.3559528870333' 'present']
 ['23' '185.3620931625373' 'present']
 ['8' '188.37543579509074' 'present']
 ['15' '197.8400791310423' 'present']
 ['1' '200.90084521706106' 'marauded']
 ['16' '201.11329026943517' 'presentdestroyed']
 ['4' '203.93726723427642' 'destroyed']
 ['8' '216.9966573127124' 'present']
 ['14' '224.04296031556314' 'present']
 ['14' '233.61456252206298' 'present']
 ['8' '237.2851921702633' 'marauded']
 ['5' '248.8390794670801' 'present']
 ['5' '272.50082555282995' 'marauded']
 ['19' '272.93836410753505' 'presentdestroyed']
 ['8' '278.20517423520437' 'destroyed']
 ['22' '284.69271959855394' 'present']
 ['16' '285.40355971696755' 'present']
 ['1' '285.40404006733417' 'present']
 ['22' '290.59448249531204' 'marauded']
 ['18' '290.7749744054338' 'presentdestroyed']
 ['14' '295.1319690436952' 'presentdestroyed']
 ['4' '306.3015312719781' 'present']
 ['11' '309.3040809629805' 'present']
 ['11' '310.8515231333475' 'present']
 ['0' '341.86277209406387' 'present']
 ['4' '342.40040422927643' 'marauded']
 ['11' '351.45920667186414' 'present']
 ['11' '356.5625809680803' 'present']]","[['F34' '40.851773289226166' 'mated']
 ['F93' '66.6394504224418' 'mated']
 ['F199' '85.96586015240024' 'mated']
 ['F192' '102.59598790323307' 'destroyed']
 ['F81' '128.7264663063205' 'mated']
 ['F166' '137.08743721422908' 'mated']
 ['F99' '138.97050553945382' 'mated']
 ['F183' '177.6150925167559' 'mated']
 ['F153' '186.15163438296582' 'absent']
 ['F190' '189.29175815228697' 'mated']
 ['F185' '196.04244686534847' 'mated']
 ['F63' '205.24175217035244' 'destroyed']
 ['F15' '215.09491418879304' 'mated']
 ['F27' '235.43071114725294' 'absent']
 ['F179' '253.23093840060335' 'absent']
 ['F58' '253.99736259614713' 'mated']
 ['F86' '317.47420727178036' 'mated']
 ['F204' '352.8935710706344' 'mated']]",559.0,69.75432928745543,14.85116976944516,1338.0,229.61226114464048,49.438206340871254,330.0,54.74073106966741,11.671031581633562,16.0,1.6000000000000003,0.1600000000000001,94.0,4.351851851851854,0.2014746227709187
14,0.054,7,359.92789064186695,"[['22' '7.83600647736966' 'present']
 ['13' '15.226746011533534' 'present']
 ['18' '21.838353454639023' 'present']
 ['11' '28.173392218394234' 'present']
 ['19' '28.185159636285707' 'present']
 ['8' '42.992708753017126' 'present']
 ['16' '43.708275738518836' 'present']
 ['0' '45.5381782803003' 'present']
 ['11' '54.74782595142319' 'marauded']
 ['11' '79.30108105295776' 'present']
 ['0' '89.21087462452535' 'present']
 ['0' '103.12750606651187' 'present']
 ['18' '107.90977528788113' 'present']
 ['5' '122.23317843573827' 'present']
 ['21' '132.23125037387547' 'present']
 ['13' '136.09184549111714' 'marauded']
 ['13' '139.60488888795865' 'destroyed']
 ['8' '144.1352473241979' 'marauded']
 ['4' '150.1543629147262' 'presentdestroyed']
 ['3' '152.71129650401173' 'present']
 ['23' '153.70886272267555' 'present']
 ['15' '160.31237733466745' 'present']
 ['10' '161.04045344971487' 'present']
 ['18' '162.34680722806232' 'present']
 ['1' '171.91503609728684' 'present']
 ['13' '181.15999418696046' 'present']
 ['5' '183.11729824124393' 'present']
 ['0' '186.2886936881486' 'present']
 ['8' '187.69978770485196' 'present']
 ['15' '190.0739590664036' 'present']
 ['8' '194.77912845507007' 'present']
 ['4' '202.6098865433493' 'present']
 ['4' '206.94254637998264' 'marauded']
 ['21' '207.1188179594566' 'presentdestroyed']
 ['23' '224.89702218722036' 'present']
 ['19' '230.09071227295044' 'present']
 ['19' '249.6271809148973' 'present']
 ['18' '275.20759156911527' 'present']
 ['8' '276.42232594004525' 'present']
 ['11' '301.707311703111' 'marauded']
 ['1' '308.63903861654245' 'destroyed']
 ['19' '322.4856444001969' 'present']
 ['11' '325.04686105063405' 'marauded']
 ['11' '339.602196547234' 'present']
 ['23' '344.44381683397455' 'present']
 ['18' '345.71002630957554' 'present']
 ['18' '352.8888839083051' 'present']]","[['F0' '61.523631888088566' 'destroyed']
 ['F212' '66.13198682717753' 'mated']
 ['F207' '68.51757102564831' 'mated']
 ['F83' '110.67163808607376' 'mated']
 ['F31' '118.57518506832469' 'absent']
 ['F129' '147.34462251333926' 'destroyed']
 ['F89' '150.04865130235422' 'destroyed']
 ['F203' '214.56439872752208' '']
 ['F66' '224.0844832601404' 'absent']
 ['F119' '227.64649926280046' 'mated']
 ['F188' '244.77433413526637' 'mated']
 ['F205' '276.40834289862494' 'mated']
 ['F155' '342.834057815828' 'mated']]",574.0,72.20573863062599,14.805413161893252,1455.0,245.4821700868183,52.49982430235193,218.0,36.83205238496251,8.054064980157209,15.0,1.5000000000000002,0.15000000000000008,89.0,4.12037037037037,0.19075788751714648
15,0.054,10,360.39180926567343,"[['16' '2.6446969325605862' 'present']
 ['22' '3.0428502215548687' 'present']
 ['3' '23.911512334389656' 'present']
 ['5' '35.02406943361894' 'present']
 ['18' '40.04948934225496' 'present']
 ['19' '43.80158486346664' 'present']
 ['16' '53.80482424750384' 'present']
 ['0' '60.823615697788156' 'present']
 ['23' '69.66362588903084' 'present']
 ['3' '88.19560169454384' 'present']
 ['5' '90.2474735060592' 'marauded']
 ['13' '91.75548054162321' 'presentdestroyed']
 ['18' '99.30369833051326' 'present']
 ['22' '104.11492552757115' 'present']
 ['21' '108.040052212515' 'present']
 ['0' '123.31537540278197' 'present']
 ['11' '128.40277687428087' 'marauded']
 ['14' '132.62171610189102' 'presentdestroyed']
 ['19' '139.73565430066267' 'marauded']
 ['18' '140.6930827579534' 'presentdestroyed']
 ['8' '143.26724773934362' 'presentdestroyed']
 ['11' '156.3050309663294' 'present']
 ['0' '160.62488120702557' 'present']
 ['10' '165.48724151986' 'present']
 ['21' '170.2411921803289' 'present']
 ['11' '172.16185201222936' 'present']
 ['4' '174.32031974229596' 'present']
 ['3' '176.62499316301597' 'marauded']
 ['11' '180.0920962828293' 'presentdestroyed']
 ['8' '193.59101118773546' 'present']
 ['19' '200.09279075603948' 'present']
 ['22' '201.78792012478266' 'present']
 ['4' '208.19997152249897' 'present']
 ['22' '221.85286529543748' 'marauded']
 ['10' '239.7284387083372' 'present']
 ['10' '245.27698482892623' 'present']
 ['1' '246.58085375767794' 'marauded']
 ['1' '258.9707209350358' 'present']
 ['16' '261.2371513984904' 'present']
 ['18' '262.5996594593915' 'marauded']
 ['14' '267.2743665913243' 'destroyed']
 ['3' '276.27163397666084' 'present']
 ['23' '277.7391719322533' 'marauded']
 ['1' '279.7797917106046' 'destroyed']
 ['16' '283.1818181154752' 'presentdestroyed']
 ['4' '288.22725389041733' 'marauded']
 ['22' '289.105735251066' 'presentdestroyed']
 ['10' '289.57194216422016' 'presentdestroyed']
 ['14' '289.71612672918735' 'presentdestroyed']
 ['10' '292.9612024123735' 'presentdestroyed']
 ['0' '305.99700439136194' 'present']
 ['4' '313.96489838794065' 'marauded']
 ['19' '319.04639595336425' 'presentdestroyed']
 ['23' '323.1513472776977' 'marauded']
 ['1' '327.1230569453962' 'presentdestroyed']
 ['11' '333.50160711950593' 'present']
 ['10' '337.6251317540239' 'present']
 ['10' '342.1718444893699' 'present']
 ['13' '355.8141483663966' 'present']
 ['3' '356.1307844736043' 'present']]","[['F90' '69.36243309700443' 'mated']
 ['F210' '107.89826849470245' 'mated']
 ['F16' '150.84577373744548' 'absent']
 ['F79' '161.8758340641679' 'mated']
 ['F132' '163.78558500645642' 'mated']
 ['F144' '174.33555478023828' 'mated']
 ['F182' '180.7155924572585' 'absentdestroyed']
 ['F72' '198.77848525403843' 'mated']
 ['F200' '207.4971401349615' 'mated']
 ['F112' '222.77130060385844' 'absentdestroyed']
 ['F66' '224.06133511199224' 'destroyed']
 ['F19' '240.1632091555985' 'mated']
 ['F157' '272.9250574922546' 'mated']
 ['F151' '294.12842185494185' 'destroyed']
 ['F135' '295.3108514915483' 'absentdestroyed']
 ['F8' '297.37678243676385' 'mated']
 ['F156' '301.84147046682125' 'absent']]",574.0,70.25786112402992,13.964067376927119,1328.0,218.84277208482928,45.403493971147654,404.0,67.36239274069654,14.118631032874747,9.0,0.8999999999999999,0.09000000000000002,59.0,2.731481481481481,0.1264574759945131
16,0.054,8,360.227089892601,"[['13' '0.32380535702119706' 'present']
 ['15' '9.32570986738809' 'marauded']
 ['1' '11.148622826205171' 'destroyed']
 ['14' '11.275886608794474' 'presentdestroyed']
 ['14' '22.089106226462047' 'present']
 ['0' '33.32838955164102' 'marauded']
 ['13' '37.72636030426742' 'presentdestroyed']
 ['1' '40.81756112514945' 'present']
 ['13' '43.26059286879757' 'present']
 ['1' '43.793733827575124' 'present']
 ['3' '53.98216856483264' 'present']
 ['10' '68.3283873257992' 'present']
 ['4' '87.21004644509115' 'present']
 ['11' '93.53313625908737' 'present']
 ['0' '101.88871932452399' 'present']
 ['19' '104.65099499881023' 'present']
 ['14' '105.88565628540265' 'marauded']
 ['0' '107.8005445186827' 'presentdestroyed']
 ['8' '118.30665307247261' 'present']
 ['1' '121.62399825099412' 'present']
 ['1' '123.7501002958072' 'marauded']
 ['0' '142.3614812322438' 'marauded']
 ['10' '161.128755327464' 'present']
 ['0' '165.44050876227203' 'present']
 ['8' '171.65834636024448' 'present']
 ['3' '179.46921476015987' 'present']
 ['13' '194.23700949014165' 'present']
 ['23' '203.45164931572856' 'present']
 ['0' '217.30974340248954' 'present']
 ['14' '238.39327768463897' 'marauded']
 ['23' '249.15098915335395' 'present']
 ['19' '249.9282350604813' 'present']
 ['13' '250.27490937992346' 'present']
 ['0' '251.93965086973964' 'present']
 ['18' '253.0542772022318' 'present']
 ['15' '262.6062974327273' 'marauded']
 ['21' '269.75201461412615' 'presentdestroyed']
 ['22' '271.3511486547633' 'present']
 ['14' '288.19235962263025' 'present']
 ['22' '306.0456477066243' 'present']
 ['19' '318.9606857736965' 'present']
 ['21' '323.5950700246483' 'present']
 ['13' '323.83701352169027' 'present']
 ['8' '341.806016951885' 'marauded']
 ['18' '344.0713383223569' 'presentdestroyed']
 ['11' '346.9464843479112' 'presentdestroyed']
 ['15' '351.27653047348974' 'present']]","[['F0' '61.54678003623671' 'mated']
 ['F48' '102.48604697622771' 'mated']
 ['F30' '147.32044027779162' 'absentdestroyed']
 ['F193' '157.06426079848484' 'mated']
 ['F2' '169.98152793181424' 'mated']
 ['F63' '205.2649003185006' 'mated']
 ['F33' '210.19587223800664' 'mated']
 ['F176' '231.56628006484118' 'absent']
 ['F36' '245.01894679499907' 'absentdestroyed']
 ['F11' '253.11502433237442' 'mated']
 ['F156' '301.8183223186731' 'absent']
 ['F147' '337.352549180074' 'mated']]",569.0,68.06879447930949,13.598300988824557,1378.0,237.52514320706942,51.2373237986727,278.0,49.2259705490004,10.759659296483562,13.0,1.3,0.13000000000000006,88.0,4.0740740740740735,0.18861454046639203
17,0.0,10,360.0808196904182,"[['8' '1.0237941331009968' 'present']
 ['18' '3.2451458960987' 'present']
 ['14' '10.854708130579512' 'present']
 ['11' '13.474222371289446' 'present']
 ['15' '14.150676555691648' 'marauded']
 ['19' '24.920801251394796' 'present']
 ['11' '34.8976940717375' 'present']
 ['8' '40.533744371055924' 'present']
 ['21' '42.86955362567283' 'present']
 ['8' '48.14855604563793' 'present']
 ['8' '62.02377713571565' 'present']
 ['10' '71.24133859731494' 'present']
 ['10' '115.44083804191759' 'present']
 ['19' '116.37130936094826' 'present']
 ['19' '121.33038634151715' 'present']
 ['4' '131.6486554493907' 'present']
 ['5' '144.03696904171613' 'present']
 ['13' '147.87504536566686' 'marauded']
 ['23' '148.8462718438022' 'presentdestroyed']
 ['15' '149.49399586570465' 'presentdestroyed']
 ['16' '163.7684313843168' 'present']
 ['10' '165.62727775558724' 'present']
 ['0' '169.58887159143973' 'present']
 ['16' '188.86782967607846' 'present']
 ['8' '194.59423844896386' 'present']
 ['23' '202.5934698413332' 'present']
 ['5' '211.78604015883613' 'present']
 ['8' '224.9780705006389' 'present']
 ['18' '230.53019067153113' 'marauded']
 ['4' '231.123917494009' 'presentdestroyed']
 ['14' '239.5192084440189' 'present']
 ['19' '241.80073233606393' 'present']
 ['8' '244.36772140940988' 'present']
 ['23' '246.9871021996907' 'present']
 ['14' '254.79650913290007' 'present']
 ['16' '272.98576462262895' 'marauded']
 ['21' '276.5279325008964' 'presentdestroyed']
 ['23' '278.74955017904733' 'destroyed']
 ['3' '300.98016727399073' 'marauded']
 ['14' '301.72706168774175' 'presentdestroyed']
 ['19' '310.26585036172986' 'present']
 ['16' '316.62391833510384' 'present']
 ['11' '318.2903804793288' 'present']
 ['13' '335.07246920988786' 'present']
 ['19' '348.77992257295864' 'present']
 ['3' '349.779477252712' 'present']]","[['F60' '63.142437174767984' 'mated']
 ['F208' '100.10383208814879' 'mated']
 ['F35' '122.59232724922269' 'mated']
 ['F113' '149.24980781302142' 'absentdestroyed']
 ['F65' '149.77776797950486' 'destroyed']
 ['F89' '150.07179945050237' 'absentdestroyed']
 ['F6' '165.35555395680032' 'absent']
 ['F191' '167.0632017682153' 'mated']
 ['F69' '171.03001794549039' 'mated']
 ['F84' '189.51864361840916' 'mated']
 ['F24' '191.34785610482277' 'mated']
 ['F175' '255.64044557941725' 'mated']
 ['F87' '282.2968873470009' 'mated']
 ['F29' '327.3670233120222' 'mated']]",564.0,70.9763442877055,14.908161082749752,1476.0,258.35089171802696,56.502509635987956,179.0,30.67810337365965,7.171373254765379,0.0,0.0,0.0,0.0,0.0,0.0
18,0.054,9,360.5092378392051,"[['4' '5.7502911603691595' 'present']
 ['23' '16.29447286236524' 'present']
 ['16' '28.075893456370633' 'present']
 ['3' '31.676290743215446' 'marauded']
 ['11' '33.717269074982624' 'destroyed']
 ['15' '38.26831174180931' 'presentdestroyed']
 ['11' '43.29060740258099' 'present']
 ['14' '43.60847417438397' 'present']
 ['19' '60.22125805960308' 'present']
 ['5' '61.84367093332162' 'marauded']
 ['22' '70.93919179874867' 'marauded']
 ['19' '96.60204903442326' 'present']
 ['13' '109.70299394762868' 'present']
 ['10' '109.74992950508503' 'present']
 ['0' '121.87304092427945' 'present']
 ['8' '129.8161410318203' 'marauded']
 ['14' '133.9690345523594' 'destroyed']
 ['16' '135.00662728446295' 'presentdestroyed']
 ['23' '135.98390512266334' 'presentdestroyed']
 ['15' '150.31796875970255' 'present']
 ['13' '168.51893753356063' 'present']
 ['3' '202.27033736255393' 'present']
 ['11' '211.4351555405983' 'present']
 ['21' '215.65257564111792' 'present']
 ['22' '225.39351757439374' 'present']
 ['3' '226.63377746011687' 'present']
 ['22' '228.36606640788014' 'present']
 ['4' '231.74496146688074' 'present']
 ['21' '236.65877584121313' 'marauded']
 ['0' '251.45302577931525' 'present']
 ['0' '255.12380016657534' 'present']
 ['10' '264.0287603093573' 'present']
 ['14' '278.4475401211978' 'marauded']
 ['11' '295.4406629984617' 'marauded']
 ['10' '299.21821888991974' 'presentdestroyed']
 ['4' '303.32847752437027' 'present']
 ['21' '319.4486600087754' 'present']
 ['10' '324.8423159204899' 'present']
 ['21' '330.8078346492377' 'present']
 ['16' '335.02228492723003' 'marauded']
 ['3' '340.388224068938' 'presentdestroyed']
 ['10' '344.1017733518117' 'present']
 ['11' '351.8208602488221' 'present']
 ['22' '353.95088339286565' 'marauded']
 ['11' '356.3599969184729' 'presentdestroyed']]","[['F7' '4.694747187584649' 'mated']
 ['F14' '5.219283733936967' 'mated']
 ['F114' '97.78480750145376' 'absent']
 ['F103' '171.93082635062592' 'mated']
 ['F21' '188.48751867673792' 'absent']
 ['F57' '220.02606745263213' 'mated']
 ['F112' '222.81759690015474' 'mated']
 ['F40' '234.24458585142912' 'mated']
 ['F188' '244.75118598711822' '']
 ['F4' '268.53777691418367' 'mated']
 ['F110' '307.35982576683153' 'mated']
 ['F211' '326.8227826055821' 'mated']]",572.0,72.83542848440392,14.605675365579902,1365.0,229.11167831213098,48.69930360036991,305.0,53.68395010200237,12.014707049663038,9.0,0.8999999999999999,0.09000000000000002,77.0,3.564814814814814,0.16503772290809313
19,0.054,15,360.0891336916524,"[['11' '0.5395780944498012' 'marauded']
 ['16' '4.407064265892892' 'presentdestroyed']
 ['13' '7.931554633237029' 'presentdestroyed']
 ['8' '13.769147696011078' 'marauded']
 ['8' '16.266173518776913' 'presentdestroyed']
 ['8' '16.883347673087293' 'presentdestroyed']
 ['21' '45.72412089407278' 'present']
 ['10' '50.12267601929395' 'present']
 ['4' '61.07630253795849' 'marauded']
 ['21' '75.68052467287637' 'marauded']
 ['11' '75.7030607533122' 'destroyed']
 ['16' '80.42395088688366' 'presentdestroyed']
 ['10' '87.66504837284246' 'present']
 ['5' '89.36820633109647' 'present']
 ['1' '97.01825209449679' 'present']
 ['15' '99.37918842381268' 'present']
 ['22' '107.65662142703904' 'present']
 ['8' '115.82631397503064' 'present']
 ['5' '120.80184808764443' 'present']
 ['14' '122.73779874945949' 'present']
 ['14' '123.69276144737914' 'present']
 ['5' '124.42387022921788' 'present']
 ['13' '141.4615315188926' 'present']
 ['23' '143.9767210810115' 'present']
 ['22' '146.43120073046666' 'present']
 ['11' '149.06725271062547' 'present']
 ['11' '162.2088180121473' 'marauded']
 ['1' '169.2957944232518' 'present']
 ['8' '171.61205006394817' 'present']
 ['0' '188.194771214106' 'present']
 ['16' '190.44851405757677' 'present']
 ['18' '193.96926289416558' 'present']
 ['18' '198.3284177775742' 'present']
 ['1' '203.8939081787972' 'present']
 ['8' '215.59193117701395' 'present']
 ['15' '220.6731981708207' 'present']
 ['11' '232.4115339418983' 'present']
 ['1' '241.79657815538374' 'marauded']
 ['0' '268.64264046111185' 'present']
 ['18' '269.1722270536872' 'present']
 ['3' '272.4213387083846' 'present']
 ['8' '286.2190001536263' 'present']
 ['0' '287.3425833392368' 'marauded']
 ['14' '288.14606332633394' 'presentdestroyed']
 ['10' '292.35483368707867' 'destroyed']
 ['11' '296.8842009972022' 'present']
 ['22' '300.1960096944562' 'present']
 ['13' '300.489937378845' 'present']
 ['5' '303.32810089344' 'present']
 ['15' '303.47716283638056' 'present']
 ['5' '303.62319108060507' 'present']
 ['1' '313.42827820556465' 'present']
 ['0' '314.5340185933614' 'present']
 ['8' '317.75425343603195' 'present']
 ['22' '318.8420588784674' 'present']
 ['16' '321.4838045521668' 'present']
 ['18' '334.75119626491875' 'present']
 ['22' '336.52446986752165' 'present']
 ['16' '337.631813986931' 'present']
 ['23' '339.703801995327' 'present']
 ['18' '343.22391887168624' 'present']
 ['11' '351.50550296816044' 'marauded']
 ['3' '352.17319658556255' 'presentdestroyed']
 ['11' '354.5125522584558' 'presentdestroyed']
 ['0' '358.8536361806534' 'destroyed']]","[['F67' '30.780525974424272' 'mated']
 ['F64' '116.96446752735034' 'mated']
 ['F186' '119.38697214570675' 'mated']
 ['F78' '131.76546773282791' 'mated']
 ['F50' '132.72366105298266' 'mated']
 ['F113' '149.27295596116957' 'mated']
 ['F145' '163.93474176193718' 'destroyed']
 ['F2' '169.9583797836661' 'absent']
 ['F28' '173.57271398565126' 'mated']
 ['F133' '186.87512488431813' 'mated']
 ['F23' '188.55283364578224' 'absent']
 ['F1' '229.67973629141844' 'mated']
 ['F18' '229.97243435375287' 'mated']
 ['F61' '230.47645891248678' 'mated']
 ['F36' '244.99579864685091' 'destroyed']
 ['F104' '252.87988459702393' 'mated']
 ['F9' '264.59464955973584' 'mated']
 ['F42' '295.8782133904944' 'mated']
 ['F152' '330.8778572952699' 'mated']]",581.0,68.63192948294422,12.998947555283264,1414.0,237.59068681348273,50.4800455915654,292.0,49.11979467876578,10.787594296503533,8.0,0.7999999999999999,0.08000000000000002,84.0,3.888888888888888,0.18004115226337425
20,0.0,7,360.42348825655614,"[['22' '2.3197516147120436' 'present']
 ['22' '12.42676504041656' 'present']
 ['15' '14.712874118304423' 'present']
 ['14' '24.665524212163774' 'marauded']
 ['15' '26.036596768631178' 'destroyed']
 ['0' '30.77054403726324' 'presentdestroyed']
 ['10' '33.66914401387141' 'present']
 ['15' '34.644097363064375' 'present']
 ['8' '56.55797571078754' 'present']
 ['11' '56.842024143192695' 'present']
 ['19' '56.939062200603736' 'present']
 ['3' '71.90109584834423' 'marauded']
 ['10' '76.69005880012253' 'presentdestroyed']
 ['16' '90.71142094537366' 'present']
 ['11' '90.82978512572657' 'present']
 ['22' '98.21162460662367' 'present']
 ['8' '103.08864150824347' 'marauded']
 ['5' '104.47435565009724' 'presentdestroyed']
 ['11' '112.8255478481959' 'present']
 ['22' '117.06834260620704' 'present']
 ['11' '121.35996170089551' 'present']
 ['22' '121.52150399711759' 'present']
 ['15' '124.09468384619741' 'present']
 ['22' '150.8964043678082' 'present']
 ['13' '162.94989798064603' 'present']
 ['1' '163.10643441785604' 'present']
 ['16' '165.21358283460597' 'present']
 ['16' '166.7171446777042' 'present']
 ['15' '168.57824219431157' 'present']
 ['22' '171.30729556247115' 'present']
 ['13' '172.97132860183973' 'present']
 ['13' '173.43292512141502' 'present']
 ['14' '182.28897343844196' 'marauded']
 ['14' '185.8174399009726' 'destroyed']
 ['22' '195.14390336832966' 'present']
 ['16' '197.63273220596966' 'present']
 ['14' '199.20817799205474' 'marauded']
 ['0' '202.18602376695466' 'presentdestroyed']
 ['8' '221.13539272798602' 'present']
 ['18' '222.68568721693725' 'present']
 ['22' '224.73078643941318' 'present']
 ['5' '233.1167466383116' 'marauded']
 ['14' '241.47669872285874' 'present']
 ['4' '246.38130197853545' 'present']
 ['22' '265.5394858996141' 'present']
 ['5' '267.5261437950428' 'marauded']
 ['21' '275.15054385457216' 'marauded']
 ['14' '277.43317632126474' 'presentdestroyed']
 ['16' '284.3661795848429' 'marauded']
 ['8' '304.05795096973685' 'present']
 ['21' '304.6732393941535' 'present']
 ['21' '304.7195356904498' 'present']
 ['3' '310.61106238230036' 'present']
 ['13' '312.78794074303084' 'present']
 ['22' '313.5954200870033' 'present']
 ['10' '315.93208647853345' 'marauded']
 ['13' '316.4049522778006' 'presentdestroyed']
 ['10' '317.68720758925775' 'presentdestroyed']
 ['19' '320.38184789004464' 'presentdestroyed']
 ['8' '320.48645375526604' 'presentdestroyed']
 ['8' '322.80835157313214' 'destroyed']
 ['0' '331.2687772349216' 'present']
 ['22' '331.36612637983137' 'present']]","[['F10' '130.9094982855838' 'mated']
 ['F184' '136.51213579503096' 'mated']
 ['F201' '139.8430816303379' 'mated']
 ['F145' '163.95788991008533' 'mated']
 ['F47' '165.82644630547364' 'mated']
 ['F22' '184.07922427677818' 'destroyed']
 ['F169' '206.84671509218597' 'destroyed']
 ['F97' '209.3954842814809' 'mated']
 ['F3' '232.6561879409079' 'mated']]",564.0,74.20887452006556,15.655934741568762,1338.0,224.9143785908059,47.28597651269244,355.0,61.016600987676604,13.044988802776997,0.0,0.0,0.0,0.0,0.0,0.0
21,0.054,9,360.2266685095959,"[['23' '10.127696063337773' 'present']
 ['10' '13.075903167725821' 'marauded']
 ['10' '16.622215029198053' 'destroyed']
 ['5' '20.011408027355973' 'destroyed']
 ['22' '32.435165208709776' 'present']
 ['3' '45.91407316668545' 'present']
 ['19' '50.85108219283475' 'present']
 ['19' '53.65949658076662' 'present']
 ['22' '59.520776064002' 'present']
 ['16' '67.67417055090651' 'present']
 ['22' '85.78200073899984' 'present']
 ['10' '91.28266175664457' 'present']
 ['16' '97.1181255560938' 'present']
 ['22' '132.6483972139864' 'marauded']
 ['4' '134.4062732054665' 'presentdestroyed']
 ['16' '140.2411955294033' 'present']
 ['19' '149.1218069980606' 'present']
 ['5' '156.01993543412175' 'present']
 ['22' '159.7135389734666' 'present']
 ['14' '168.425680254398' 'present']
 ['22' '171.35359185876746' 'present']
 ['11' '171.73338036167726' 'present']
 ['10' '176.18149687213892' 'marauded']
 ['18' '177.10491924078303' 'presentdestroyed']
 ['3' '178.01977196331282' 'presentdestroyed']
 ['8' '185.21657021227978' 'present']
 ['19' '189.23221640623288' 'present']
 ['0' '193.26256512779588' 'marauded']
 ['23' '200.60143268334656' 'present']
 ['19' '200.80559777486644' 'present']
 ['8' '204.338212757286' 'present']
 ['19' '207.49023188849827' 'present']
 ['10' '213.15051525041338' 'present']
 ['18' '214.90171926438896' 'present']
 ['10' '227.99860398267282' 'marauded']
 ['10' '244.5524238340328' 'present']
 ['13' '254.4514158458257' 'present']
 ['13' '260.38600378262635' 'present']
 ['0' '261.018420973223' 'present']
 ['13' '261.3945058587328' 'marauded']
 ['19' '266.76456526915337' 'presentdestroyed']
 ['8' '288.6805234708106' 'present']
 ['16' '289.27175122349246' 'present']
 ['14' '289.76242302548366' 'marauded']
 ['11' '298.75829547650386' 'present']
 ['16' '308.6709676246304' 'marauded']
 ['14' '320.8528491530832' 'present']
 ['18' '321.181171480039' 'present']
 ['10' '340.54268879061163' 'present']
 ['19' '347.8901285093713' 'present']
 ['16' '351.05626854683595' 'marauded']
 ['16' '358.1223788089323' 'presentdestroyed']]","[['F56' '36.20270807047421' 'mated']
 ['F125' '88.23051084211613' 'mated']
 ['F192' '102.61913605138122' 'mated']
 ['F121' '115.41564717101201' 'mated']
 ['F130' '121.44525108269607' 'mated']
 ['F201' '139.81993348218975' 'destroyed']
 ['F41' '141.21139607667757' 'mated']
 ['F160' '225.78531313728874' 'mated']
 ['F40' '234.22143770328097' 'destroyed']
 ['F27' '235.40756299910478' '']
 ['F46' '255.01352641707564' 'mated']
 ['F146' '286.12684687854494' 'mated']]",557.0,77.2079547056222,18.115341747975982,1312.0,223.36347351704515,47.946056217667916,332.0,55.207875604760076,11.576160743544811,8.0,0.7999999999999999,0.08000000000000002,74.0,3.425925925925925,0.1586076817558298
22,0.054,7,360.202925632833,"[['15' '12.934849430553422' 'present']
 ['15' '13.318147999055512' 'marauded']
 ['13' '15.509227180296165' 'presentdestroyed']
 ['5' '18.122718600623323' 'presentdestroyed']
 ['8' '23.683452492653018' 'present']
 ['19' '35.13060166303324' 'present']
 ['14' '37.38217153497296' 'marauded']
 ['15' '38.22201544551302' 'presentdestroyed']
 ['1' '41.54442427812735' 'presentdestroyed']
 ['11' '46.86406015347455' 'present']
 ['11' '58.65080387100964' 'present']
 ['18' '61.21485439477848' 'marauded']
 ['21' '63.140959124000744' 'presentdestroyed']
 ['14' '65.90059087981362' 'destroyed']
 ['5' '73.12106497000346' 'marauded']
 ['18' '86.66747058032114' 'present']
 ['14' '89.44966865507993' 'present']
 ['1' '91.2543863564388' 'present']
 ['8' '93.74156967376535' 'present']
 ['13' '95.36510364778543' 'present']
 ['11' '109.96189033110821' 'present']
 ['11' '124.14047190264041' 'present']
 ['0' '129.85286374726533' 'present']
 ['23' '137.79381869453917' 'present']
 ['16' '151.0604835543869' 'present']
 ['3' '165.54064679188414' 'present']
 ['3' '165.58694308818045' 'present']
 ['16' '170.30030760266254' 'present']
 ['23' '173.14198377613852' 'present']
 ['5' '174.10458494090236' 'present']
 ['14' '177.42705866532063' 'present']
 ['13' '178.16644163164227' 'present']
 ['15' '190.1202553626999' 'present']
 ['23' '200.40335793202541' 'present']
 ['16' '206.36369330352528' 'present']
 ['11' '207.4546546314763' 'present']
 ['16' '210.12269129531302' 'present']
 ['1' '221.1395092199672' 'present']
 ['14' '239.5655047403152' 'present']
 ['0' '243.39086932518066' 'marauded']
 ['3' '248.9841391049766' 'destroyed']
 ['14' '249.8910058628089' 'destroyed']
 ['14' '253.98317802403704' 'present']
 ['21' '255.59496850260933' 'marauded']
 ['16' '256.43924390574466' 'presentdestroyed']
 ['4' '257.63302061645834' 'presentdestroyed']
 ['15' '259.7230274201769' 'presentdestroyed']
 ['4' '260.25011303020267' 'presentdestroyed']
 ['3' '274.68769580610353' 'present']
 ['11' '276.50283568690566' 'present']
 ['5' '276.52329370565684' 'present']
 ['5' '280.44437320733505' 'present']
 ['0' '292.1264366963569' 'present']
 ['5' '303.6694873769014' 'present']
 ['18' '311.21496088587327' 'present']
 ['18' '344.9703937301188' 'present']
 ['3' '347.22506806189125' 'present']
 ['4' '355.5516896858256' 'present']]","[['F96' '101.09192096032149' 'mated']
 ['F122' '127.68532552280946' 'mated']
 ['F106' '130.9797870900287' 'mated']
 ['F145' '163.88844546564087' 'absent']
 ['F108' '204.8265043338316' 'mated']
 ['F171' '210.8948706300655' 'absent']
 ['F57' '220.00291930448398' 'absent']
 ['F12' '234.38288733341193' 'mated']
 ['F111' '258.1611064421567' 'destroyed']
 ['F151' '294.17471815123815' 'mated']
 ['F128' '294.2052219376694' 'mated']]",568.0,67.93082181967188,13.39749925929211,1502.0,250.36095316180595,52.63535260409948,221.0,36.480639383886825,7.753779221829174,14.0,1.4000000000000001,0.14000000000000007,83.0,3.8425925925925917,0.1778978052126198
23,0.054,12,360.11333484969845,"[['13' '1.1821122499700945' 'present']
 ['22' '23.804559307503553' 'present']
 ['15' '25.18437531246929' 'marauded']
 ['11' '26.349882073737554' 'presentdestroyed']
 ['0' '37.879034371138275' 'marauded']
 ['11' '40.433209082070235' 'presentdestroyed']
 ['4' '40.45511576658024' 'presentdestroyed']
 ['10' '44.49458514454664' 'presentdestroyed']
 ['18' '49.64855611086377' 'present']
 ['22' '50.89468811847398' 'marauded']
 ['5' '53.28095575525385' 'presentdestroyed']
 ['13' '76.91382889193528' 'marauded']
 ['14' '85.51833499512298' 'destroyed']
 ['11' '85.6953360687766' 'present']
 ['1' '91.86542561576394' 'present']
 ['16' '93.24292697195399' 'present']
 ['21' '103.72595497458363' 'present']
 ['4' '110.9405930286813' 'present']
 ['14' '112.4588776651464' 'present']
 ['14' '114.2229527500732' 'present']
 ['13' '114.50180370978117' 'present']
 ['14' '120.47458899714576' 'present']
 ['5' '128.70069919724853' 'present']
 ['13' '142.5959270121977' 'present']
 ['10' '147.87609301086053' 'present']
 ['18' '158.12712750683693' 'marauded']
 ['0' '158.20417901598967' 'destroyed']
 ['10' '167.43883591652306' 'present']
 ['18' '178.27205678994747' 'present']
 ['11' '197.75385292199624' 'present']
 ['4' '213.13486751440925' 'marauded']
 ['3' '215.56851175213853' 'presentdestroyed']
 ['13' '227.92988891556985' 'marauded']
 ['18' '236.4805895636856' 'present']
 ['13' '236.8254015659052' 'marauded']
 ['3' '240.08978045318466' 'destroyed']
 ['0' '245.95044632714612' 'present']
 ['21' '246.20258387012927' 'present']
 ['5' '250.03048297586886' 'present']
 ['10' '264.13353817609396' 'present']
 ['10' '264.17983447239027' 'present']
 ['0' '268.1041009029249' 'present']
 ['16' '272.3741844949082' 'present']
 ['4' '285.5810147472695' 'marauded']
 ['18' '286.31263655936874' 'destroyed']
 ['10' '293.0074987086698' 'presentdestroyed']
 ['3' '304.03969490278234' 'marauded']
 ['13' '310.4351886833029' 'presentdestroyed']
 ['21' '319.4023637124791' 'present']
 ['8' '325.3142331781304' 'marauded']
 ['19' '326.63447476668546' 'presentdestroyed']
 ['8' '328.4521921074806' 'presentdestroyed']
 ['5' '331.16013344900887' 'presentdestroyed']
 ['11' '342.54292209306317' 'present']]","[['F67' '30.757377826276123' 'destroyed']
 ['F17' '59.21117885622525' 'mated']
 ['F118' '91.85479283792442' 'mated']
 ['F139' '93.01508434042789' 'mated']
 ['F120' '98.81349334139999' 'mated']
 ['F32' '127.83557074732832' 'mated']
 ['F30' '147.34358842593977' 'mated']
 ['F129' '147.3677706614874' 'mated']
 ['F39' '173.0185266400718' 'mated']
 ['F23' '188.59912994207855' 'mated']
 ['F168' '199.308527354989' 'mated']
 ['F63' '205.2186040222043' 'absent']
 ['F1' '229.65658814327028' 'destroyed']
 ['F88' '231.55765178482704' 'destroyed']
 ['F174' '270.7512895559696' 'mated']
 ['F146' '286.1036987303968' 'absentdestroyed']
 ['F75' '323.2680741581787' 'absent']
 ['F92' '337.16310382581383' 'mated']]",570.0,73.03583100514294,15.537857760333377,1278.0,214.41246620182244,45.426726293281156,406.0,67.44313114784437,14.146390871016544,16.0,1.6000000000000003,0.1600000000000001,77.0,3.564814814814814,0.16503772290809313
