id,probability_maraud,successful_mating,next_foraging_time,mar_attempts,mate_attempts,foraging_events,foraging_hrs,foraging_sqhrs,staying_events,staying_hrs,staying_sqhrs,repairing_events,repairing_hrs,repairing_sqhrs,marauding_events,marauding_hrs,marauding_sqhrs,traveling_events,traveling_hrs,traveling_sqhrs
0,0.054,8,360.32600202405916,"[['8' '10.86580385488833' 'present']
 ['10' '25.52738357065173' 'present']
 ['1' '33.727012037445604' 'present']
 ['13' '47.19444924716464' 'present']
 ['1' '79.42536839952115' 'present']
 ['15' '96.49761423369837' 'present']
 ['22' '150.4515910467873' 'present']
 ['7' '168.03259551421007' 'present']
 ['13' '183.2301710996115' 'present']
 ['1' '191.8541393528365' 'present']
 ['18' '199.65782292315055' 'present']
 ['10' '213.56409278119625' 'present']
 ['7' '229.84334108705917' 'present']
 ['23' '247.38930287701817' 'present']
 ['22' '262.5978971083337' 'present']
 ['1' '269.3028868617827' 'present']
 ['10' '278.0926110295685' 'present']
 ['18' '303.19492330469967' 'present']
 ['18' '304.26150643794' 'present']
 ['22' '315.0213618778026' 'present']
 ['13' '327.7358924482979' 'present']
 ['2' '332.6177016137672' 'present']
 ['13' '351.17001382794746' 'present']
 ['22' '354.13343141946046' 'present']]","[['F89' '74.63831580718612' 'mated']
 ['F1' '104.43854384138493' 'absent']
 ['F65' '118.79344375786211' 'absent']
 ['F132' '138.5038268037541' 'absent']
 ['F121' '165.72038295770042' 'absent']
 ['F210' '193.54673650970724' 'mated']
 ['F135' '193.77074464816715' 'absent']
 ['F45' '198.57617960378866' 'mated']
 ['F48' '231.0697729108737' 'mated']
 ['F172' '247.73058903383387' 'absent']
 ['F118' '253.17099863208702' 'mated']
 ['F101' '254.98273603757045' 'mated']
 ['F151' '291.75858810572214' 'mated']
 ['F0' '300.15988124329755' 'absent']
 ['F167' '306.9882737892854' 'mated']
 ['F29' '338.5113014341908' 'absent']]",574.0,68.33773292789643,13.00870842691083,1739.0,290.2717202855499,61.31686129997916,0.0,0.0,0.0,10.0,0.9999999999999999,0.10000000000000003,95.0,0.4398148148148154,0.002036179698216734
1,0.054,10,360.0788878622755,"[['18' '8.562368376239046' 'present']
 ['10' '11.560094732542085' 'present']
 ['18' '38.85603010848811' 'present']
 ['18' '43.457727113130616' 'present']
 ['22' '58.34470868355475' 'present']
 ['13' '66.29931773902321' 'present']
 ['18' '69.74593644777332' 'marauded']
 ['2' '79.71530130690005' 'marauded']
 ['2' '167.2944537303174' 'present']
 ['18' '192.84094094974594' 'marauded']
 ['0' '200.33607759698103' 'present']
 ['10' '204.93706834468543' 'present']
 ['23' '205.67385595630958' 'present']
 ['18' '216.21248717646952' 'present']
 ['0' '218.56720964372403' 'present']
 ['2' '218.85650460726734' 'present']
 ['15' '220.11165600095742' 'present']
 ['22' '223.43423540351117' 'present']
 ['10' '226.55435648077867' 'present']
 ['23' '238.3500955632877' 'present']
 ['10' '241.34407115333738' 'present']
 ['23' '245.98877371065598' 'marauded']
 ['23' '261.3478251027504' 'present']
 ['22' '261.54311608441725' 'present']
 ['0' '270.0193923064836' 'present']
 ['15' '270.4731277138618' 'marauded']
 ['15' '275.25019556868733' 'presentdestroyed']
 ['2' '278.51765383475254' 'present']
 ['10' '285.9170098671367' 'present']
 ['15' '294.6020150628607' 'present']
 ['18' '310.1793135193916' 'marauded']
 ['0' '312.2729066380274' 'presentdestroyed']
 ['2' '320.0702626557125' 'marauded']
 ['23' '329.3056811414209' 'marauded']
 ['22' '344.67049311648765' 'present']
 ['23' '350.3531334239375' 'marauded']
 ['15' '351.71433734948283' 'presentdestroyed']
 ['10' '353.1216424970596' 'presentdestroyed']
 ['2' '356.23794235059705' 'presentdestroyed']]","[['F170' '65.60454728985111' 'mated']
 ['F112' '94.6727017693855' 'mated']
 ['F110' '115.16222550056621' 'mated']
 ['F10' '148.98947621301545' 'mated']
 ['F31' '149.2859950430377' 'mated']
 ['F139' '171.64634766815104' 'mated']
 ['F92' '178.665948689388' 'mated']
 ['F102' '198.09590426897577' 'destroyed']
 ['F88' '213.17173131482812' 'mated']
 ['F152' '240.55058771703065' 'mated']
 ['F98' '275.0102703886635' 'destroyed']
 ['F105' '324.272528991894' 'absentdestroyed']
 ['F116' '349.872615966258' 'mated']]",553.0,71.93982329584166,16.188271684181426,1367.0,232.23314366942884,49.96245235107468,321.0,54.83857688988269,11.861313015703248,7.0,0.7,0.07,70.0,0.3240740740740741,0.0015003429355281194
2,0.054,5,360.0677439238556,"[['1' '23.67834144324589' 'present']
 ['0' '45.96689055181994' 'present']
 ['0' '58.55397897048368' 'present']
 ['0' '65.62136074893542' 'present']
 ['23' '69.8565289770536' 'present']
 ['0' '71.15173367241685' 'present']
 ['23' '72.23794371014745' 'present']
 ['22' '75.86286550939296' 'present']
 ['7' '81.14987926187955' 'marauded']
 ['22' '101.12258388395534' 'present']
 ['7' '113.18409822617367' 'present']
 ['10' '143.29408295145706' 'present']
 ['0' '153.43240172342095' 'present']
 ['22' '154.424810780622' 'present']
 ['23' '164.1954361387815' 'present']
 ['1' '174.77790736241127' 'present']
 ['22' '177.80655058773837' 'present']
 ['22' '179.95386489076353' 'marauded']
 ['15' '189.80644436914966' 'present']
 ['0' '200.15347591703417' 'marauded']
 ['1' '207.3090450325739' 'presentdestroyed']
 ['0' '212.77062817141856' 'present']
 ['10' '213.70994278866928' 'present']
 ['23' '220.2176469154171' 'marauded']
 ['23' '238.57729598684148' 'marauded']
 ['7' '249.25125023768933' 'marauded']
 ['1' '280.05171837793955' 'present']
 ['7' '286.7870495182983' 'present']
 ['15' '304.8639308585971' 'present']
 ['8' '319.38513146084944' 'present']
 ['13' '320.022836435769' 'present']]","[['F44' '68.23551930128194' 'absent']
 ['F110' '115.1599106857514' 'absent']
 ['F166' '136.66921422311464' 'mated']
 ['F132' '150.5061416185689' 'mated']
 ['F131' '175.04592718039675' 'mated']
 ['F91' '177.2852625433923' 'mated']
 ['F62' '185.13603442992854' 'absentdestroyed']
 ['F135' '193.76611501853753' 'absent']
 ['F180' '220.43453684998752' 'destroyed']
 ['F97' '262.4208613065609' 'absent']
 ['F97' '262.42549093619056' 'absent']
 ['F105' '324.27715862152365' 'mated']]",567.0,67.89108653432697,13.198854759736404,1522.0,253.1639653694224,53.80946134099512,210.0,36.92696220259924,8.102100567082429,17.0,1.7000000000000004,0.1700000000000001,91.0,0.4212962962962968,0.001950445816186555
3,0.0,11,360.6613327196711,"[['8' '0.0023148148148148147' 'present']
 ['22' '21.88568682729814' 'marauded']
 ['10' '23.37722329764549' 'presentdestroyed']
 ['1' '27.606730920674913' 'destroyed']
 ['18' '32.748749228916836' 'present']
 ['22' '53.72587342123937' 'present']
 ['23' '54.227843703239124' 'marauded']
 ['22' '61.93033688497162' 'present']
 ['13' '85.5675557700379' 'present']
 ['10' '124.90941984114335' 'present']
 ['1' '136.64302316652686' 'present']
 ['22' '144.55819725852407' 'marauded']
 ['8' '154.78841110583693' 'present']
 ['7' '161.92424877927112' 'present']
 ['7' '162.3140114964167' 'present']
 ['13' '187.51372081503118' 'present']
 ['0' '200.3314479673514' 'present']
 ['10' '200.74100698287086' 'present']
 ['10' '224.9219756551403' 'present']
 ['15' '232.84194540470207' 'marauded']
 ['1' '237.0578703265693' 'destroyed']
 ['22' '237.3149098007258' 'presentdestroyed']
 ['15' '237.51198110449178' 'presentdestroyed']
 ['22' '255.87280097634306' 'present']
 ['23' '259.42882410306186' 'present']
 ['7' '262.2527058221968' 'present']
 ['18' '282.65307116546006' 'marauded']
 ['2' '299.3471027863846' 'present']
 ['15' '316.9361886615776' 'marauded']
 ['15' '318.9813818683598' 'presentdestroyed']
 ['18' '326.3985953824765' 'present']
 ['18' '327.9731557973657' 'present']
 ['10' '333.6893548440798' 'present']
 ['7' '337.5940754969654' 'marauded']
 ['15' '337.74179527866687' 'presentdestroyed']
 ['2' '339.5382082240716' 'presentdestroyed']
 ['7' '352.3013584285125' 'marauded']
 ['0' '356.87395369969084' 'destroyed']]","[['F96' '20.505952286337905' 'mated']
 ['F51' '39.82018227476639' 'mated']
 ['F42' '49.44292275227509' 'mated']
 ['F24' '55.425513095586666' 'destroyed']
 ['F104' '135.03871450481049' 'mated']
 ['F87' '139.2227289751897' 'mated']
 ['F171' '142.50982278352708' 'mated']
 ['F157' '143.34261163761212' 'mated']
 ['F103' '189.12540319959288' 'absent']
 ['F102' '198.09821908379058' 'mated']
 ['F195' '248.7719052379244' 'mated']
 ['F41' '263.39098494072726' 'absent']
 ['F26' '272.3134601489374' 'mated']
 ['F94' '334.5022169448034' 'mated']
 ['F63' '339.38957201333056' 'destroyed']]",558.0,70.57863262463364,14.685873205157957,1416.0,241.32773647408968,51.99418294284991,281.0,48.369394604010125,10.57428860290201,0.0,0.0,0.0,0.0,0.0,0.0
4,0.0,9,360.2352337064746,"[['15' '20.625869615633622' 'present']
 ['15' '30.342589419213116' 'present']
 ['18' '34.91553502205259' 'present']
 ['7' '39.32380309479403' 'present']
 ['15' '46.70589638790267' 'present']
 ['7' '58.95169056624756' 'present']
 ['10' '67.0596158043419' 'present']
 ['15' '82.10252250192809' 'marauded']
 ['2' '88.81281229746574' 'presentdestroyed']
 ['18' '98.8326586925417' 'present']
 ['8' '100.42051891795147' 'present']
 ['0' '118.74836931040247' 'marauded']
 ['15' '134.99011538268587' 'present']
 ['13' '136.20830831201476' 'present']
 ['15' '137.35923662819184' 'marauded']
 ['2' '139.72477175078566' 'presentdestroyed']
 ['18' '153.58978296139813' 'present']
 ['0' '154.9835948749136' 'present']
 ['2' '161.06044577955345' 'present']
 ['2' '163.02059670534226' 'present']
 ['10' '163.57279199494184' 'present']
 ['0' '180.748100309664' 'present']
 ['18' '187.64547205779644' 'present']
 ['10' '193.86286535606973' 'marauded']
 ['23' '200.32089417494612' 'presentdestroyed']
 ['15' '201.09499657855122' 'destroyed']
 ['15' '215.4154959469705' 'present']
 ['7' '224.38308697650425' 'present']
 ['22' '251.52523451820278' 'present']
 ['22' '254.04696972034418' 'present']
 ['23' '259.20112756580227' 'present']
 ['15' '260.7380116912012' 'present']
 ['1' '260.94988808022634' 'present']
 ['10' '263.57349689028274' 'present']
 ['1' '266.9433698545319' 'present']
 ['0' '269.52741168604825' 'marauded']
 ['13' '270.2098821361677' 'presentdestroyed']
 ['22' '276.00282277802006' 'destroyed']
 ['7' '276.6059475478185' 'presentdestroyed']
 ['15' '300.81795123128353' 'present']
 ['8' '330.8886950710733' 'present']
 ['2' '332.63159050265625' 'present']
 ['8' '340.6834279490355' 'present']
 ['1' '341.9325437929827' 'present']]","[['F176' '25.980756776202387' 'mated']
 ['F133' '65.57433829546427' 'mated']
 ['F184' '124.93200776417609' 'destroyed']
 ['F132' '138.49688235930967' 'absentdestroyed']
 ['F197' '174.99782454038169' 'mated']
 ['F53' '189.04051741919253' 'mated']
 ['F175' '212.45321162422977' 'absent']
 ['F28' '234.22496139455413' 'mated']
 ['F35' '240.75483259836014' 'mated']
 ['F21' '245.65192826358364' 'mated']
 ['F0' '300.1621960581124' 'mated']
 ['F58' '306.2758994574679' 'mated']
 ['F105' '324.2748438067088' 'absent']]",569.0,69.48092371567752,13.20231130398925,1555.0,259.95977135342343,55.44585013520337,189.0,30.71577713245663,6.226083387624353,0.0,0.0,0.0,0.0,0.0,0.0
5,0.0,5,360.4656650004137,"[['22' '13.069705160978673' 'present']
 ['10' '15.200212270469235' 'present']
 ['15' '16.052969808094257' 'present']
 ['8' '23.216404049837248' 'present']
 ['22' '23.475457419188658' 'present']
 ['22' '31.861836231855737' 'marauded']
 ['8' '32.305239534262306' 'presentdestroyed']
 ['23' '32.68577116950012' 'destroyed']
 ['8' '34.84985435003517' 'presentdestroyed']
 ['1' '39.54307620594678' 'present']
 ['15' '43.45611568603378' 'present']
 ['10' '47.93697327470964' 'present']
 ['18' '49.31540168174131' 'present']
 ['22' '56.91613881412003' 'marauded']
 ['13' '62.66576557821825' 'destroyed']
 ['23' '75.65668226410882' 'present']
 ['13' '89.75275738595919' 'present']
 ['13' '94.20201022732041' 'present']
 ['22' '98.36598409621641' 'marauded']
 ['2' '99.92583027373455' 'destroyed']
 ['23' '117.27880151906936' 'present']
 ['23' '119.19999480764216' 'present']
 ['13' '121.11433021202257' 'marauded']
 ['0' '134.21968500551293' 'present']
 ['22' '159.70658687991298' 'marauded']
 ['8' '165.79143380432757' 'presentdestroyed']
 ['18' '180.34083319820283' 'present']
 ['7' '181.6875724979512' 'present']
 ['18' '181.9705510079929' 'present']
 ['8' '186.97492604129675' 'present']
 ['18' '196.94607506966744' 'present']
 ['7' '199.32368081198067' 'present']
 ['0' '213.78024499499335' 'present']
 ['0' '224.63121225183633' 'marauded']
 ['13' '241.36201900147745' 'marauded']
 ['13' '245.61755440444597' 'presentdestroyed']
 ['10' '257.0839925744606' 'present']
 ['13' '260.9343923973935' 'marauded']
 ['15' '271.0803279563688' 'present']
 ['18' '276.5022561019318' 'present']
 ['18' '285.41361767484506' 'marauded']
 ['2' '302.2892629934564' 'present']
 ['18' '307.3422929945706' 'present']
 ['0' '324.78857256266605' 'present']
 ['10' '342.09321241247017' 'marauded']
 ['7' '344.5628229802276' 'destroyed']
 ['10' '356.3987979949282' 'present']
 ['0' '358.7471741658957' 'present']]","[['F89' '74.63137136274169' 'absent']
 ['F140' '86.31727578078913' 'mated']
 ['F99' '103.14008704492068' 'destroyed']
 ['F13' '119.00688799775453' 'absent']
 ['F143' '124.81591547467207' 'destroyed']
 ['F180' '220.43685166480233' 'mated']
 ['F52' '251.054930414254' 'mated']
 ['F125' '288.744469197952' 'absentdestroyed']
 ['F59' '316.2802268498853' 'mated']
 ['F109' '354.73853085164393' 'mated']]",560.0,74.54471391885741,16.975740654130924,1317.0,225.04144750817466,48.158859136605386,368.0,60.58196830180007,12.653384805268011,0.0,0.0,0.0,0.0,0.0,0.0
6,0.0,11,360.3723645049898,"[['2' '4.021533676555334' 'present']
 ['0' '16.471664495872925' 'present']
 ['15' '20.917104308202003' 'present']
 ['22' '45.80004309387157' 'present']
 ['1' '51.24228357885254' 'present']
 ['18' '54.688093007324376' 'present']
 ['1' '56.89156374844411' 'present']
 ['0' '64.99856470093445' 'present']
 ['22' '75.49762553007167' 'present']
 ['22' '96.77793775606065' 'present']
 ['22' '97.2914835462779' 'present']
 ['22' '100.78335162560796' 'present']
 ['22' '101.93638154908089' 'present']
 ['8' '123.73480133532688' 'present']
 ['0' '135.15220218700657' 'present']
 ['0' '139.73783096236926' 'present']
 ['7' '144.70001047409414' 'present']
 ['8' '151.26582956359934' 'present']
 ['13' '161.83319889713317' 'present']
 ['2' '164.6016352989977' 'present']
 ['22' '172.58342018892606' 'present']
 ['13' '183.1255414699819' 'marauded']
 ['13' '185.51030833443363' 'presentdestroyed']
 ['1' '185.732219710904' 'presentdestroyed']
 ['22' '221.81114785982913' 'present']
 ['7' '250.10218799922652' 'present']
 ['22' '270.1486535758389' 'present']
 ['2' '287.481778207542' 'present']
 ['10' '289.46841090811336' 'present']
 ['0' '293.8390221844614' 'present']
 ['0' '297.0511029579718' 'present']
 ['13' '327.4868317389866' 'present']
 ['10' '328.51295323143' 'present']
 ['2' '348.09212956692056' 'present']
 ['18' '349.62912875221355' 'present']
 ['22' '353.80793157409425' 'present']
 ['10' '354.31707927270145' 'present']
 ['1' '358.94426853436994' 'present']]","[['F145' '1.3895608933779382' 'absent']
 ['F44' '68.23783411609675' 'absent']
 ['F123' '69.17612934278345' 'mated']
 ['F144' '102.42296465780278' 'absent']
 ['F163' '107.73521926223093' 'mated']
 ['F190' '118.52743760016506' 'mated']
 ['F184' '124.9343225789909' 'mated']
 ['F166' '136.66689940829983' 'absent']
 ['F33' '137.60882900965285' 'mated']
 ['F194' '142.96195130406753' 'mated']
 ['F8' '162.6760198042631' 'mated']
 ['F209' '179.88938258955383' 'mated']
 ['F36' '192.62666891090302' 'mated']
 ['F114' '282.1377683093666' 'mated']
 ['F199' '311.7738014916542' 'absent']
 ['F160' '316.79332919205063' 'mated']]",568.0,69.5075209491232,13.896535864529168,1684.0,284.39437996774944,60.27967396217024,37.0,6.1540966589540185,1.2363684012826897,0.0,0.0,0.0,0.0,0.0,0.0
7,0.054,11,360.4697400451379,"[['13' '40.45746416001709' 'present']
 ['10' '63.5905945163606' 'present']
 ['22' '70.89497114472853' 'present']
 ['22' '88.7386921493929' 'marauded']
 ['18' '91.67798626413719' 'presentdestroyed']
 ['2' '108.8100642256287' 'present']
 ['22' '132.67675324208125' 'marauded']
 ['2' '149.76948946543206' 'marauded']
 ['1' '158.17173822440392' 'present']
 ['15' '167.11303329230586' 'present']
 ['2' '172.3578203434754' 'present']
 ['2' '174.1187017140416' 'marauded']
 ['0' '174.9162257927758' 'presentdestroyed']
 ['15' '182.05894521429207' 'present']
 ['23' '189.74015906480767' 'present']
 ['10' '195.58369231424427' 'present']
 ['0' '200.3268183377218' 'present']
 ['18' '203.96415038733292' 'present']
 ['8' '207.85231203715296' 'present']
 ['1' '210.67960880500934' 'present']
 ['8' '212.34827978792498' 'present']
 ['15' '213.70219247307327' 'present']
 ['23' '215.4488382358736' 'present']
 ['0' '216.18510611519187' 'present']
 ['13' '226.67011190949393' 'present']
 ['15' '231.1159504173214' 'present']
 ['0' '240.1611676961454' 'present']
 ['22' '262.7143541029897' 'present']
 ['15' '265.62939035036624' 'present']
 ['8' '288.2884739980206' 'present']
 ['10' '305.32533422818085' 'present']
 ['18' '327.4606997476568' 'marauded']
 ['2' '338.22887816839847' 'present']
 ['22' '344.6751227461173' 'present']
 ['10' '354.13960913835916' 'marauded']]","[['F207' '75.43378395962165' 'mated']
 ['F144' '102.4275942874324' 'mated']
 ['F73' '116.2006417354421' 'mated']
 ['F166' '136.66458459348502' 'destroyed']
 ['F128' '137.82502560093897' 'destroyed']
 ['F23' '164.3922344525336' 'mated']
 ['F177' '206.6426770240329' 'mated']
 ['F79' '212.03535016892522' 'mated']
 ['F95' '224.61263173547584' 'mated']
 ['F80' '253.10393820508526' 'mated']
 ['F41' '263.3932997555421' 'mated']
 ['F154' '270.0351377167416' 'mated']
 ['F125' '276.7375247535075' 'absent']
 ['F63' '339.3918868281454' 'mated']]",573.0,70.84875153287106,14.544221916989445,1487.0,251.07255811956938,53.636485040861075,218.0,36.10058598815272,7.648325689479762,18.0,1.8000000000000005,0.1800000000000001,84.0,0.38888888888888923,0.0018004115226337432
8,0.054,10,359.96682095827794,"[['1' '0.0023148148148148147' 'marauded']
 ['10' '21.202260630804034' 'present']
 ['23' '38.731312602672446' 'present']
 ['13' '40.17740786606792' 'present']
 ['23' '44.08672316801984' 'present']
 ['18' '55.72225381240603' 'present']
 ['22' '63.844969987727985' 'marauded']
 ['10' '69.12809488116655' 'destroyed']
 ['7' '73.68025557805497' 'present']
 ['22' '77.06540574603945' 'present']
 ['2' '91.3456507454574' 'marauded']
 ['15' '96.49298460406875' 'presentdestroyed']
 ['1' '113.14308788604548' 'present']
 ['7' '128.7391963479368' 'present']
 ['2' '135.61049766062607' 'present']
 ['7' '145.8941269496289' 'present']
 ['0' '146.9111556160796' 'present']
 ['18' '158.3186034685806' 'present']
 ['15' '161.96272766800533' 'present']
 ['13' '176.1494952740985' 'present']
 ['23' '176.24663212434058' 'marauded']
 ['18' '176.93817101368626' 'presentdestroyed']
 ['13' '179.28177361557158' 'destroyed']
 ['13' '179.8306265887818' 'destroyed']
 ['23' '191.26654421167632' 'present']
 ['18' '192.18590562634327' 'present']
 ['2' '194.84993064733885' 'marauded']
 ['15' '201.56026946634518' 'presentdestroyed']
 ['0' '222.1072062302648' 'marauded']
 ['15' '237.5241803204436' 'present']
 ['23' '237.98259971248575' 'marauded']
 ['18' '240.47090924522027' 'presentdestroyed']
 ['13' '255.01393446204662' 'marauded']
 ['2' '257.95386789964556' 'presentdestroyed']
 ['7' '268.8607214343538' 'present']
 ['2' '275.44963217953045' 'present']
 ['15' '296.3994385518888' 'present']
 ['15' '296.5982762510977' 'present']
 ['0' '321.5729015873393' 'present']
 ['18' '340.9605404173943' 'present']
 ['10' '349.24235408321226' 'present']]","[['F173' '123.11562785757317' 'mated']
 ['F143' '124.81823028948688' 'absent']
 ['F215' '148.07775075882645' 'mated']
 ['F10' '148.98716139820064' 'absent']
 ['F161' '149.969409818053' 'mated']
 ['F69' '162.30842484741467' 'mated']
 ['F76' '173.8364343903219' 'absent']
 ['F209' '179.88706777473902' 'absentdestroyed']
 ['F175' '212.45552643904458' 'mated']
 ['F181' '218.0070272720017' 'absent']
 ['F141' '220.61762526755447' 'mated']
 ['F85' '286.11191896838034' 'mated']
 ['F125' '288.74678401276685' 'mated']
 ['F82' '296.481713686123' 'mated']
 ['F61' '343.2966277370556' 'mated']]",569.0,72.35576623427413,15.058316535537404,1410.0,237.64736745792504,50.941619194386966,287.0,49.08364979844892,10.911396070698046,7.0,0.7,0.07,71.0,0.3287037037037038,0.001521776406035664
9,0.0,12,360.0262440684838,"[['8' '14.690615122976748' 'marauded']
 ['0' '22.3768007996732' 'marauded']
 ['23' '22.727369029726944' 'destroyed']
 ['13' '22.76551268059822' 'presentdestroyed']
 ['10' '47.93234364508001' 'present']
 ['18' '56.171689360713515' 'present']
 ['23' '63.01872858114125' 'present']
 ['0' '67.14998348490911' 'present']
 ['10' '67.92524678100854' 'marauded']
 ['15' '100.32914175970046' 'present']
 ['7' '127.57030843104819' 'marauded']
 ['22' '129.68694562071698' 'presentdestroyed']
 ['1' '135.11073792517982' 'destroyed']
 ['22' '139.03305952632462' 'present']
 ['18' '149.59309436363444' 'present']
 ['8' '157.56591432159894' 'present']
 ['13' '159.40342210549287' 'present']
 ['10' '160.48094792338878' 'present']
 ['7' '168.7856106013065' 'present']
 ['23' '173.17835195852433' 'present']
 ['0' '181.5110288786725' 'present']
 ['13' '181.80045664361464' 'present']
 ['10' '186.60684839849796' 'present']
 ['13' '199.87435977044692' 'present']
 ['10' '210.0124832811592' 'present']
 ['1' '238.77580191150787' 'present']
 ['15' '243.40417323244006' 'present']
 ['23' '248.58988849185903' 'present']
 ['8' '253.82373943156696' 'present']
 ['15' '271.0849575859985' 'marauded']
 ['0' '278.0754213274597' 'presentdestroyed']
 ['8' '281.65535722973476' 'present']
 ['22' '290.6841302779047' 'marauded']
 ['2' '291.63950109085505' 'presentdestroyed']
 ['15' '298.1200541687896' 'present']
 ['2' '324.4313480453036' 'present']
 ['13' '357.94487148582357' 'marauded']
 ['0' '358.53823169606005' 'presentdestroyed']]","[['F130' '11.652876512607184' 'mated']
 ['F192' '50.44142796911621' 'mated']
 ['F9' '70.62294917771871' 'destroyed']
 ['F202' '94.46073469308837' 'mated']
 ['F144' '102.42527947261759' 'absent']
 ['F78' '116.07513659872285' 'absent']
 ['F196' '140.56314034017836' 'mated']
 ['F136' '144.38413756691534' 'mated']
 ['F71' '153.60075270920504' 'mated']
 ['F124' '160.60789212867118' 'mated']
 ['F76' '173.8387492051367' 'mated']
 ['F17' '209.18324707214407' 'mated']
 ['F200' '244.8310949483191' 'mated']
 ['F125' '276.73983956832234' 'destroyed']
 ['F129' '288.7839844565713' 'mated']
 ['F94' '334.4999021299886' 'absent']
 ['F150' '340.1956327782764' 'mated']]",574.0,68.35008171791901,13.486241826444411,1529.0,253.2103746528881,53.53971920921525,231.0,38.439558069088356,8.207032330222122,0.0,0.0,0.0,0.0,0.0,0.0
10,0.054,7,359.83566535387524,"[['2' '8.29189478469784' 'present']
 ['13' '10.53378708037895' 'present']
 ['0' '12.560987455495233' 'present']
 ['18' '27.311812637514166' 'present']
 ['18' '31.136388998861563' 'present']
 ['0' '37.20466839638121' 'present']
 ['22' '37.353800537281664' 'marauded']
 ['1' '54.40187409774361' 'marauded']
 ['7' '62.086832579224314' 'present']
 ['18' '70.47147096116765' 'present']
 ['23' '72.24257333977707' 'present']
 ['7' '72.67238906946852' 'present']
 ['8' '105.16291497597186' 'marauded']
 ['0' '107.87054400356725' 'destroyed']
 ['0' '137.56688101639944' 'present']
 ['0' '140.28250729510833' 'present']
 ['13' '149.81632897837088' 'present']
 ['2' '153.93205581539468' 'present']
 ['23' '155.33010471536724' 'present']
 ['2' '163.02522633497188' 'present']
 ['15' '165.99413468118416' 'present']
 ['13' '188.13069077247349' 'present']
 ['0' '195.91900677933643' 'present']
 ['2' '199.69099166674772' 'present']
 ['18' '200.19074671880563' 'present']
 ['0' '238.54082471880153' 'present']
 ['15' '245.0081968708849' 'marauded']
 ['2' '297.6716776489327' 'marauded']
 ['1' '307.18906266620763' 'marauded']
 ['18' '310.78698675960004' 'presentdestroyed']
 ['7' '319.90907635298845' 'marauded']
 ['8' '326.42242203915083' 'presentdestroyed']
 ['2' '339.52894896481223' 'present']
 ['22' '340.4085587741375' 'present']
 ['0' '347.7203598077926' 'present']
 ['22' '350.7518286997061' 'present']
 ['8' '354.3754959202645' 'present']]","[['F185' '20.36772047032105' 'mated']
 ['F46' '37.81885892609524' 'absentdestroyed']
 ['F24' '55.42319828077185' 'destroyed']
 ['F9' '70.62526399253352' 'mated']
 ['F158' '184.57972832976895' 'absent']
 ['F108' '184.81841763384483' 'mated']
 ['F135' '193.77305946298196' 'mated']
 ['F17' '209.17861744251445' 'absent']
 ['F208' '229.33478629901956' 'mated']
 ['F34' '233.9900843999714' 'mated']
 ['F81' '252.14706680473628' 'destroyed']
 ['F97' '262.4231761213757' 'absent']
 ['F98' '275.01258520347835' 'mated']
 ['F203' '297.95772050086765' 'destroyed']]",554.0,70.2206316829383,14.527397708061681,1465.0,244.8535599685393,52.42112458443391,239.0,43.00829037727017,10.093836080575747,17.0,1.7000000000000004,0.1700000000000001,89.0,0.4120370370370375,0.001907578875171466
11,0.0,6,360.30271825770956,"[['22' '6.409394156028007' 'present']
 ['1' '19.5388108401096' 'present']
 ['22' '25.569745458827786' 'marauded']
 ['10' '31.441184003757535' 'presentdestroyed']
 ['10' '47.78244316863974' 'present']
 ['10' '65.10841838626104' 'present']
 ['18' '68.22378838248177' 'marauded']
 ['15' '69.92762852599795' 'presentdestroyed']
 ['7' '74.05369157631856' 'destroyed']
 ['10' '75.22244684694287' 'presentdestroyed']
 ['2' '99.93045990336417' 'present']
 ['8' '135.08193852493355' 'present']
 ['0' '137.57151064602905' 'present']
 ['10' '139.94734145744803' 'marauded']
 ['1' '146.19799328249627' 'destroyed']
 ['0' '147.05684400606694' 'presentdestroyed']
 ['2' '149.87411909506167' 'present']
 ['15' '150.17789176598353' 'present']
 ['18' '175.55574292266581' 'present']
 ['7' '184.04335117547282' 'marauded']
 ['0' '188.15564668091315' 'presentdestroyed']
 ['23' '196.25148935046423' 'present']
 ['18' '199.66245255278017' 'marauded']
 ['8' '219.89366501220158' 'present']
 ['1' '232.7087710857537' 'present']
 ['0' '256.3235643817576' 'present']
 ['10' '258.8617543647' 'marauded']
 ['2' '276.438615947314' 'present']
 ['0' '297.49808936277145' 'present']
 ['13' '323.2305109152517' 'marauded']
 ['2' '328.19874944423054' 'presentdestroyed']
 ['23' '344.47426050707605' 'present']
 ['2' '356.1080797978399' 'present']
 ['15' '356.5444897482339' 'present']]","[['F60' '67.84903317085929' 'mated']
 ['F189' '91.078666227461' 'mated']
 ['F65' '118.79575857267692' 'mated']
 ['F128' '137.82271078612416' 'absent']
 ['F16' '187.49040666995793' 'destroyed']
 ['F38' '194.23359833613517' 'mated']
 ['F47' '205.49734532962734' 'destroyed']
 ['F177' '206.6403622092181' 'absentdestroyed']
 ['F54' '227.9954086421179' 'mated']
 ['F191' '359.2193508926634' 'mated']]",580.0,68.59508671890386,13.261601947221726,1463.0,248.56525644831376,53.47582135674935,245.0,42.90919695320626,9.537017348417926,0.0,0.0,0.0,0.0,0.0,0.0
12,0.0,8,360.112070979851,"[['13' '38.25296662766792' 'marauded']
 ['8' '50.11754458602335' 'present']
 ['22' '56.213260320486654' 'present']
 ['22' '69.4213091316081' 'marauded']
 ['15' '88.13455409810858' 'present']
 ['18' '93.02533939986797' 'marauded']
 ['18' '105.43037255627614' 'present']
 ['8' '117.80974324047799' 'present']
 ['10' '117.86706558269985' 'present']
 ['15' '130.12271512009877' 'present']
 ['10' '139.2825082453492' 'marauded']
 ['10' '139.75536535811761' 'presentdestroyed']
 ['7' '141.4443892447233' 'presentdestroyed']
 ['10' '142.1033868553719' 'destroyed']
 ['1' '164.36035459103647' 'present']
 ['13' '166.98167008515495' 'present']
 ['23' '172.8491519456762' 'present']
 ['10' '181.11570821310136' 'present']
 ['10' '188.63632169779316' 'present']
 ['2' '188.94904653288322' 'marauded']
 ['18' '197.99344149093847' 'present']
 ['15' '206.71835524097625' 'present']
 ['8' '211.27146236287348' 'present']
 ['8' '219.47764594769282' 'present']
 ['2' '230.49649655891332' 'present']
 ['0' '240.75290687467987' 'present']
 ['7' '248.44586842496227' 'present']
 ['10' '273.73583842328225' 'present']
 ['22' '273.9092312623137' 'marauded']
 ['7' '283.27533562730974' 'present']
 ['7' '291.5839798160885' 'present']
 ['2' '293.28146833453076' 'present']
 ['7' '305.66584090444195' 'marauded']
 ['22' '308.6313417688344' 'destroyed']
 ['0' '313.5380770867802' 'present']
 ['1' '337.91578171015107' 'present']
 ['0' '338.2053388302052' 'present']
 ['22' '344.9937113235811' 'marauded']
 ['10' '352.8763570852475' 'present']
 ['10' '355.0507193234169' 'present']]","[['F89' '74.63600099237131' 'absentdestroyed']
 ['F99' '103.14240185973549' 'mated']
 ['F171' '142.50750796871228' 'destroyed']
 ['F84' '169.6497623950936' 'mated']
 ['F135' '193.76842983335234' 'destroyed']
 ['F66' '204.03635711003642' 'mated']
 ['F47' '205.49966014444215' 'mated']
 ['F77' '206.84017377832285' 'mated']
 ['F188' '211.7708006991566' 'mated']
 ['F159' '240.90709669481623' 'mated']
 ['F183' '271.61479393497194' 'mated']]",577.0,69.32450478697581,15.60306649737272,1434.0,241.5074082988929,51.438843040775446,286.0,49.261502290264644,11.055246759513969,0.0,0.0,0.0,0.0,0.0,0.0
13,0.054,11,360.1068899616483,"[['2' '11.851320859955178' 'marauded']
 ['15' '38.542014666435456' 'present']
 ['10' '52.188612046253766' 'marauded']
 ['2' '67.94773532874335' 'present']
 ['7' '76.03642208036901' 'marauded']
 ['15' '96.30835840607179' 'present']
 ['10' '99.85813652541735' 'marauded']
 ['23' '114.47484516434973' 'present']
 ['15' '118.4565854946716' 'present']
 ['23' '118.56408494562773' 'present']
 ['22' '144.20238637825125' 'present']
 ['10' '159.847817049653' 'present']
 ['15' '164.976849794365' 'present']
 ['1' '167.59458762464365' 'present']
 ['1' '187.53339173584547' 'present']
 ['15' '209.394524988961' 'marauded']
 ['8' '209.83212248434188' 'destroyed']
 ['18' '215.89888750595506' 'presentdestroyed']
 ['22' '223.77303079335212' 'present']
 ['1' '225.76474033513477' 'present']
 ['0' '229.6360054929107' 'marauded']
 ['7' '284.68845693890427' 'marauded']
 ['23' '291.52738530158956' 'presentdestroyed']
 ['7' '300.6022275774775' 'present']
 ['2' '306.45476602936645' 'present']
 ['0' '335.2029836536244' 'present']]","[['F12' '35.281639210568365' 'mated']
 ['F99' '103.13777223010587' 'destroyed']
 ['F7' '113.35745657465598' 'mated']
 ['F78' '116.07745141353766' 'mated']
 ['F179' '153.21959526064765' 'mated']
 ['F148' '153.29122529943396' 'mated']
 ['F198' '154.05131643708904' 'mated']
 ['F74' '184.97232535655834' 'mated']
 ['F19' '217.89290434791926' 'mated']
 ['F34' '233.9877695851566' 'absentdestroyed']
 ['F122' '248.37941254321652' 'mated']
 ['F81' '252.1493816195511' 'mated']
 ['F203' '297.9600353156825' 'mated']]",568.0,71.4896900356279,14.406486621869366,1422.0,244.11326679928553,52.50064156493322,268.0,42.637803762707726,8.578359699087903,14.0,1.4000000000000001,0.14000000000000007,80.0,0.3703703703703706,0.001714677640603565
14,0.0,8,360.3686931224505,"[['1' '16.930443167035698' 'present']
 ['10' '32.02455774045281' 'present']
 ['13' '41.47608376697996' 'present']
 ['8' '46.67172385192403' 'marauded']
 ['10' '81.11675958206509' 'marauded']
 ['15' '86.20527585115276' 'presentdestroyed']
 ['0' '94.32591112552153' 'present']
 ['7' '111.10998301909194' 'present']
 ['23' '121.30328030911902' 'present']
 ['7' '127.42034845782217' 'present']
 ['0' '136.68735288462884' 'present']
 ['15' '140.89284013255335' 'present']
 ['7' '166.45481402620314' 'present']
 ['22' '172.82483424838168' 'present']
 ['7' '174.12060067070337' 'present']
 ['2' '179.38695260549827' 'marauded']
 ['1' '188.36907321525433' 'present']
 ['7' '202.18797718874723' 'marauded']
 ['15' '215.5748232015797' 'present']
 ['18' '229.15804083247858' 'present']
 ['10' '229.78946950151862' 'marauded']
 ['18' '232.4417500842427' 'presentdestroyed']
 ['13' '244.5049482165844' 'marauded']
 ['13' '247.89260813080492' 'presentdestroyed']
 ['23' '262.9442254545413' 'present']
 ['15' '268.91511594619266' 'marauded']
 ['22' '270.7312349663694' 'presentdestroyed']
 ['0' '274.59138031595097' 'presentdestroyed']
 ['7' '286.5733960405032' 'present']
 ['2' '290.1176904694777' 'marauded']
 ['0' '290.7116984780903' 'destroyed']
 ['10' '297.5124060172543' 'present']
 ['8' '297.7067881397598' 'present']
 ['22' '308.8071080007361' 'present']
 ['2' '315.73573311698345' 'present']
 ['0' '315.9931954082869' 'present']
 ['15' '316.1460239818419' 'marauded']
 ['8' '326.9316125342544' 'present']
 ['2' '347.3106423519509' 'present']
 ['10' '348.38868186609375' 'present']
 ['10' '357.8356936269731' 'present']]","[['F43' '47.8349504395327' 'destroyed']
 ['F137' '77.5994713827593' 'mated']
 ['F205' '101.16508194743437' 'mated']
 ['F1' '104.44085865619974' 'mated']
 ['F13' '119.00920281256934' 'absent']
 ['F132' '138.50151198893928' 'absent']
 ['F186' '170.33572624876527' 'mated']
 ['F2' '180.66163700156852' 'destroyed']
 ['F108' '184.81610281903002' 'destroyed']
 ['F187' '188.3930434740592' 'mated']
 ['F106' '200.15505621967537' 'mated']
 ['F188' '211.7684858843418' 'absent']
 ['F86' '214.02001834404948' 'mated']
 ['F125' '276.7328951238778' '']
 ['F142' '357.3134087525061' 'mated']]",571.0,70.5022854017076,13.925050415079669,1374.0,233.9441787691807,50.422796117008666,315.0,55.658256407005496,12.260754692387847,0.0,0.0,0.0,0.0,0.0,0.0
15,0.054,13,360.2854808285795,"[['23' '3.5454166870373145' 'present']
 ['22' '17.835381254099456' 'present']
 ['0' '24.59346709830086' 'present']
 ['7' '48.719575376437675' 'marauded']
 ['2' '60.177011319379126' 'marauded']
 ['0' '79.04048298243782' 'present']
 ['23' '99.95677204949995' 'present']
 ['18' '107.28943283756844' 'present']
 ['13' '123.82445686977991' 'present']
 ['23' '148.62575413411778' 'present']
 ['13' '154.51071179273367' 'present']
 ['7' '181.69220212758083' 'present']
 ['0' '183.91291500912348' 'present']
 ['13' '192.54431426732842' 'present']
 ['22' '195.85700312197878' 'present']
 ['18' '202.54838407117086' 'present']
 ['8' '209.7154409726628' 'present']
 ['13' '217.77903558482737' 'present']
 ['1' '235.7939028097864' 'present']
 ['23' '251.57098599613053' 'marauded']
 ['18' '259.17182392304335' 'present']
 ['8' '263.2899728739207' 'present']
 ['0' '275.6236618597748' 'present']
 ['2' '277.0504490735773' 'present']
 ['0' '288.49885928971526' 'present']
 ['7' '295.88845035760966' 'present']
 ['0' '299.893265414067' 'present']
 ['23' '306.80822973869283' 'marauded']
 ['7' '309.79731129192254' 'presentdestroyed']
 ['0' '314.2430306015053' 'presentdestroyed']
 ['10' '327.1936902658202' 'marauded']
 ['2' '329.43280856818376' 'destroyed']
 ['8' '344.240913342048' 'present']
 ['2' '358.07793158538067' 'marauded']]","[['F40' '5.81766276630413' 'mated']
 ['F46' '37.821173740910055' 'mated']
 ['F20' '44.124683582090746' 'mated']
 ['F27' '114.43501437927722' 'mated']
 ['F201' '115.09431940735575' 'mated']
 ['F70' '158.0220938594079' 'mated']
 ['F206' '171.91178900819398' 'mated']
 ['F62' '185.13834924474335' 'mated']
 ['F16' '187.49272148477274' 'mated']
 ['F168' '188.23741420076675' 'mated']
 ['F174' '188.36947878823275' 'mated']
 ['F164' '194.09687445993038' 'mated']
 ['F115' '204.54900701610083' 'mated']]",556.0,69.97600622277693,14.800170627879101,1493.0,256.4918309428421,55.39387935631038,190.0,31.796283203359376,6.880415471878981,14.0,1.4000000000000001,0.14000000000000007,83.0,0.3842592592592596,0.0017789780521261986
16,0.0,15,360.257851705275,"[['0' '12.995102663483703' 'marauded']
 ['0' '16.007467781480038' 'presentdestroyed']
 ['7' '17.527880565363464' 'presentdestroyed']
 ['8' '17.992588785448753' 'destroyed']
 ['1' '18.851439962074284' 'presentdestroyed']
 ['1' '33.4503133928066' 'present']
 ['1' '38.0844688341932' 'present']
 ['15' '42.8837978198885' 'present']
 ['7' '50.271551601442894' 'present']
 ['18' '54.53328406166262' 'present']
 ['18' '57.01759413660206' 'present']
 ['18' '57.34814605952299' 'present']
 ['2' '65.90449827511239' 'marauded']
 ['8' '80.1859388215192' 'present']
 ['18' '99.7108969895345' 'present']
 ['1' '107.38852481682957' 'marauded']
 ['2' '110.37169133463286' 'presentdestroyed']
 ['23' '111.57705126093755' 'presentdestroyed']
 ['8' '120.07672602675848' 'marauded']
 ['22' '123.03337206301222' 'presentdestroyed']
 ['0' '128.87492803726863' 'present']
 ['18' '133.9210832192962' 'marauded']
 ['8' '148.52482143499418' 'present']
 ['22' '151.85564200135312' 'present']
 ['13' '166.0775720846251' 'present']
 ['13' '172.8595151305568' 'present']
 ['22' '180.05849452039314' 'present']
 ['15' '199.01008282874895' 'present']
 ['10' '200.00657787923885' 'present']
 ['22' '205.03283550658625' 'present']
 ['2' '218.00393043833972' 'present']
 ['0' '220.8018634663017' 'present']
 ['10' '223.45241287763125' 'present']
 ['22' '226.73962362848366' 'present']
 ['23' '238.44715380793477' 'present']
 ['10' '238.80246088686852' 'marauded']
 ['10' '253.61376243969417' 'present']
 ['2' '269.0117557089604' 'present']
 ['23' '275.73247269518254' 'present']
 ['2' '279.8977910566401' 'present']
 ['10' '290.6619293883522' 'present']
 ['7' '314.2245535712589' 'marauded']
 ['1' '338.46190651928526' 'present']
 ['18' '341.1703543981357' 'present']
 ['7' '350.61167982169707' 'present']
 ['2' '358.073301955751' 'present']]","[['F44' '68.23320448646713' 'destroyed']
 ['F4' '73.7447453819341' 'mated']
 ['F30' '74.41040882604406' 'mated']
 ['F13' '119.01151762738415' 'mated']
 ['F173' '123.11331304275836' 'destroyed']
 ['F6' '148.74948039444476' 'mated']
 ['F156' '152.0941445323635' 'mated']
 ['F121' '165.72269777251523' 'mated']
 ['F178' '176.10649850292887' 'mated']
 ['F92' '178.66363387457318' 'absent']
 ['F211' '191.75246656924824' 'mated']
 ['F17' '209.18093225732926' 'absent']
 ['F32' '224.24720373668697' 'mated']
 ['F25' '237.13490153639918' 'mated']
 ['F155' '247.6297210958957' 'mated']
 ['F18' '248.4090227099891' 'mated']
 ['F93' '267.53414414170726' 'mated']
 ['F199' '311.776116306469' 'mated']
 ['F29' '338.5136162490056' 'mated']]",570.0,71.60344372858891,15.167978305347726,1438.0,245.6015404443473,52.862215813057425,258.0,42.86913744179794,9.10089513985511,0.0,0.0,0.0,0.0,0.0,0.0
17,0.0,11,360.199080598912,"[['18' '10.81014279956246' 'present']
 ['2' '45.93404860020145' 'present']
 ['10' '75.78038954578044' 'present']
 ['15' '79.34895590022828' 'present']
 ['15' '86.20064622152314' 'present']
 ['23' '92.14761218562519' 'present']
 ['18' '120.58463841935668' 'present']
 ['22' '137.01489943989438' 'present']
 ['22' '144.47553631038775' 'present']
 ['0' '148.80338228904776' 'present']
 ['18' '154.24087918118468' 'present']
 ['2' '158.8160265724422' 'present']
 ['8' '192.41288126925872' 'present']
 ['8' '192.98969403289428' 'present']
 ['7' '203.47544907377352' 'present']
 ['10' '204.34273312846508' 'present']
 ['1' '224.02366089759954' 'present']
 ['13' '227.41720723050454' 'present']
 ['22' '229.46289369177256' 'present']
 ['13' '240.64300402582813' 'marauded']
 ['22' '259.8732252928032' 'present']
 ['1' '289.702049335358' 'present']
 ['23' '295.18381349671034' 'present']
 ['23' '309.0047417964319' 'marauded']
 ['22' '312.84764170805835' 'presentdestroyed']
 ['2' '314.4620792152585' 'presentdestroyed']
 ['13' '327.48220210935693' 'present']
 ['8' '330.8840654414436' 'present']
 ['2' '330.9339784838983' 'present']
 ['2' '332.6269608730266' 'present']
 ['18' '333.7304019642523' 'present']
 ['18' '339.17390383465914' 'marauded']
 ['1' '341.9371734226124' 'presentdestroyed']
 ['15' '345.4363412527747' 'presentdestroyed']
 ['2' '350.2967804786315' 'present']
 ['18' '355.6370117048651' 'marauded']]","[['F55' '9.465688458871261' 'mated']
 ['F189' '91.07403659783138' 'absent']
 ['F169' '110.7798127975902' 'mated']
 ['F72' '138.76586485598776' 'mated']
 ['F213' '155.25044795811976' 'mated']
 ['F149' '172.6307940620399' 'mated']
 ['F37' '191.07014846855603' 'mated']
 ['F214' '195.9022510387126' 'mated']
 ['F193' '199.3364877836539' 'mated']
 ['F49' '207.2897403661827' 'mated']
 ['F159' '240.90478188000142' 'destroyed']
 ['F90' '251.43491428128195' 'mated']
 ['F57' '269.32412908022656' 'mated']]",572.0,72.60055126879585,15.532761015473625,1583.0,265.63965641027846,57.07275619493728,129.0,21.826656229722925,4.5276366159899135,0.0,0.0,0.0,0.0,0.0,0.0
18,0.054,10,360.0695749204605,"[['7' '16.74730321718825' 'marauded']
 ['7' '20.879756129205077' 'presentdestroyed']
 ['1' '32.766249635015' 'present']
 ['23' '43.20288131139698' 'present']
 ['10' '50.205033211898076' 'present']
 ['1' '54.81885261071453' 'present']
 ['22' '69.70551840953969' 'present']
 ['13' '73.76399819580463' 'present']
 ['13' '119.76356940090065' 'present']
 ['1' '125.41630760425353' 'marauded']
 ['23' '131.93337246302175' 'destroyed']
 ['8' '138.4131282359194' 'present']
 ['10' '141.3914948131298' 'marauded']
 ['10' '147.6044435896781' 'presentdestroyed']
 ['0' '149.54646961408463' 'present']
 ['15' '161.28534813952217' 'marauded']
 ['2' '163.01596707571264' 'presentdestroyed']
 ['8' '165.30060966212335' 'presentdestroyed']
 ['22' '195.4549917895041' 'present']
 ['15' '197.1885621746532' 'present']
 ['13' '207.772766828717' 'present']
 ['1' '217.90354631608946' 'present']
 ['2' '218.3586902952522' 'present']
 ['7' '228.882317248015' 'present']
 ['1' '254.7196870539863' 'present']
 ['1' '269.3561287661143' 'present']
 ['23' '277.98434253151703' 'present']
 ['15' '288.5607850486631' 'marauded']
 ['7' '296.96789553834793' 'present']
 ['8' '313.77389486291395' 'marauded']
 ['1' '318.2054701314862' 'destroyed']
 ['2' '339.5335785944419' 'present']
 ['15' '354.4831217354067' 'present']]","[['F202' '94.45841987827356' 'absent']
 ['F132' '138.49456754449486' 'absent']
 ['F64' '144.9320790514577' 'destroyed']
 ['F10' '148.98484658338583' 'absent']
 ['F126' '149.89182385065274' 'mated']
 ['F11' '170.19043001207518' 'mated']
 ['F127' '174.69535960689632' 'mated']
 ['F5' '229.06877215432436' 'mated']
 ['F97' '262.4278057510054' 'mated']
 ['F182' '274.95273309399505' 'mated']
 ['F120' '275.38480065270596' 'mated']
 ['F165' '277.61764336688645' 'mated']
 ['F3' '288.3573692932942' 'mated']
 ['F15' '289.49683262555783' 'destroyed']
 ['F67' '353.3846317801669' 'mated']]",561.0,69.72747195418032,14.531921330727647,1488.0,252.14941956518018,53.61773196009826,215.0,36.27088740629438,7.7472083601416974,15.0,1.5000000000000002,0.15000000000000008,82.0,0.3796296296296299,0.001757544581618654
19,0.0,8,360.3762653935604,"[['0' '2.360220567639226' 'marauded']
 ['23' '7.108463509442904' 'presentdestroyed']
 ['10' '13.59486366426757' 'marauded']
 ['2' '22.4221034639315' 'present']
 ['2' '41.134275513909735' 'present']
 ['2' '48.842213266181226' 'marauded']
 ['1' '57.175494932821806' 'present']
 ['22' '65.4362542260718' 'present']
 ['10' '66.62588875820207' 'present']
 ['23' '74.9880520776309' 'marauded']
 ['8' '87.79502252976602' 'present']
 ['22' '101.40826417085427' 'marauded']
 ['8' '146.24586723414677' 'present']
 ['22' '153.90574823750825' 'present']
 ['22' '155.29444778031223' 'present']
 ['0' '156.9372873324712' 'present']
 ['8' '161.92358446967768' 'present']
 ['2' '167.0979485359758' 'present']
 ['15' '167.11766292193548' 'present']
 ['10' '174.11120317849753' 'marauded']
 ['22' '177.80192095810875' 'presentdestroyed']
 ['18' '180.3362035685732' 'presentdestroyed']
 ['13' '208.18693237542374' 'present']
 ['0' '210.6442595518366' 'present']
 ['8' '212.3529094175546' 'present']
 ['23' '219.15912841253842' 'present']
 ['8' '233.07908375829913' 'present']
 ['23' '233.22541068207883' 'present']
 ['13' '258.4477409126746' 'present']
 ['8' '269.58504622993775' 'present']
 ['2' '282.80128063425167' 'present']
 ['1' '292.7383926609694' 'present']
 ['8' '301.7876311512759' 'present']
 ['7' '318.0269261059034' 'present']
 ['13' '318.3448622825278' 'present']
 ['22' '325.62647338648134' 'present']
 ['2' '332.6223312433969' 'present']
 ['0' '337.0878924412514' 'present']
 ['1' '345.91891483899957' 'present']]","[['F140' '86.31496096597432' 'absent']
 ['F189' '91.07635141264619' 'absent']
 ['F83' '97.7317809464525' 'mated']
 ['F128' '137.82734041575378' 'mated']
 ['F64' '144.9343938662725' 'mated']
 ['F103' '189.1277180144077' 'mated']
 ['F75' '194.96959464345647' 'mated']
 ['F50' '207.38639892979407' 'mated']
 ['F107' '233.32588462976167' 'mated']
 ['F119' '238.89382748373558' 'mated']
 ['F125' '276.7421543831372' 'absent']]",554.0,71.75489732426348,15.606587460533245,1458.0,251.91055875899127,55.53537758953872,229.0,36.60129011413222,7.641989614319027,0.0,0.0,0.0,0.0,0.0,0.0
20,0.0,7,360.5658219655771,"[['7' '10.25240651180632' 'present']
 ['8' '25.043080846445378' 'present']
 ['1' '37.945458929570535' 'marauded']
 ['7' '44.73869691041415' 'presentdestroyed']
 ['22' '49.21943411436429' 'present']
 ['2' '57.10813814400286' 'present']
 ['15' '68.68466200052568' 'present']
 ['13' '75.06965967738387' 'present']
 ['8' '78.13035293257366' 'marauded']
 ['7' '81.81795924769226' 'presentdestroyed']
 ['13' '84.39203785366253' 'presentdestroyed']
 ['15' '85.24436657485552' 'marauded']
 ['10' '96.75248598549493' 'present']
 ['13' '99.59135951974184' 'present']
 ['18' '100.10857868789194' 'marauded']
 ['8' '101.70032814763152' 'destroyed']
 ['23' '102.82523589519346' 'presentdestroyed']
 ['2' '105.78238018054168' 'presentdestroyed']
 ['22' '106.38845353632584' 'destroyed']
 ['0' '108.51741891094986' 'present']
 ['7' '109.50575377013017' 'present']
 ['8' '120.07209639712886' 'present']
 ['1' '122.70084452783202' 'present']
 ['8' '137.41041914728834' 'present']
 ['15' '143.11349979582323' 'present']
 ['1' '144.6109963245855' 'present']
 ['13' '155.0515219273469' 'present']
 ['13' '155.05615155697652' 'present']
 ['7' '160.34891933972085' 'present']
 ['1' '163.16455828828003' 'marauded']
 ['8' '167.80977900658365' 'presentdestroyed']
 ['15' '178.90610507745805' 'present']
 ['13' '187.6458327820952' 'present']
 ['18' '199.77429270571622' 'present']
 ['7' '210.05730990160805' 'present']
 ['13' '228.86524046765712' 'present']
 ['10' '237.23824703603483' 'present']
 ['7' '238.57904510181118' 'present']
 ['13' '248.12477500726365' 'marauded']
 ['0' '251.21522495737307' 'presentdestroyed']
 ['0' '252.40918715158705' 'presentdestroyed']
 ['7' '252.7247912888274' 'destroyed']
 ['23' '264.0933288347793' 'present']
 ['10' '287.0279250246983' 'present']
 ['8' '292.3856345866445' 'present']
 ['10' '297.57543570808053' 'marauded']
 ['15' '317.0408182912073' 'present']
 ['1' '317.8431338611216' 'present']
 ['22' '327.6001952948674' 'present']
 ['2' '329.94764561219114' 'present']
 ['8' '352.0302746004388' 'present']]","[['F212' '87.8733809431073' 'destroyed']
 ['F143' '124.82054510430169' 'mated']
 ['F23' '164.38991963771878' 'destroyed']
 ['F56' '203.7961653945373' 'mated']
 ['F146' '225.8176407181357' 'mated']
 ['F134' '232.9961591631503' 'mated']
 ['F14' '258.4612603036987' 'mated']
 ['F147' '273.71921224629267' 'mated']
 ['F15' '289.49914744037267' 'mated']]",567.0,72.22143670373295,15.278289094961515,1441.0,244.83269004831865,52.551034630487734,239.0,43.17787063982702,9.509211029472755,0.0,0.0,0.0,0.0,0.0,0.0
21,0.0,6,360.5413776179454,"[['18' '0.025856101172988883' 'present']
 ['2' '9.167275919536179' 'marauded']
 ['10' '10.961839292170206' 'destroyed']
 ['1' '26.88016832008876' 'present']
 ['13' '26.922780966286997' 'marauded']
 ['13' '30.913073962900835' 'presentdestroyed']
 ['1' '31.527842264227896' 'destroyed']
 ['7' '33.934888365873555' 'present']
 ['18' '35.27516019719901' 'marauded']
 ['18' '40.0751894753983' 'presentdestroyed']
 ['18' '69.0999512582503' 'present']
 ['18' '69.10458088787992' 'present']
 ['18' '70.65676433798598' 'marauded']
 ['15' '73.34561475078831' 'presentdestroyed']
 ['7' '83.4849687616684' 'present']
 ['22' '92.51519304383214' 'marauded']
 ['10' '95.80360545179167' 'destroyed']
 ['7' '111.00535338946233' 'marauded']
 ['2' '111.08551506945156' 'destroyed']
 ['15' '122.61156942923236' 'present']
 ['13' '124.2111854466852' 'present']
 ['22' '134.1083635985798' 'present']
 ['23' '143.53304849163862' 'marauded']
 ['2' '148.38322867169572' 'presentdestroyed']
 ['1' '149.07175511725583' 'presentdestroyed']
 ['1' '149.07638474688545' 'presentdestroyed']
 ['13' '155.43028769153764' 'marauded']
 ['22' '170.82194408914694' 'present']
 ['0' '198.83417805041637' 'present']
 ['15' '223.55481034330805' 'marauded']
 ['18' '226.32103984098833' 'presentdestroyed']
 ['2' '229.78418869419687' 'destroyed']
 ['23' '240.6897015935691' 'present']
 ['7' '262.5147029616367' 'present']
 ['0' '264.1646426862775' 'present']
 ['1' '267.4458858398259' 'present']
 ['13' '276.28831578562404' 'present']
 ['8' '276.66670060156025' 'present']
 ['23' '280.7975539728419' 'marauded']
 ['10' '294.76295231819836' 'present']
 ['7' '296.43174383416664' 'present']
 ['18' '340.2353117261633' 'present']
 ['7' '354.1389311679097' 'present']]","[['F43' '47.837265254347514' 'mated']
 ['F24' '55.42782791040148' 'mated']
 ['F112' '94.67038695457069' 'destroyed']
 ['F113' '127.74390773588203' 'mated']
 ['F136' '144.38182275210053' 'destroyed']
 ['F2' '180.66395181638333' 'mated']
 ['F134' '232.9938443483355' 'absent']
 ['F172' '247.73290384864868' 'mated']
 ['F100' '280.5865555445719' 'mated']
 ['F85' '286.1096041535655' 'destroyed']
 ['F105' '324.27021417707914' 'absent']]",573.0,69.12596726903787,14.144766005752322,1370.0,229.9119550745046,48.94031353978169,360.0,61.154167296075016,13.051476419394033,0.0,0.0,0.0,0.0,0.0,0.0
22,0.054,7,360.04255198019547,"[['7' '2.832970438272229' 'present']
 ['10' '3.0583267351550085' 'present']
 ['13' '26.015328107985276' 'present']
 ['13' '30.997949390059947' 'present']
 ['2' '31.15242297993593' 'present']
 ['23' '59.777892097688756' 'present']
 ['2' '64.50766239349326' 'present']
 ['13' '66.11246658226283' 'present']
 ['2' '67.27719540468249' 'present']
 ['7' '83.21215030751237' 'present']
 ['2' '92.1711454104936' 'present']
 ['23' '96.02151546921782' 'present']
 ['7' '101.70069510418426' 'present']
 ['8' '112.3477880196772' 'marauded']
 ['23' '115.75658909130996' 'presentdestroyed']
 ['10' '123.81030688593204' 'present']
 ['7' '127.42497808745179' 'present']
 ['8' '143.84547124923046' 'present']
 ['0' '150.70011876930886' 'present']
 ['0' '161.9674518026746' 'present']
 ['1' '179.54482386648576' 'present']
 ['13' '186.5724395145089' 'marauded']
 ['0' '188.5383115262563' 'presentdestroyed']
 ['0' '239.820701189808' 'marauded']
 ['18' '242.33105829511214' 'presentdestroyed']
 ['8' '253.81910980193734' 'present']
 ['13' '264.60906801771165' 'present']
 ['8' '275.8952147910762' 'present']
 ['7' '285.1941345242826' 'present']
 ['0' '304.32233015638883' 'present']
 ['0' '309.8706796622514' 'present']
 ['15' '324.41539298894617' 'present']
 ['13' '353.2749349486822' 'present']]","[['F44' '68.24246374572637' 'mated']
 ['F89' '74.6336861775565' 'absent']
 ['F204' '100.95933599118338' 'mated']
 ['F39' '110.58244557822606' 'mated']
 ['F7' '113.35514175984117' 'destroyed']
 ['F65' '118.7911289430473' 'destroyed']
 ['F111' '136.70370652634998' 'mated']
 ['F171' '142.50519315389747' 'absent']
 ['F158' '184.58204314458376' 'mated']
 ['F181' '218.0093420868165' 'mated']
 ['F22' '218.5166605713834' 'mated']]",567.0,69.07392514723946,14.16832928275661,1578.0,270.5782414928479,58.147311591779726,101.0,18.178502701552336,4.193151085280397,19.0,1.9000000000000006,0.1900000000000001,93.0,0.4305555555555561,0.0019933127572016444
23,0.054,7,359.91877821932485,"[['7' '14.605075138814565' 'marauded']
 ['10' '17.736760392002445' 'presentdestroyed']
 ['0' '18.536368323334987' 'destroyed']
 ['13' '25.404782783152438' 'present']
 ['22' '44.444252731616345' 'marauded']
 ['15' '45.365395520649' 'presentdestroyed']
 ['7' '51.11191731413313' 'presentdestroyed']
 ['1' '59.018461597203654' 'present']
 ['13' '124.21581507631483' 'present']
 ['0' '126.28840092404724' 'present']
 ['0' '139.73320133273964' 'present']
 ['18' '140.6691479168547' 'present']
 ['15' '143.11812942545285' 'present']
 ['8' '148.5294510646238' 'present']
 ['8' '151.08293436675874' 'present']
 ['22' '155.29907740994184' 'present']
 ['15' '161.66852350752595' 'present']
 ['22' '162.7777842408629' 'present']
 ['2' '188.38978217312504' 'present']
 ['10' '216.73223313899416' 'present']
 ['15' '222.06157316585697' 'present']
 ['13' '228.5446068517719' 'present']
 ['18' '238.08497558916633' 'present']
 ['0' '262.54816747956534' 'present']
 ['7' '266.7067473696088' 'marauded']
 ['7' '268.4662895643636' 'presentdestroyed']
 ['7' '283.8722091653896' 'marauded']
 ['7' '287.74153632913607' 'destroyed']
 ['8' '301.8629444984885' 'present']
 ['22' '307.610078269317' 'present']
 ['8' '310.6178635991132' 'present']
 ['1' '319.1867679717456' 'present']
 ['2' '320.1748922853422' 'marauded']
 ['13' '334.47142639717157' 'present']
 ['1' '346.45308170172706' 'present']
 ['18' '347.1974037839074' 'present']]","[['F145' '1.391875708192753' 'mated']
 ['F44' '68.24014893091156' 'absent']
 ['F68' '85.30000387161184' 'mated']
 ['F212' '87.87569575792212' 'mated']
 ['F163' '107.73290444741612' 'absent']
 ['F132' '138.49919717412448' 'absent']
 ['F117' '139.82547937957403' 'mated']
 ['F162' '194.45289685616856' 'mated']
 ['F115' '204.54669220128602' 'absent']
 ['F138' '225.44540406254507' 'mated']
 ['F153' '227.7581686855236' 'mated']
 ['F125' '276.73520993869266' 'absent']
 ['F0' '300.1575664284827' 'absent']]",567.0,69.12551561041703,13.452442240685128,1542.0,258.80329069615584,54.80858738206238,184.0,30.55291231246315,6.3624362941816655,14.0,1.4000000000000001,0.14000000000000007,67.0,0.3101851851851852,0.0014360425240054857
