id,probability_maraud,successful_mating,next_foraging_time,mar_attempts,mate_attempts,foraging_events,foraging_hrs,foraging_sqhrs,staying_events,staying_hrs,staying_sqhrs,repairing_events,repairing_hrs,repairing_sqhrs,marauding_events,marauding_hrs,marauding_sqhrs,traveling_events,traveling_hrs,traveling_sqhrs
0,0.054,4,360.4610230241218,"[['3' '1.0696024435214044' 'present']
 ['7' '6.573558295960793' 'present']
 ['4' '9.12690944271675' 'present']
 ['4' '10.366175224114638' 'present']
 ['15' '19.914672163001473' 'marauded']
 ['20' '29.26486289460949' 'present']
 ['14' '31.650359027235982' 'present']
 ['18' '38.24187028011066' 'marauded']
 ['17' '41.04770252895418' 'destroyed']
 ['17' '44.96208895640652' 'presentdestroyed']
 ['3' '56.500813023346765' 'present']
 ['19' '59.88313817562595' 'present']
 ['3' '60.282367269186324' 'marauded']
 ['4' '60.99469914721418' 'presentdestroyed']
 ['19' '65.0012866145914' 'presentdestroyed']
 ['8' '72.70560440556683' 'marauded']
 ['15' '83.31079006534499' 'present']
 ['5' '83.57496550256519' 'present']
 ['5' '83.99192166244501' 'present']
 ['15' '87.9914025739418' 'present']
 ['5' '91.87424702979517' 'present']
 ['10' '103.44727857767104' 'present']
 ['7' '105.27195043431384' 'present']
 ['17' '111.6492394724351' 'present']
 ['17' '133.66849112744686' 'present']
 ['15' '145.7313454002523' 'present']
 ['3' '146.46545883695774' 'present']
 ['21' '160.82337986858838' 'present']
 ['1' '163.66345595597653' 'present']
 ['15' '168.83406318667124' 'present']
 ['10' '168.93190854559322' 'present']
 ['20' '175.40972845207892' 'marauded']
 ['19' '176.7347619406069' 'presentdestroyed']
 ['13' '181.90698508002382' 'presentdestroyed']
 ['1' '182.1993337929639' 'destroyed']
 ['8' '200.30904027627972' 'present']
 ['15' '202.828055220941' 'present']
 ['7' '210.42455339958855' 'present']
 ['1' '211.16148718416684' 'present']
 ['23' '211.16619253983242' 'present']
 ['5' '212.9528199546929' 'present']
 ['14' '219.8352412900273' 'present']
 ['10' '232.20919621625225' 'present']
 ['10' '232.21382584588187' 'present']
 ['5' '234.63866649352' 'present']
 ['10' '240.77365749545194' 'present']
 ['13' '243.66437478778616' 'present']
 ['14' '246.76023144851382' 'present']
 ['3' '251.91996379665707' 'present']
 ['21' '262.8588358920403' 'present']
 ['20' '272.4441757902788' 'present']
 ['16' '277.3017765147368' 'present']
 ['7' '281.4199619518829' 'present']
 ['7' '281.4245915815126' 'present']
 ['23' '288.32472190607047' 'marauded']
 ['7' '293.053093571359' 'presentdestroyed']
 ['19' '293.7823466435535' 'presentdestroyed']
 ['18' '297.44378897915453' 'present']
 ['7' '298.94421491053305' 'present']
 ['18' '305.83667782754054' 'present']
 ['20' '306.2955920656286' 'marauded']
 ['3' '310.7737108967051' 'destroyed']
 ['3' '312.90124196219364' 'destroyed']
 ['23' '314.00968446326146' 'present']
 ['4' '314.49272474633773' 'present']
 ['13' '325.0146232055571' 'present']
 ['23' '334.4983595878582' 'present']
 ['5' '336.1977672582516' 'present']
 ['19' '345.01884438783173' 'present']
 ['23' '347.894647965468' 'present']
 ['19' '350.000929571844' 'present']]","[['F152' '94.54781690999513' 'absent']
 ['F38' '128.70193724950732' 'mated']
 ['F179' '141.22211486749967' 'mated']
 ['F139' '181.28283097371505' 'destroyed']
 ['F205' '195.53122693492952' 'mated']
 ['F97' '222.58958399370718' 'mated']
 ['F9' '238.41604868869857' 'absent']
 ['F48' '288.2262929902211' 'absent']
 ['F73' '290.41640533599474' 'destroyed']
 ['F209' '292.56169164896755' 'destroyed']
 ['F135' '311.9370537528066' 'destroyed']]",558.0,71.07072736775056,15.1146285064816,1466.0,244.81848015375465,51.91601878652041,253.0,42.67461912395923,9.078721095578553,14.0,1.4000000000000001,0.14000000000000007,70.0,0.3240740740740741,0.0015003429355281194
1,0.054,8,360.03068239373476,"[['19' '0.0023148148148148147' 'present']
 ['21' '4.091580909841034' 'present']
 ['5' '20.457105921246754' 'marauded']
 ['0' '29.614319513253896' 'present']
 ['14' '41.91977777650477' 'present']
 ['15' '43.581002734593035' 'present']
 ['0' '47.30882138505853' 'marauded']
 ['7' '47.70250127721921' 'presentdestroyed']
 ['18' '55.95111669190558' 'present']
 ['18' '57.79389810968144' 'marauded']
 ['17' '60.22884745530772' 'presentdestroyed']
 ['20' '67.21718084452291' 'marauded']
 ['23' '80.19615907423214' 'present']
 ['3' '98.45059993204433' 'present']
 ['10' '101.2550443866493' 'present']
 ['0' '101.42533098158987' 'marauded']
 ['3' '116.5974429861695' 'marauded']
 ['21' '118.08967613630526' 'presentdestroyed']
 ['14' '118.6339947695422' 'presentdestroyed']
 ['0' '123.1189705832694' 'presentdestroyed']
 ['16' '126.4616802055885' 'present']
 ['3' '127.03995146436384' 'present']
 ['7' '127.56663612119648' 'marauded']
 ['15' '128.41064770853464' 'presentdestroyed']
 ['19' '132.56401785019676' 'presentdestroyed']
 ['17' '137.16933789572875' 'present']
 ['15' '146.81869624735683' 'present']
 ['8' '152.6280585482076' 'present']
 ['18' '160.41962474623145' 'present']
 ['18' '168.1280431792543' 'present']
 ['10' '168.68502738194482' 'marauded']
 ['7' '169.13609469689754' 'destroyed']
 ['21' '179.01166664623457' 'present']
 ['19' '196.5770909099111' 'marauded']
 ['17' '200.67819880114698' 'presentdestroyed']
 ['17' '209.56243321908718' 'present']
 ['23' '211.61064308832408' 'marauded']
 ['7' '238.0942303662408' 'present']
 ['3' '239.5445149615323' 'present']
 ['19' '242.61369786398518' 'present']
 ['3' '249.9299632372903' 'present']
 ['10' '251.4430100116815' 'present']
 ['8' '256.4975018645169' 'present']
 ['19' '257.8768734970908' 'present']
 ['19' '264.2345449330495' 'present']
 ['8' '266.41892813148866' 'present']
 ['7' '267.4816968195211' 'present']
 ['18' '284.9145070268062' 'marauded']
 ['16' '286.58049900827217' 'presentdestroyed']
 ['17' '288.59526077988835' 'presentdestroyed']
 ['7' '299.12128394129405' 'present']
 ['21' '307.9823711491482' 'present']
 ['20' '314.7291867988371' 'present']
 ['20' '334.4033738931267' 'present']
 ['16' '335.40570038451006' 'marauded']
 ['16' '347.8210689957104' 'present']]","[['F140' '47.19132054856657' 'mated']
 ['F52' '65.41363195514933' 'mated']
 ['F163' '83.79375960340532' 'mated']
 ['F170' '114.10835591823324' 'absent']
 ['F15' '127.58391528412051' 'absentdestroyed']
 ['F162' '134.6441205245172' 'destroyed']
 ['F159' '160.17392538472035' 'absent']
 ['F143' '184.26716714343877' 'absent']
 ['F58' '202.12982958269666' 'destroyed']
 ['F98' '206.91664373684003' 'mated']
 ['F68' '226.24255456616945' 'mated']
 ['F24' '233.31734628016866' 'absent']
 ['F33' '260.64808746855766' 'mated']
 ['F199' '270.0113921881347' 'absent']
 ['F70' '296.34117442965027' 'mated']
 ['F176' '345.37598314436167' 'mated']]",561.0,66.97045468773014,12.726129289694388,1318.0,218.30273361593083,46.36715782788641,434.0,72.88556997095763,15.461464635602178,16.0,1.6000000000000003,0.1600000000000001,83.0,0.3842592592592596,0.0017789780521261986
2,0.0,15,360.0626939936285,"[['13' '0.720508804744586' 'present']
 ['21' '4.096210539470664' 'present']
 ['14' '7.773066050211638' 'present']
 ['7' '8.194703275025999' 'present']
 ['7' '12.177402379684635' 'present']
 ['20' '14.527011364102663' 'present']
 ['20' '15.32409117182183' 'present']
 ['17' '21.792144417884966' 'present']
 ['20' '23.792460468941307' 'present']
 ['13' '30.995650963594457' 'present']
 ['18' '50.40979976143909' 'present']
 ['16' '67.55525021447691' 'present']
 ['13' '71.73863294411284' 'present']
 ['7' '73.92005248144638' 'present']
 ['1' '81.70930800765942' 'marauded']
 ['17' '87.29683444421161' 'presentdestroyed']
 ['4' '104.11663589218868' 'present']
 ['21' '119.44985744403296' 'present']
 ['8' '126.68620549595539' 'present']
 ['17' '128.9444203302022' 'marauded']
 ['8' '132.3430227571771' 'presentdestroyed']
 ['15' '138.1515858221542' 'marauded']
 ['17' '139.1105025047313' 'presentdestroyed']
 ['1' '139.26397570228934' 'presentdestroyed']
 ['14' '139.7135700634487' 'presentdestroyed']
 ['3' '140.21109621490638' 'presentdestroyed']
 ['0' '155.66083970766334' 'present']
 ['7' '173.5446458333095' 'marauded']
 ['23' '183.55998976330952' 'marauded']
 ['13' '187.0660999480292' 'presentdestroyed']
 ['5' '197.41920182411698' 'present']
 ['3' '200.80878722510033' 'marauded']
 ['17' '203.23233264356193' 'presentdestroyed']
 ['5' '209.66236595259687' 'present']
 ['7' '211.08607776785777' 'present']
 ['16' '217.50625408884355' 'present']
 ['0' '226.01111537443714' 'present']
 ['15' '226.03754289252268' 'present']
 ['13' '229.38734811055758' 'present']
 ['1' '232.09572819254228' 'present']
 ['10' '234.77769975778574' 'present']
 ['23' '239.15872037449128' 'present']
 ['16' '243.0668706150313' 'marauded']
 ['3' '256.2291700404657' 'present']
 ['10' '259.8801818038221' 'present']
 ['4' '263.729972649488' 'marauded']
 ['17' '264.3451492960991' 'presentdestroyed']
 ['23' '268.60526989257266' 'destroyed']
 ['19' '291.91883940095016' 'present']
 ['20' '294.3634287339843' 'present']
 ['7' '295.89200500565863' 'present']
 ['7' '296.3341710505163' 'present']
 ['20' '296.35776570638205' 'present']
 ['5' '308.69770135481195' 'marauded']
 ['3' '324.92473859927264' 'present']
 ['3' '329.7521842481645' 'present']
 ['1' '332.76047503945284' 'present']
 ['0' '333.8293224774228' 'present']
 ['18' '344.0800030470243' 'marauded']
 ['14' '344.2913597245404' 'presentdestroyed']
 ['10' '345.2760031308927' 'presentdestroyed']
 ['0' '353.0914654093757' 'marauded']
 ['21' '357.42293548779264' 'presentdestroyed']
 ['0' '358.0684403646074' 'destroyed']]","[['F72' '6.892448654560161' 'mated']
 ['F82' '36.66617010124487' 'mated']
 ['F117' '55.20398736597294' 'mated']
 ['F19' '79.60518645750597' 'mated']
 ['F60' '88.33298206883613' 'destroyed']
 ['F84' '102.71451040643437' 'absent']
 ['F65' '105.43171653980161' 'mated']
 ['F39' '110.57852350112073' 'mated']
 ['F177' '115.18822265093243' 'mated']
 ['F162' '134.64643533933202' 'destroyed']
 ['F179' '141.21980005268486' 'destroyed']
 ['F121' '149.3006397596994' 'absent']
 ['F156' '162.09941164072805' 'absent']
 ['F146' '164.96634379435986' 'mated']
 ['F41' '166.16197778524568' 'mated']
 ['F49' '181.769274983062' '']
 ['F123' '182.23465916661158' 'mated']
 ['F143' '184.26948195825358' 'destroyed']
 ['F168' '208.60228391906045' '']
 ['F133' '218.26960258219597' 'mated']
 ['F144' '229.77508201743814' 'mated']
 ['F35' '284.86896056400366' 'mated']
 ['F13' '297.9595151593496' 'mated']
 ['F187' '313.6679505046789' 'destroyed']
 ['F182' '333.4865157481128' 'mated']]",567.0,70.57130528630653,14.642194178505642,1322.0,222.68805135124856,47.89178654247521,404.0,66.82671222016694,14.091889904341501,0.0,0.0,0.0,0.0,0.0,0.0
3,0.054,8,360.2910636196207,"[['13' '8.396132421177429' 'present']
 ['16' '13.527061206847494' 'present']
 ['17' '13.617881208968823' 'present']
 ['4' '23.975824870696794' 'present']
 ['14' '27.076961727440672' 'present']
 ['1' '40.2984443510001' 'marauded']
 ['15' '42.99896343629886' 'presentdestroyed']
 ['8' '43.698335715374746' 'presentdestroyed']
 ['15' '46.39686060030154' 'presentdestroyed']
 ['8' '46.78352211111267' 'destroyed']
 ['13' '49.16616332700989' 'present']
 ['16' '53.94126723532109' 'present']
 ['16' '55.67263354737787' 'present']
 ['10' '56.210670793225546' 'present']
 ['17' '62.49994239316595' 'present']
 ['18' '71.56560274736765' 'marauded']
 ['13' '73.09179377433715' 'presentdestroyed']
 ['21' '75.74585384006413' 'presentdestroyed']
 ['18' '83.74589633677618' 'present']
 ['8' '95.85058469709796' 'present']
 ['1' '100.97089561102172' 'marauded']
 ['18' '113.32719602669992' 'present']
 ['20' '122.26885088871104' 'present']
 ['16' '127.78336734108994' 'marauded']
 ['14' '128.9011299259764' 'presentdestroyed']
 ['20' '132.33333172770273' 'presentdestroyed']
 ['13' '132.88675193544822' 'presentdestroyed']
 ['19' '139.33685063877914' 'present']
 ['19' '145.15718394190503' 'present']
 ['23' '146.62651321399233' 'present']
 ['23' '147.7202036791925' 'marauded']
 ['15' '153.81614343357015' 'presentdestroyed']
 ['1' '155.76037800508212' 'present']
 ['14' '162.0046680079791' 'present']
 ['13' '164.48786227034086' 'marauded']
 ['1' '179.71989376868746' 'present']
 ['20' '184.6563268855469' 'present']
 ['10' '185.06656540920181' 'present']
 ['1' '191.14507432549786' 'present']
 ['4' '191.17946022352572' 'present']
 ['7' '192.09089090877043' 'present']
 ['4' '196.06949465720106' 'present']
 ['17' '205.55108588836256' 'present']
 ['4' '208.47138549674617' 'present']
 ['4' '212.03309916229784' 'present']
 ['14' '213.15557093626228' 'present']
 ['20' '218.5919238013636' 'present']
 ['23' '221.83066031399736' 'marauded']
 ['10' '226.15303266808903' 'presentdestroyed']
 ['17' '226.96155570296241' 'presentdestroyed']
 ['16' '232.4772906774716' 'present']
 ['10' '242.24550709164146' 'marauded']
 ['4' '245.7797567812531' 'presentdestroyed']
 ['10' '251.38653111262641' 'present']
 ['8' '270.1913831891122' 'present']
 ['23' '277.62940991656393' 'present']
 ['23' '284.3393348585628' 'present']
 ['17' '284.77096675554185' 'marauded']
 ['16' '291.3036384457242' 'destroyed']
 ['14' '299.0118774425868' 'present']
 ['10' '301.0856974304878' 'present']
 ['1' '301.90807774017867' 'present']
 ['18' '309.30437062194676' 'present']
 ['16' '316.3393448361918' 'present']
 ['15' '336.9825127674388' 'present']
 ['14' '345.8070410123726' 'marauded']
 ['16' '346.8811673183482' 'presentdestroyed']
 ['10' '346.9160392611795' 'presentdestroyed']
 ['4' '347.6610525321129' 'destroyed']
 ['23' '348.28281650300045' 'presentdestroyed']
 ['4' '349.39828067359576' 'destroyed']
 ['15' '359.61526565001975' 'present']]","[['F118' '56.200281857798096' 'mated']
 ['F120' '79.61745003397056' 'absent']
 ['F177' '115.18359302130281' 'absent']
 ['F121' '149.2983249448846' 'destroyed']
 ['F121' '149.30758420414384' 'destroyed']
 ['F99' '169.57894643338528' 'destroyed']
 ['F25' '174.20709880599222' 'mated']
 ['F201' '176.43434498270818' 'mated']
 ['F23' '191.3857703289633' 'mated']
 ['F103' '203.92040434442134' 'mated']
 ['F211' '211.7717755528717' 'mated']
 ['F183' '218.9655456298217' 'absent']
 ['F7' '277.14300209005637' 'mated']
 ['F81' '299.7372463874175' 'mated']]",572.0,69.37064213633965,13.654205568415447,1372.0,227.78138172314294,48.42694695627713,358.0,60.900813024515806,13.037250194452133,15.0,1.5000000000000002,0.15000000000000008,97.0,0.4490740740740747,0.0020790466392318235
4,0.054,9,360.24948084948795,"[['10' '0.1059561999046955' 'present']
 ['23' '2.4111198087528463' 'present']
 ['5' '4.219877533450498' 'present']
 ['21' '4.304217529718174' 'present']
 ['5' '10.911917234365317' 'marauded']
 ['5' '16.572097107889608' 'destroyed']
 ['3' '21.80188066272955' 'present']
 ['10' '22.35412300002512' 'present']
 ['23' '23.274474030752078' 'present']
 ['5' '30.426142515115238' 'present']
 ['1' '38.477571783362585' 'present']
 ['21' '42.30236288853696' 'present']
 ['13' '45.56817533615029' 'present']
 ['0' '46.7233901925153' 'marauded']
 ['5' '53.99186291026395' 'presentdestroyed']
 ['1' '66.58590874400028' 'present']
 ['19' '68.48791560711923' 'present']
 ['5' '74.46964633880252' 'present']
 ['3' '88.21623952873234' 'present']
 ['21' '95.76339044142323' 'present']
 ['0' '96.41800417351189' 'present']
 ['1' '111.61378395643857' 'present']
 ['21' '141.79707471387093' 'present']
 ['0' '143.5025023489671' 'marauded']
 ['15' '143.85593147930118' 'presentdestroyed']
 ['23' '146.63114284362194' 'destroyed']
 ['16' '151.4446073108103' 'present']
 ['16' '151.51289165519415' 'present']
 ['20' '154.81689617097996' 'marauded']
 ['21' '157.83679826674867' 'presentdestroyed']
 ['5' '162.0993136089376' 'presentdestroyed']
 ['1' '162.25590110321374' 'presentdestroyed']
 ['1' '166.64553217082954' 'present']
 ['8' '171.10250870003463' 'marauded']
 ['14' '175.08415711928254' 'presentdestroyed']
 ['5' '175.23151847735312' 'presentdestroyed']
 ['16' '181.8341070489032' 'marauded']
 ['10' '187.0343408840105' 'presentdestroyed']
 ['0' '193.55851601150337' 'present']
 ['8' '197.69847914221813' 'present']
 ['8' '204.66928872861777' 'present']
 ['19' '221.3671437860936' 'present']
 ['0' '223.71655334488938' 'present']
 ['20' '231.43106098395185' 'present']
 ['5' '237.97202429242114' 'present']
 ['17' '238.84604016215553' 'present']
 ['23' '239.15409074486166' 'present']
 ['3' '239.71199113218594' 'present']
 ['20' '280.26221830186773' 'present']
 ['13' '281.6291796498085' 'present']
 ['1' '282.29454298999644' 'present']
 ['18' '282.91451437004747' 'marauded']
 ['10' '286.9063838069845' 'presentdestroyed']
 ['7' '288.2131141196171' 'presentdestroyed']
 ['20' '300.57320681165993' 'marauded']
 ['13' '311.6117824424129' 'present']
 ['0' '323.4991313304606' 'present']
 ['8' '354.8029465678761' 'present']
 ['19' '359.6302809777948' 'present']]","[['F140' '47.189005733751756' 'destroyed']
 ['F30' '49.87864236613351' 'destroyed']
 ['F167' '115.38035490005453' 'mated']
 ['F172' '117.83119186402305' 'mated']
 ['F186' '130.40167468670947' 'mated']
 ['F128' '156.37486052284243' 'destroyed']
 ['F159' '160.17624019953516' 'destroyed']
 ['F126' '195.93723663526424' 'mated']
 ['F129' '203.50274170844494' 'mated']
 ['F183' '218.9678604446365' 'mated']
 ['F14' '220.47575395389876' 'mated']
 ['F200' '278.0225601563791' 'mated']
 ['F74' '296.04825722279656' 'mated']]",554.0,75.15142744328477,17.401028773999055,1409.0,234.35168522256038,49.58137980423676,286.0,48.92276373146647,10.758080023051027,12.0,1.2,0.12000000000000005,85.0,0.3935185185185189,0.0018218449931412877
5,0.054,9,359.94912156333123,"[['8' '10.177645825906119' 'present']
 ['16' '13.874032852785039' 'present']
 ['17' '20.374554093526335' 'present']
 ['23' '39.7579255633649' 'present']
 ['1' '43.527989781471824' 'present']
 ['19' '63.39850926801672' 'marauded']
 ['13' '68.14741834992805' 'presentdestroyed']
 ['21' '76.33233748635256' 'present']
 ['14' '84.17605407592839' 'marauded']
 ['0' '90.46087129139966' 'destroyed']
 ['10' '94.7643633782575' 'present']
 ['8' '108.55621756482506' 'marauded']
 ['14' '114.27660960975177' 'destroyed']
 ['7' '117.46216497319163' 'present']
 ['20' '124.35853933727287' 'present']
 ['21' '128.50647745450777' 'present']
 ['8' '130.71599064433826' 'marauded']
 ['23' '135.71397858812537' 'destroyed']
 ['3' '142.06788384902055' 'present']
 ['19' '151.7842538943273' 'present']
 ['18' '169.70290312164948' 'present']
 ['17' '174.58150303497735' 'present']
 ['21' '201.18027596208918' 'present']
 ['23' '211.20915805919273' 'present']
 ['3' '217.91621867060368' 'present']
 ['15' '233.67452821778184' 'present']
 ['21' '259.1143984120804' 'marauded']
 ['1' '271.01587778497804' 'marauded']
 ['13' '272.4944104734776' 'destroyed']
 ['18' '280.5941751339019' 'present']
 ['3' '280.6365832199229' 'present']
 ['14' '286.0578798683309' 'marauded']
 ['17' '298.73872441132926' 'present']
 ['3' '320.92658112144056' 'present']
 ['0' '321.7707540648598' 'present']
 ['7' '326.2529166249739' 'present']
 ['15' '328.36961744401424' 'marauded']
 ['14' '348.8105520860474' 'present']
 ['3' '354.4333303420232' 'present']
 ['10' '358.6045732567496' 'present']]","[['F16' '62.0810307963451' 'mated']
 ['F63' '105.6094434916545' 'mated']
 ['F177' '115.18590783611762' 'destroyed']
 ['F190' '132.04939232805657' 'destroyed']
 ['F119' '135.7500634157606' 'destroyed']
 ['F156' '162.09709682591324' 'absent']
 ['F114' '179.75796445730947' 'mated']
 ['F203' '182.026198275669' 'mated']
 ['F154' '202.3462871075768' 'mated']
 ['F110' '214.35647177800425' 'mated']
 ['F93' '222.91008205327822' 'mated']
 ['F210' '260.8246487145258' 'destroyed']
 ['F53' '297.77469084861264' 'mated']
 ['F17' '350.41467030676455' 'mated']]",560.0,71.24743776657303,14.9656504614001,1404.0,237.91262254484874,50.81588428646005,293.0,48.93547875350772,10.344973369416566,16.0,1.6000000000000003,0.1600000000000001,99.0,0.458333333333334,0.002121913580246913
6,0.0,11,360.6373993577177,"[['16' '1.9896640854589112' 'present']
 ['18' '3.274148802448921' 'present']
 ['16' '8.202187729732213' 'present']
 ['20' '15.980321477585361' 'present']
 ['3' '16.140426097648017' 'present']
 ['10' '24.590379461293715' 'present']
 ['0' '45.635989751387136' 'present']
 ['0' '47.44140960604663' 'present']
 ['15' '48.97608758237779' 'present']
 ['8' '49.99934452015633' 'present']
 ['10' '54.18670507297094' 'present']
 ['5' '61.533416358710504' 'present']
 ['19' '61.989092907175944' 'marauded']
 ['8' '66.09956223292953' 'presentdestroyed']
 ['13' '69.8118920874327' 'destroyed']
 ['21' '71.71779251046047' 'present']
 ['1' '85.79021667320603' 'present']
 ['8' '90.83585977110532' 'present']
 ['17' '93.7599248189609' 'marauded']
 ['17' '100.2555268617558' 'destroyed']
 ['20' '121.74491553743843' 'present']
 ['5' '126.98025325275768' 'present']
 ['19' '146.57796540868523' 'present']
 ['20' '147.98351231147535' 'present']
 ['1' '149.48045683094165' 'present']
 ['18' '154.71773188410057' 'present']
 ['18' '155.02764364780722' 'marauded']
 ['13' '156.14979752587828' 'presentdestroyed']
 ['16' '159.65344404417456' 'presentdestroyed']
 ['16' '160.39029137191167' 'presentdestroyed']
 ['1' '162.9709435118946' 'presentdestroyed']
 ['13' '176.6041066736236' 'present']
 ['21' '181.47894182230007' 'present']
 ['13' '188.190711582402' 'present']
 ['3' '188.60118841341054' 'marauded']
 ['1' '190.99540477835504' 'destroyed']
 ['14' '191.5820318496014' 'destroyed']
 ['15' '192.98310971061287' 'presentdestroyed']
 ['13' '194.5025964710131' 'presentdestroyed']
 ['13' '195.01452835190435' 'presentdestroyed']
 ['23' '196.48820631700664' 'present']
 ['7' '199.60037794742496' 'marauded']
 ['8' '206.23227523045642' 'destroyed']
 ['16' '230.84665794657406' 'marauded']
 ['13' '232.34255858662962' 'presentdestroyed']
 ['19' '233.58528893434647' 'destroyed']
 ['10' '235.15857596032353' 'presentdestroyed']
 ['21' '237.69154688710054' 'presentdestroyed']
 ['1' '244.689718217088' 'present']
 ['10' '262.5050799065294' 'present']
 ['3' '272.80330868477296' 'present']
 ['19' '276.9103723421817' 'present']
 ['17' '284.2320488982744' 'present']
 ['17' '286.1220846611826' 'present']
 ['14' '288.6696357090821' 'present']
 ['3' '302.4972884448016' 'present']
 ['17' '302.91922816070326' 'present']
 ['18' '310.035116570887' 'present']
 ['7' '313.1135411441305' 'present']
 ['21' '317.49191606696843' 'present']
 ['18' '333.9623958164123' 'present']
 ['4' '343.911848656515' 'present']
 ['4' '353.37729258842273' 'present']]","[['F82' '36.663855286430056' 'absent']
 ['F120' '79.61976484878537' 'mated']
 ['F167' '115.37572527042491' 'absent']
 ['F26' '116.75345861125867' 'mated']
 ['F146' '164.96402897954505' 'absent']
 ['F37' '170.526488679303' 'mated']
 ['F64' '182.28328949079068' 'mated']
 ['F143' '184.2717967730684' 'absent']
 ['F22' '187.06897197098047' 'mated']
 ['F58' '202.12751476788185' 'destroyed']
 ['F42' '221.11559429772015' 'mated']
 ['F36' '276.71207427597136' 'mated']
 ['F108' '278.5030417851336' 'mated']
 ['F87' '292.4553837865258' 'mated']
 ['F135' '311.93936856762144' 'mated']
 ['F59' '337.3427137376141' 'mated']]",547.0,74.80704219690146,17.088925637585003,1472.0,248.96844437213676,53.714939677266564,217.0,36.38814381728468,7.640861838558579,0.0,0.0,0.0,0.0,0.0,0.0
7,0.054,14,360.44185149693624,"[['1' '1.3150776377087423' 'present']
 ['21' '5.816765026601606' 'present']
 ['14' '14.385598825056913' 'present']
 ['5' '16.05261507468603' 'present']
 ['17' '25.25659634636247' 'present']
 ['20' '34.2822242542731' 'present']
 ['5' '37.852288620099664' 'marauded']
 ['21' '52.89351433605013' 'present']
 ['8' '60.886085688361035' 'present']
 ['20' '69.24243951503303' 'present']
 ['0' '71.02839875196123' 'present']
 ['5' '76.5124446538273' 'present']
 ['8' '81.04488883494444' 'present']
 ['0' '86.47490315087504' 'present']
 ['3' '86.6340554248445' 'present']
 ['4' '119.78647050199467' 'present']
 ['21' '124.97765318455907' 'present']
 ['8' '126.70704894317207' 'present']
 ['3' '127.3434973782526' 'present']
 ['4' '130.78527946715116' 'present']
 ['0' '134.13383499983624' 'marauded']
 ['14' '138.69475008975306' 'presentdestroyed']
 ['14' '140.67390195564516' 'presentdestroyed']
 ['19' '144.05493303875153' 'present']
 ['16' '157.4402862133133' 'present']
 ['23' '159.20688368390913' 'marauded']
 ['16' '176.5521654076134' 'marauded']
 ['1' '184.26795597031776' 'marauded']
 ['16' '186.14331817793106' 'presentdestroyed']
 ['5' '189.65210397612617' 'presentdestroyed']
 ['14' '190.9770197353639' 'presentdestroyed']
 ['16' '193.94382774466519' 'present']
 ['5' '200.33123730493358' 'present']
 ['5' '202.66162427163292' 'present']
 ['17' '216.23619743689943' 'present']
 ['4' '219.05439682747325' 'marauded']
 ['20' '225.5949355107797' 'presentdestroyed']
 ['16' '226.64575132446643' 'present']
 ['15' '226.77835237795298' 'present']
 ['8' '227.87689958856987' 'present']
 ['16' '232.4819203071012' 'present']
 ['5' '252.16029522965232' 'marauded']
 ['0' '254.86071498636616' 'presentdestroyed']
 ['17' '266.77419317283955' 'present']
 ['1' '267.16033860592296' 'present']
 ['23' '284.8655613166889' 'present']
 ['17' '285.3164987340809' 'present']
 ['19' '287.1991575284752' 'present']
 ['10' '291.4326387500275' 'present']
 ['17' '294.3051784399589' 'present']
 ['19' '305.3434238713421' 'marauded']
 ['20' '309.75057851931945' 'presentdestroyed']
 ['4' '332.80229235198425' 'present']
 ['4' '337.63233037872766' 'present']
 ['20' '338.96328232235896' 'present']
 ['10' '341.64768933742613' 'present']
 ['1' '355.97697387405356' 'present']
 ['1' '358.7190669645247' 'marauded']]","[['F27' '31.510440231059288' 'mated']
 ['F193' '46.93386563678147' 'mated']
 ['F169' '54.96587829331248' 'mated']
 ['F194' '57.46634966507505' 'mated']
 ['F47' '58.791418615690354' 'mated']
 ['F152' '94.55013172480994' 'mated']
 ['F28' '128.18230368899816' 'mated']
 ['F105' '131.86226959883055' 'mated']
 ['F8' '159.82679102658457' 'destroyed']
 ['F121' '161.30989901895865' 'destroyed']
 ['F125' '191.94581143187125' 'mated']
 ['F195' '193.229310907853' 'mated']
 ['F58' '202.13214439751147' 'mated']
 ['F134' '209.16819189626878' 'absent']
 ['F29' '211.3257964487121' 'mated']
 ['F18' '301.7880112890925' 'mated']
 ['F187' '313.67026531949375' 'mated']]",566.0,73.35097239626415,14.922882622190565,1400.0,235.64709268135553,49.852304617925654,303.0,49.56252130537468,10.27082348958978,11.0,1.0999999999999999,0.11000000000000004,77.0,0.3564814814814817,0.0016503772290809313
8,0.054,6,360.0914786238042,"[['20' '13.744942835266643' 'marauded']
 ['23' '21.575154149311242' 'present']
 ['18' '25.156996945540087' 'present']
 ['4' '27.43063288948672' 'marauded']
 ['3' '28.91005241843535' 'presentdestroyed']
 ['16' '35.162928649798104' 'destroyed']
 ['17' '39.01319012873464' 'present']
 ['17' '42.70837347121289' 'present']
 ['19' '70.74931921047546' 'present']
 ['13' '74.37063194374652' 'present']
 ['5' '76.09911287664097' 'present']
 ['1' '85.9165791621918' 'present']
 ['3' '95.76825444443456' 'present']
 ['14' '102.45391544126775' 'present']
 ['4' '105.3473502333207' 'present']
 ['1' '108.67763950799547' 'present']
 ['23' '111.26052829348164' 'marauded']
 ['7' '116.30252557953311' 'destroyed']
 ['14' '118.33390464014471' 'destroyed']
 ['23' '133.04173066697052' 'marauded']
 ['16' '136.56432969819966' 'presentdestroyed']
 ['17' '137.97147167618954' 'presentdestroyed']
 ['19' '139.33222100914952' 'presentdestroyed']
 ['5' '162.13974129017868' 'present']
 ['10' '174.13345156598126' 'present']
 ['3' '179.74230137566482' 'present']
 ['0' '186.84771121030366' 'present']
 ['4' '203.13948786457942' 'present']
 ['23' '205.9650609564846' 'present']
 ['23' '212.2965272093344' 'marauded']
 ['13' '215.75525863108456' 'presentdestroyed']
 ['4' '215.82385667809666' 'presentdestroyed']
 ['15' '220.88978549316397' 'present']
 ['17' '223.16920538751432' 'present']
 ['1' '223.75557886078232' 'present']
 ['13' '229.96535524029545' 'marauded']
 ['1' '247.13178160187954' 'present']
 ['17' '258.46523258803313' 'present']
 ['4' '267.6893115231348' 'present']
 ['5' '268.7534707359616' 'present']
 ['7' '271.43884051913943' 'present']
 ['3' '277.6418310310307' 'marauded']
 ['20' '278.34301720268655' 'presentdestroyed']
 ['13' '279.25824424578485' 'presentdestroyed']
 ['23' '281.57690421236225' 'presentdestroyed']
 ['15' '283.1547925300442' 'presentdestroyed']
 ['10' '301.3105872037976' 'marauded']
 ['5' '308.17158587922046' 'presentdestroyed']
 ['5' '309.0822326083199' 'marauded']
 ['16' '309.41520704646007' 'destroyed']
 ['4' '311.5302295171076' 'destroyed']
 ['13' '311.6164120720426' 'presentdestroyed']
 ['19' '312.8511996289712' 'presentdestroyed']
 ['0' '320.36409840105256' 'present']
 ['1' '323.3221181785951' 'present']
 ['7' '336.9994955823485' 'present']
 ['4' '349.6756368978562' 'present']
 ['21' '355.82803643304806' 'marauded']
 ['0' '358.336820175025' 'presentdestroyed']]","[['F27' '31.505810601429662' 'destroyed']
 ['F79' '33.17741858247466' 'destroyed']
 ['F43' '61.61307702959875' 'mated']
 ['F112' '61.6487942794159' 'mated']
 ['F101' '68.02761852035553' 'absent']
 ['F167' '115.37804008523972' 'destroyed']
 ['F162' '134.6418057097024' 'destroyed']
 ['F40' '144.52433912745113' 'mated']
 ['F196' '152.72153757014593' 'mated']
 ['F158' '158.3300185044895' 'mated']
 ['F157' '185.81811304364714' 'mated']]",551.0,71.66298041067394,14.970225560851175,1367.0,227.16553116055582,47.94946344550532,343.0,59.19690991379075,12.912556372359342,16.0,1.6000000000000003,0.1600000000000001,83.0,0.3842592592592596,0.0017789780521261986
9,0.0,10,360.2293517751037,"[['18' '4.9278506402758' 'present']
 ['10' '13.281993431366226' 'present']
 ['17' '13.622510838598453' 'present']
 ['23' '19.26588100584089' 'present']
 ['19' '33.510476674315136' 'present']
 ['20' '52.99304799621235' 'present']
 ['16' '55.47865696730545' 'marauded']
 ['15' '56.61571405107021' 'destroyed']
 ['4' '57.94678624297821' 'presentdestroyed']
 ['16' '58.32649771151965' 'presentdestroyed']
 ['14' '58.92856383080046' 'presentdestroyed']
 ['5' '71.50476227296645' 'present']
 ['14' '76.99591934749644' 'present']
 ['16' '87.60027657830408' 'present']
 ['1' '92.1230422929701' 'present']
 ['5' '95.28664849129537' 'present']
 ['23' '106.10839656924908' 'present']
 ['5' '119.21507066612646' 'present']
 ['5' '124.07672114617532' 'marauded']
 ['3' '124.26450734372969' 'destroyed']
 ['21' '137.03298811145334' 'present']
 ['8' '145.39309792989394' 'present']
 ['19' '146.3026651954168' 'present']
 ['8' '151.54712846090632' 'marauded']
 ['1' '155.01302021043657' 'presentdestroyed']
 ['21' '155.64684129954796' 'presentdestroyed']
 ['16' '162.4758055878217' 'present']
 ['10' '191.6744809053825' 'present']
 ['23' '193.41437102793444' 'present']
 ['16' '196.28275776399943' 'present']
 ['4' '203.90181123458785' 'present']
 ['8' '204.6739183582474' 'present']
 ['20' '205.41646815932862' 'present']
 ['21' '206.05082553683897' 'marauded']
 ['18' '212.9450756567131' 'presentdestroyed']
 ['18' '212.94970528634272' 'presentdestroyed']
 ['23' '216.8941138176828' 'present']
 ['17' '226.1434909576466' 'present']
 ['7' '233.14460370051523' 'present']
 ['17' '236.71171996806535' 'present']
 ['1' '238.2986711645176' 'present']
 ['10' '241.91229436892112' 'present']
 ['8' '248.78006735391227' 'present']
 ['7' '249.1976515856082' 'present']
 ['3' '270.8321591716995' 'marauded']
 ['21' '272.8341111142619' 'presentdestroyed']
 ['4' '273.0829094805171' 'destroyed']
 ['10' '292.1247053178799' 'present']
 ['10' '306.2805197306158' 'present']
 ['3' '314.3739139060246' 'present']
 ['4' '314.8950924430671' 'present']
 ['17' '317.76487895504147' 'present']
 ['1' '326.2791846103988' 'present']
 ['7' '327.1470630402835' 'marauded']
 ['5' '327.9821614839756' 'presentdestroyed']
 ['16' '331.3839141548895' 'destroyed']
 ['7' '335.9059482741804' 'present']
 ['5' '348.5649771575649' 'present']
 ['10' '353.3748634228517' 'present']
 ['15' '359.68056431390204' 'present']]","[['F67' '71.52031568148138' 'mated']
 ['F170' '114.11067073304805' 'mated']
 ['F46' '121.26952548008603' 'mated']
 ['F102' '154.48527860134263' 'destroyed']
 ['F121' '161.31221383377346' 'mated']
 ['F107' '171.31733041437056' 'mated']
 ['F206' '205.03828256932198' 'mated']
 ['F212' '268.51661807144706' 'mated']
 ['F131' '285.38174082319114' 'mated']
 ['F135' '311.93473893799177' 'absent']
 ['F150' '315.00953607788256' 'mated']
 ['F45' '358.74267875840343' 'mated']]",565.0,64.57253771703384,12.531290748689978,1560.0,258.8202724584627,55.34155746591857,212.0,36.778332058862055,8.145343797205577,0.0,0.0,0.0,0.0,0.0,0.0
10,0.054,9,360.2510057471975,"[['15' '8.803847027380737' 'present']
 ['15' '34.86118282860244' 'marauded']
 ['1' '42.5185610136026' 'marauded']
 ['15' '47.37001533183338' 'destroyed']
 ['16' '47.687426122410876' 'presentdestroyed']
 ['8' '53.99015871445367' 'present']
 ['19' '60.07643221147595' 'marauded']
 ['17' '61.10338697570582' 'destroyed']
 ['8' '72.5536666158019' 'present']
 ['4' '75.23332374730539' 'present']
 ['8' '85.46585412741422' 'present']
 ['3' '86.98719640552737' 'present']
 ['19' '115.19428088037388' 'present']
 ['15' '117.99300768598536' 'marauded']
 ['16' '129.271459752888' 'present']
 ['4' '130.13843999920363' 'marauded']
 ['3' '145.28507545018843' 'present']
 ['1' '153.7472176688544' 'marauded']
 ['8' '164.54375590664947' 'present']
 ['19' '165.05850221365552' 'present']
 ['5' '184.77915133955676' 'present']
 ['23' '187.80546100799327' 'present']
 ['0' '192.39051570811156' 'present']
 ['7' '193.10009113956255' 'present']
 ['19' '197.272672028602' 'present']
 ['23' '198.828401921458' 'present']
 ['17' '201.37760051562393' 'present']
 ['4' '208.7754465843643' 'present']
 ['20' '211.1312212207618' 'present']
 ['17' '221.58813198883274' 'present']
 ['16' '238.20582243245386' 'present']
 ['4' '243.1975506519902' 'marauded']
 ['17' '250.59965903766738' 'presentdestroyed']
 ['23' '254.42941397677728' 'present']
 ['21' '257.1251209652482' 'present']
 ['8' '257.9258837629684' 'present']
 ['17' '258.79484015236267' 'present']
 ['16' '297.58963778181726' 'present']
 ['1' '304.39318947176724' 'present']
 ['4' '317.27887416318964' 'present']
 ['0' '320.0601075910046' 'present']
 ['20' '323.9787085744007' 'present']
 ['7' '328.89046306427986' 'present']
 ['4' '343.4791103147445' 'present']
 ['23' '347.89927759509766' 'present']
 ['14' '348.70369097373793' 'present']
 ['1' '354.02617473741185' 'present']
 ['3' '357.9089177790474' 'present']]","[['F52' '65.41131714033452' 'absentdestroyed']
 ['F115' '69.16043659493674' 'mated']
 ['F124' '79.59392490677664' 'mated']
 ['F56' '82.9263561843994' 'mated']
 ['F148' '111.4563676428211' 'mated']
 ['F5' '113.05208732299761' 'mated']
 ['F143' '184.2741115878832' 'mated']
 ['F195' '193.2269960930382' 'absent']
 ['F111' '197.5668019340766' 'absent']
 ['F31' '203.1593294606837' 'absent']
 ['F184' '207.21748223003635' 'mated']
 ['F24' '233.32197590979828' 'mated']
 ['F0' '246.36946071324374' 'destroyed']
 ['F73' '290.4187201508096' 'mated']]",575.0,70.30664222550286,13.891554270002175,1428.0,245.56587291521913,52.82419591283166,245.0,42.57247592034907,9.625368015572496,12.0,1.2,0.12000000000000005,87.0,0.4027777777777782,0.0018647119341563768
11,0.0,6,360.186398723617,"[['20' '1.2401519091552893' 'present']
 ['0' '10.578629837035715' 'present']
 ['18' '19.090443566280733' 'present']
 ['14' '20.67303505228858' 'present']
 ['21' '23.724297082376424' 'marauded']
 ['17' '25.265855605621724' 'presentdestroyed']
 ['14' '27.081591357070298' 'destroyed']
 ['5' '31.15823627868914' 'presentdestroyed']
 ['8' '39.31691204997104' 'present']
 ['21' '40.36425710273014' 'present']
 ['8' '41.5007362277837' 'marauded']
 ['4' '59.109806942744434' 'marauded']
 ['13' '59.54947928747074' 'presentdestroyed']
 ['19' '84.0218111187879' 'marauded']
 ['15' '88.9420720556031' 'presentdestroyed']
 ['20' '95.63970785425914' 'present']
 ['7' '105.41871118707476' 'present']
 ['23' '114.5961089938067' 'marauded']
 ['14' '116.30954211866654' 'presentdestroyed']
 ['0' '117.19054152680286' 'presentdestroyed']
 ['16' '122.57901904166393' 'presentdestroyed']
 ['7' '127.05988481891933' 'marauded']
 ['17' '127.75043310855766' 'presentdestroyed']
 ['21' '136.3303530389827' 'present']
 ['1' '139.15934607265973' 'marauded']
 ['15' '154.03977759696397' 'present']
 ['8' '157.15567173145251' 'present']
 ['20' '162.49627688684913' 'present']
 ['4' '163.32075800728543' 'marauded']
 ['3' '176.20323311772427' 'marauded']
 ['3' '176.53990459871147' 'presentdestroyed']
 ['17' '180.69860247660685' 'destroyed']
 ['3' '182.93707237149593' 'presentdestroyed']
 ['10' '185.28024557642' 'marauded']
 ['18' '185.41291094119902' 'destroyed']
 ['16' '188.91066159436696' 'destroyed']
 ['13' '192.09193403320634' 'presentdestroyed']
 ['4' '193.7007185154565' 'present']
 ['23' '194.33246968538936' 'present']
 ['18' '204.25157259737253' 'present']
 ['0' '209.21090167812105' 'present']
 ['17' '211.36565145675496' 'present']
 ['14' '214.42335859825482' 'marauded']
 ['10' '216.22709876809049' 'presentdestroyed']
 ['10' '219.59521345749408' 'presentdestroyed']
 ['19' '220.78680373210565' 'presentdestroyed']
 ['8' '227.39129667794754' 'present']
 ['19' '232.51784805978994' 'present']
 ['0' '240.97318427546256' 'marauded']
 ['3' '252.78110533738143' 'present']
 ['1' '254.1361181856223' 'present']
 ['16' '256.5699710746122' 'present']
 ['4' '273.87494488276656' 'marauded']
 ['13' '278.4720312878402' 'presentdestroyed']
 ['19' '288.10505362836585' 'present']
 ['21' '290.213494475173' 'marauded']
 ['7' '297.0077872738674' 'presentdestroyed']
 ['0' '300.39356516224103' 'present']
 ['1' '303.5659100010315' 'present']
 ['14' '308.4060368137905' 'present']
 ['16' '325.92471578393594' 'marauded']
 ['7' '338.54196750772525' 'marauded']
 ['5' '346.1727119099828' 'present']
 ['4' '351.3303941619254' 'present']]","[['F79' '33.17510376765984' 'absent']
 ['F10' '121.98783043007228' 'destroyed']
 ['F15' '127.57697083967608' 'destroyed']
 ['F107' '171.31501559955575' 'absent']
 ['F151' '174.3843646567688' 'mated']
 ['F111' '185.55985748963218' 'absentdestroyed']
 ['F109' '206.068082145058' 'mated']
 ['F50' '231.6972383911852' 'mated']
 ['F0' '246.37177552805855' 'destroyed']
 ['F104' '259.1237969134623' 'mated']
 ['F62' '260.36265701516925' 'mated']
 ['F199' '270.01833663257923' 'mated']
 ['F35' '284.8666457491888' 'absent']]",569.0,69.90695638061176,14.376995466399986,1143.0,192.63697183751339,41.56149869392958,588.0,97.75512031835326,20.81458095989829,0.0,0.0,0.0,0.0,0.0,0.0
12,0.0,11,360.49251693769816,"[['8' '0.0023148148148148147' 'present']
 ['20' '8.655216093438964' 'marauded']
 ['10' '9.079511270067817' 'destroyed']
 ['0' '14.591311438785953' 'presentdestroyed']
 ['16' '14.661216400080528' 'presentdestroyed']
 ['7' '25.57291738236158' 'marauded']
 ['16' '33.56156383715179' 'present']
 ['1' '41.91437854709333' 'present']
 ['8' '44.59165000158448' 'present']
 ['4' '44.692068706526236' 'present']
 ['8' '56.60753160070015' 'present']
 ['17' '66.78688826698286' 'present']
 ['19' '69.48320377993385' 'present']
 ['23' '70.57236029248061' 'marauded']
 ['5' '73.73977135298425' 'destroyed']
 ['5' '73.91149530615236' 'presentdestroyed']
 ['7' '73.91542285181676' 'presentdestroyed']
 ['1' '82.02229580126708' 'present']
 ['5' '100.65975846587514' 'present']
 ['8' '104.6594298326467' 'marauded']
 ['19' '106.39047563825308' 'presentdestroyed']
 ['17' '112.77096353201881' 'present']
 ['19' '116.99545954207346' 'present']
 ['7' '124.65162830727503' 'present']
 ['16' '134.05813020741903' 'present']
 ['21' '135.81343799292327' 'present']
 ['5' '139.19103421820165' 'present']
 ['19' '139.59533833675263' 'present']
 ['17' '141.5922774379237' 'present']
 ['3' '142.41909999335067' 'marauded']
 ['23' '142.87091452981784' 'presentdestroyed']
 ['5' '146.53145979620555' 'destroyed']
 ['19' '151.26086619816314' 'present']
 ['10' '170.7245615285569' 'present']
 ['10' '176.6713760142309' 'present']
 ['21' '180.26203694406524' 'present']
 ['10' '185.07119503883143' 'present']
 ['20' '207.16560535962122' 'present']
 ['8' '207.1763754900732' 'present']
 ['4' '209.67717313757055' 'present']
 ['5' '215.39246028290154' 'present']
 ['13' '216.74722531742506' 'present']
 ['10' '225.24048897191778' 'present']
 ['5' '225.6217576335324' 'marauded']
 ['0' '227.6154860205541' 'destroyed']
 ['1' '232.09109856291266' 'presentdestroyed']
 ['3' '237.0088525700846' 'marauded']
 ['15' '241.10206030242273' 'destroyed']
 ['3' '241.78786694841727' 'presentdestroyed']
 ['8' '259.9311322295253' 'present']
 ['23' '261.0788198927447' 'present']
 ['7' '264.22257677215333' 'present']
 ['1' '269.0650438005982' 'present']
 ['20' '270.35994541578566' 'present']
 ['16' '290.4279400916477' 'present']
 ['1' '295.62872431178573' 'marauded']
 ['23' '298.639237023506' 'presentdestroyed']
 ['21' '306.0451918546886' 'present']
 ['19' '314.85120546962077' 'present']
 ['19' '315.8741288032983' 'marauded']
 ['7' '318.68178288087347' 'presentdestroyed']
 ['5' '325.86584997398165' 'marauded']
 ['5' '326.5124071656287' 'presentdestroyed']
 ['16' '328.51673565145927' 'destroyed']
 ['7' '333.9832383086305' 'present']
 ['0' '336.83080522190414' 'marauded']
 ['3' '341.7618440060572' 'presentdestroyed']
 ['7' '343.1335920327731' 'destroyed']
 ['3' '345.255757275041' 'present']]","[['F27' '31.508125416244475' 'destroyed']
 ['F132' '87.80498736910705' 'mated']
 ['F63' '105.60481386202488' 'destroyed']
 ['F96' '121.7148982595177' 'mated']
 ['F76' '133.04034138775663' 'mated']
 ['F78' '137.53534414911053' 'mated']
 ['F137' '152.4265743402536' 'mated']
 ['F99' '169.5835760630149' 'mated']
 ['F155' '181.90818616603562' 'mated']
 ['F4' '203.353875344383' 'mated']
 ['F32' '220.8884093839364' 'mated']
 ['F54' '236.5169180595657' 'mated']
 ['F94' '243.1843852782587' 'destroyed']
 ['F0' '246.37640515768817' 'absent']
 ['F210' '260.8269635293406' 'absent']
 ['F130' '312.0864497402905' 'mated']]",567.0,74.01733166844825,15.902030447761033,1302.0,218.78021064151216,46.748456680879016,387.0,67.4846684699196,14.504434067340442,0.0,0.0,0.0,0.0,0.0,0.0
13,0.054,10,360.21013373483356,"[['5' '4.498416288179367' 'present']
 ['20' '17.86437690351303' 'present']
 ['10' '22.358752629654745' 'present']
 ['16' '28.68860831009804' 'present']
 ['15' '34.087808661801496' 'present']
 ['16' '53.16484660799743' 'present']
 ['3' '58.17293311485084' 'present']
 ['17' '59.138377936371434' 'present']
 ['23' '75.87199807481373' 'marauded']
 ['18' '76.41344761095078' 'presentdestroyed']
 ['7' '86.2824881486293' 'present']
 ['3' '88.22086915836196' 'present']
 ['14' '95.52561083564272' 'present']
 ['17' '109.49001366020886' 'marauded']
 ['1' '109.9606444380427' 'presentdestroyed']
 ['21' '125.25975482932859' 'marauded']
 ['18' '136.19099667454296' 'present']
 ['19' '138.8570549547891' 'present']
 ['10' '144.62955138891465' 'present']
 ['18' '144.65453122339966' 'present']
 ['15' '146.0535254422723' 'present']
 ['5' '149.7707825963075' 'present']
 ['1' '168.11256774223952' 'present']
 ['17' '171.61529789213435' 'present']
 ['19' '179.5377746842403' 'present']
 ['20' '179.6498064471713' 'present']
 ['8' '188.03626182856505' 'present']
 ['16' '192.34086936517983' 'present']
 ['20' '195.37692086055688' 'marauded']
 ['14' '204.76068870483726' 'marauded']
 ['0' '208.10439638453883' 'presentdestroyed']
 ['7' '209.16708859145172' 'destroyed']
 ['16' '211.4004014868091' 'destroyed']
 ['3' '216.80116050393264' 'marauded']
 ['10' '235.05394633069392' 'marauded']
 ['21' '237.62164391477154' 'presentdestroyed']
 ['21' '238.84372879563531' 'presentdestroyed']
 ['3' '241.0332010053519' 'presentdestroyed']
 ['10' '255.41000080214286' 'marauded']
 ['8' '264.79057920458865' 'present']
 ['15' '275.6962101436847' 'present']
 ['15' '276.0983824140122' 'present']
 ['19' '279.38717848396385' 'present']
 ['17' '280.90228531669595' 'present']
 ['5' '284.4930995415617' 'present']
 ['23' '287.8013038818406' 'present']
 ['17' '295.02821722126555' 'present']
 ['16' '315.7111640513999' 'present']
 ['15' '330.04369558795736' 'marauded']
 ['18' '332.59343460061103' 'presentdestroyed']
 ['4' '337.484556474025' 'presentdestroyed']
 ['18' '343.28209273689765' 'marauded']
 ['18' '344.184632676654' 'presentdestroyed']
 ['10' '347.596526290403' 'presentdestroyed']
 ['10' '348.040620257791' 'presentdestroyed']
 ['15' '351.63513922935357' 'marauded']
 ['5' '352.93453594859193' 'presentdestroyed']
 ['10' '355.9529720472101' 'presentdestroyed']
 ['3' '358.7993001212433' 'presentdestroyed']]","[['F147' '95.89983793081778' 'mated']
 ['F148' '111.45173801319149' 'absentdestroyed']
 ['F172' '117.82887704920824' '']
 ['F15' '127.5816004693057' 'destroyed']
 ['F6' '134.68445500185427' 'mated']
 ['F15' '139.58623009893532' 'mated']
 ['F162' '146.65337978377644' 'mated']
 ['F122' '167.41104645107475' 'mated']
 ['F83' '170.78166452539878' 'mated']
 ['F166' '182.09158399127963' 'mated']
 ['F111' '185.55754267481737' 'absent']
 ['F154' '202.3416574779472' 'destroyed']
 ['F184' '207.21053778559192' 'destroyed']
 ['F208' '216.55387708522287' 'mated']
 ['F133' '218.26728776738116' 'absentdestroyed']
 ['F14' '220.47343913908395' 'destroyed']
 ['F100' '222.87305187443903' 'destroyed']
 ['F116' '239.61682446411035' 'absentdestroyed']
 ['F94' '243.1867000930735' 'mated']
 ['F199' '270.01370700294956' 'absent']
 ['F197' '277.0194233827886' 'mated']
 ['F17' '350.4123554919497' 'destroyed']]",558.0,75.1561077021905,17.027525503789697,1283.0,217.44995599652282,45.8970306360526,389.0,66.66373182952952,14.188427076211036,5.0,0.5,0.05000000000000001,58.0,0.2685185185185183,0.0012431412894375847
14,0.054,6,360.04950791076254,"[['16' '0.45730413826276334' 'present']
 ['3' '12.860858338819522' 'present']
 ['15' '18.95711329969771' 'present']
 ['3' '21.806510292359174' 'present']
 ['3' '28.29702168614115' 'present']
 ['21' '50.343124313318604' 'present']
 ['23' '64.37013609472493' 'marauded']
 ['3' '66.03247836599759' 'destroyed']
 ['18' '67.89996405325799' 'presentdestroyed']
 ['18' '68.77012824957895' 'presentdestroyed']
 ['21' '75.90550953173222' 'present']
 ['23' '89.39996923519524' 'present']
 ['3' '90.79703699895202' 'present']
 ['3' '91.50988011853285' 'present']
 ['13' '95.26487434354593' 'present']
 ['20' '99.0743156337806' 'present']
 ['15' '100.09775018351235' 'present']
 ['20' '103.36452380253736' 'present']
 ['16' '103.82059320040533' 'marauded']
 ['16' '105.80108666019328' 'presentdestroyed']
 ['19' '118.04972697342609' 'present']
 ['3' '118.36615809233619' 'present']
 ['8' '120.85017238135194' 'marauded']
 ['21' '123.4517989526683' 'presentdestroyed']
 ['0' '140.0530613716953' 'present']
 ['21' '144.79256281480974' 'marauded']
 ['16' '148.32697652387458' 'presentdestroyed']
 ['19' '159.04781300086515' 'present']
 ['15' '163.5378232964956' 'marauded']
 ['15' '166.26947497554573' 'presentdestroyed']
 ['8' '167.01066247187435' 'destroyed']
 ['15' '169.03014507091464' 'presentdestroyed']
 ['3' '172.6727424986423' 'present']
 ['1' '178.34157811173466' 'marauded']
 ['19' '180.83569639230925' 'presentdestroyed']
 ['16' '184.95589493264754' 'presentdestroyed']
 ['23' '193.40974139830482' 'present']
 ['23' '197.78770672785862' 'present']
 ['5' '201.09381938859806' 'present']
 ['18' '215.06108724874528' 'present']
 ['13' '215.44280912808503' 'present']
 ['3' '215.7927957562891' 'present']
 ['13' '216.80207608388747' 'present']
 ['10' '221.5564886292151' 'present']
 ['15' '221.79706805856685' 'present']
 ['4' '224.98220036851168' 'present']
 ['8' '229.4099704382152' 'marauded']
 ['21' '232.78189209710584' 'presentdestroyed']
 ['1' '237.21582256073924' 'present']
 ['23' '243.01955518728377' 'present']
 ['5' '245.5312595423852' 'present']
 ['7' '247.97246284853537' 'present']
 ['10' '251.59367941200387' 'present']
 ['21' '256.0403180795066' 'present']
 ['3' '267.627736476686' 'present']
 ['10' '270.50098826159586' 'present']
 ['10' '276.2006388548505' 'present']
 ['13' '308.5972357222479' 'marauded']
 ['17' '318.9542753348921' 'present']
 ['5' '325.97047960361135' 'marauded']
 ['3' '327.9569689572044' 'presentdestroyed']
 ['7' '329.4747118416252' 'presentdestroyed']
 ['10' '332.76751443496306' 'presentdestroyed']
 ['7' '349.4353713842183' 'present']
 ['10' '349.77768431025856' 'marauded']]","[['F84' '102.71682522124918' 'mated']
 ['F202' '122.89061254367112' 'absentdestroyed']
 ['F99' '169.5812612482001' 'destroyed']
 ['F204' '177.30216974261836' 'mated']
 ['F111' '185.55522786000256' 'destroyed']
 ['F154' '202.33934266313238' 'absent']
 ['F31' '203.1616442754985' 'mated']
 ['F85' '253.02067520484437' 'mated']
 ['F180' '274.2053109311062' 'mated']
 ['F171' '321.25474630009495' 'mated']]",569.0,70.99383769162613,15.068758805131637,1336.0,226.4566394503908,48.592604823963896,362.0,61.02514136947087,12.757619048039452,14.0,1.4000000000000001,0.14000000000000007,81.0,0.3750000000000003,0.0017361111111111095
15,0.054,8,359.9725128022408,"[['8' '6.603074889174245' 'present']
 ['21' '8.502394470706585' 'present']
 ['7' '12.945869563096887' 'present']
 ['10' '13.049208701918127' 'present']
 ['0' '13.062101873465007' 'present']
 ['3' '13.485098625691487' 'present']
 ['0' '15.716206035466543' 'present']
 ['20' '24.24273269697446' 'marauded']
 ['0' '36.16358432169144' 'present']
 ['4' '36.8508802522123' 'present']
 ['16' '43.7374342691929' 'present']
 ['16' '47.28619874595258' 'present']
 ['8' '58.27120286119098' 'marauded']
 ['5' '58.908194177567154' 'destroyed']
 ['5' '73.86556188762212' 'present']
 ['5' '83.54440780492851' 'present']
 ['18' '83.74126670714656' 'present']
 ['21' '104.84427948200779' 'marauded']
 ['16' '110.86830891299783' 'presentdestroyed']
 ['14' '120.39056748888166' 'marauded']
 ['8' '126.69083512558501' 'presentdestroyed']
 ['21' '129.5259044792935' 'marauded']
 ['5' '151.34622399689644' 'present']
 ['16' '155.57715745549692' 'present']
 ['18' '158.7945539273394' 'present']
 ['5' '171.29273114736517' 'present']
 ['19' '181.61953822341235' 'marauded']
 ['1' '188.64163894269706' 'destroyed']
 ['16' '189.35661394999102' 'present']
 ['17' '197.15673697684124' 'present']
 ['20' '226.13611939595884' 'present']
 ['8' '228.14515091423897' 'present']
 ['13' '229.75605151480747' 'present']
 ['7' '234.07986377503818' 'present']
 ['7' '237.71708570660144' 'present']
 ['23' '241.99536543868012' 'present']
 ['4' '244.25870741823226' 'present']
 ['16' '244.64774238815448' 'marauded']
 ['20' '245.76602274041315' 'presentdestroyed']
 ['1' '250.876007216471' 'presentdestroyed']
 ['5' '251.75015099647842' 'presentdestroyed']
 ['5' '252.6614866954771' 'marauded']
 ['4' '259.0191412970803' 'presentdestroyed']
 ['7' '264.8185892585974' 'present']
 ['10' '267.63423738167154' 'present']
 ['4' '278.45164834743713' 'present']
 ['7' '290.03835738505205' 'present']
 ['13' '306.1671730827834' 'present']
 ['19' '316.4405095016908' 'present']
 ['23' '316.8968499544901' 'present']
 ['4' '317.63596134738333' 'present']
 ['7' '326.3670962726844' 'present']
 ['7' '333.27424418265934' 'present']
 ['17' '333.8065814328411' 'present']
 ['0' '334.9775363599176' 'present']
 ['19' '345.01421475820206' 'present']]","[['F149' '42.92994570195024' 'mated']
 ['F101' '68.02993333517034' 'mated']
 ['F215' '96.95866991417395' 'mated']
 ['F63' '105.60249904721007' 'absentdestroyed']
 ['F63' '105.6071286768397' 'absentdestroyed']
 ['F148' '111.4540528280063' 'destroyed']
 ['F90' '119.61349661662295' 'mated']
 ['F105' '131.85995478401574' 'absentdestroyed']
 ['F188' '166.67414161827264' 'mated']
 ['F111' '197.56911674889142' 'mated']
 ['F184' '207.21516741522154' 'absent']
 ['F168' '208.60691354869007' 'mated']
 ['F11' '327.80243482877944' 'mated']]",580.0,72.36012536414715,14.593782929778534,1424.0,236.8978317485662,50.00362938903152,287.0,49.26624329365822,10.565184028115365,12.0,1.2,0.12000000000000005,68.0,0.3148148148148148,0.0014574759945130303
16,0.054,11,359.88498721348594,"[['13' '0.5584405536109609' 'present']
 ['20' '1.8980797580385904' 'present']
 ['14' '7.743246130889262' 'present']
 ['15' '10.335445035050814' 'present']
 ['14' '12.781374753600842' 'present']
 ['23' '15.465807479735235' 'marauded']
 ['13' '21.01387156268633' 'presentdestroyed']
 ['23' '21.248608217900006' 'destroyed']
 ['14' '38.59163455312032' 'present']
 ['7' '64.79272525703134' 'present']
 ['4' '68.5057586661549' 'present']
 ['0' '69.33071031651393' 'present']
 ['7' '69.59258150880592' 'marauded']
 ['4' '74.74694359324057' 'presentdestroyed']
 ['7' '75.20994412901891' 'destroyed']
 ['5' '79.47092337773083' 'present']
 ['10' '80.32799947601055' 'marauded']
 ['18' '84.33160840358654' 'presentdestroyed']
 ['13' '85.86055655672939' 'presentdestroyed']
 ['15' '104.13160926796132' 'present']
 ['4' '109.70979201738288' 'present']
 ['17' '110.12490604813722' 'present']
 ['14' '111.91301821792389' 'marauded']
 ['1' '135.82959452691748' 'present']
 ['20' '142.02635228705688' 'present']
 ['1' '159.90131407660547' 'present']
 ['21' '160.81875023895876' 'present']
 ['19' '162.96933167700192' 'marauded']
 ['0' '202.0835071981211' 'marauded']
 ['8' '209.19465139728106' 'presentdestroyed']
 ['14' '212.4977010887552' 'present']
 ['20' '232.95552785955257' 'present']
 ['14' '237.1945296809925' 'present']
 ['8' '238.41836076476716' 'present']
 ['19' '257.789472152087' 'present']
 ['4' '258.6325256286367' 'marauded']
 ['23' '267.6407769250172' 'present']
 ['23' '272.8365756671969' 'present']
 ['7' '276.47321301268926' 'present']
 ['10' '278.68607391291215' 'present']
 ['18' '296.91429543441484' 'present']
 ['19' '297.7617809407046' 'present']
 ['20' '315.57107971058053' 'present']
 ['5' '317.3524652367295' 'marauded']
 ['1' '322.71388650936535' 'presentdestroyed']
 ['23' '328.09094808171534' 'present']
 ['4' '336.193186982553' 'present']
 ['13' '338.2246154256135' 'marauded']
 ['7' '345.35580902535855' 'presentdestroyed']
 ['23' '345.78808464635944' 'present']
 ['1' '354.74540705640237' 'marauded']
 ['14' '359.47787127406826' 'destroyed']]","[['F79' '33.179733397289475' 'mated']
 ['F214' '46.337520247143466' 'mated']
 ['F30' '49.88095718094833' 'mated']
 ['F190' '132.05170714287138' 'mated']
 ['F119' '135.7523782305754' 'mated']
 ['F71' '137.58986637242768' 'mated']
 ['F34' '144.7919640179318' 'mated']
 ['F8' '159.82910584139938' 'mated']
 ['F64' '182.28097467597587' 'absent']
 ['F111' '185.55291304518775' 'absent']
 ['F184' '207.21285260040673' 'destroyed']
 ['F165' '215.22301767815307' 'mated']
 ['F51' '241.18855155364466' 'mated']
 ['F95' '255.72623823421236' 'mated']
 ['F198' '265.0432371209526' 'destroyed']
 ['F136' '267.0153866623745' 'absentdestroyed']]",567.0,73.11846647994393,16.380888316458375,1319.0,225.8154803250728,48.66857324530079,342.0,59.5420241924561,13.176531980812785,13.0,1.3,0.13000000000000006,91.0,0.4212962962962968,0.001950445816186555
17,0.054,7,360.46385162654605,"[['10' '8.936882370209034' 'present']
 ['15' '9.561324507120544' 'present']
 ['15' '9.565954136750173' 'present']
 ['20' '9.789819806680379' 'present']
 ['5' '11.877013458689792' 'present']
 ['5' '12.660780975195959' 'present']
 ['23' '19.430121143790394' 'present']
 ['23' '34.65297294394181' 'present']
 ['14' '34.70335799851269' 'present']
 ['8' '44.58702037195485' 'present']
 ['20' '47.12331048022449' 'present']
 ['5' '50.02406512925844' 'marauded']
 ['10' '54.182075443341304' 'presentdestroyed']
 ['15' '67.6102221840408' 'marauded']
 ['8' '71.04547286197395' 'presentdestroyed']
 ['10' '82.2587217083289' 'present']
 ['0' '88.44038378700957' 'present']
 ['0' '92.26316388976524' 'present']
 ['3' '96.2820302573611' 'present']
 ['15' '99.04558155308257' 'present']
 ['4' '106.2115605803477' 'present']
 ['0' '110.26141296574426' 'present']
 ['10' '115.68635895000814' 'marauded']
 ['21' '120.65575288319474' 'presentdestroyed']
 ['16' '133.25718304795166' 'present']
 ['21' '151.9528250125768' 'present']
 ['16' '155.58178708512654' 'marauded']
 ['7' '170.83959497143567' 'present']
 ['8' '188.95473474788116' 'present']
 ['0' '196.53697136370636' 'present']
 ['18' '199.0531871675087' 'present']
 ['16' '215.04894710097133' 'present']
 ['10' '217.36022963905486' 'present']
 ['21' '238.3805356395626' 'present']
 ['10' '239.23347699572554' 'present']
 ['1' '242.96966674225902' 'present']
 ['14' '244.5734583981141' 'present']
 ['3' '250.2250098136592' 'present']
 ['10' '251.3819014829968' 'present']
 ['16' '252.52538148498115' 'present']
 ['0' '260.2568242994768' 'present']
 ['23' '261.07419026311504' 'present']
 ['23' '267.64540655464685' 'marauded']
 ['1' '269.0604141709685' 'presentdestroyed']
 ['0' '269.08330787383665' 'presentdestroyed']
 ['3' '281.1232421903154' 'present']
 ['14' '283.5549496665766' 'present']
 ['10' '293.8202217646912' 'present']
 ['13' '296.447842636972' 'present']
 ['10' '298.2343812392502' 'present']
 ['21' '298.5885361680269' 'present']
 ['13' '302.6980245244167' 'present']
 ['1' '306.500761672034' 'present']
 ['5' '307.2784526513152' 'present']
 ['0' '327.73531415586416' 'present']
 ['1' '327.8736741043506' 'present']
 ['15' '339.48410655504375' 'present']
 ['7' '343.26905191123035' 'marauded']
 ['10' '346.77040038032357' 'presentdestroyed']
 ['19' '347.9844286243573' 'presentdestroyed']]","[['F92' '110.16511438568557' 'mated']
 ['F96' '121.71258344470289' 'absentdestroyed']
 ['F15' '127.57465602486127' 'absent']
 ['F121' '149.30526938932903' 'absent']
 ['F164' '163.60448948519164' 'mated']
 ['F201' '176.43203016789337' 'absent']
 ['F111' '197.5644871192618' 'absent']
 ['F134' '209.1705067110836' 'mated']
 ['F24' '233.31966109498347' 'absent']
 ['F61' '239.67289723048899' 'mated']
 ['F173' '244.85460567746128' 'mated']
 ['F198' '265.04555193576743' 'mated']
 ['F209' '292.5640064637824' 'mated']]",566.0,73.24249403927342,15.675090983455311,1452.0,248.92242459200983,54.135049546713745,214.0,36.76907703656506,7.959007745177081,7.0,0.7,0.07,84.0,0.38888888888888923,0.0018004115226337432
18,0.054,7,360.10842575947765,"[['19' '8.162079292275369' 'marauded']
 ['17' '12.159153160627387' 'presentdestroyed']
 ['17' '12.283756180918607' 'presentdestroyed']
 ['3' '25.765814159257936' 'present']
 ['4' '27.426003259857094' 'present']
 ['23' '31.615709840883206' 'present']
 ['23' '31.620339470512832' 'present']
 ['23' '36.80814955294785' 'present']
 ['17' '40.464476536553015' 'marauded']
 ['5' '42.50092090325406' 'presentdestroyed']
 ['13' '50.680451924289684' 'present']
 ['19' '59.77850854599632' 'marauded']
 ['23' '63.118210287263324' 'presentdestroyed']
 ['13' '69.81652171706232' 'present']
 ['14' '74.48400762737923' 'present']
 ['10' '78.9602172694884' 'present']
 ['0' '86.84750635885584' 'present']
 ['1' '90.05692461159627' 'marauded']
 ['3' '99.18789003127252' 'marauded']
 ['7' '104.24017426423146' 'presentdestroyed']
 ['0' '111.42847439101047' 'present']
 ['1' '116.39652326227831' 'present']
 ['17' '133.23021613950598' 'present']
 ['21' '137.03761774108295' 'present']
 ['21' '139.51180069231754' 'present']
 ['14' '142.3586013860572' 'present']
 ['8' '146.58514217449505' 'marauded']
 ['17' '148.28595153491176' 'presentdestroyed']
 ['8' '150.20118187119496' 'presentdestroyed']
 ['21' '160.11572553353608' 'present']
 ['17' '169.32970563008425' 'present']
 ['10' '174.02882193635165' 'marauded']
 ['4' '200.0055930672336' 'present']
 ['5' '216.1388055398179' 'marauded']
 ['4' '220.35754967059466' 'presentdestroyed']
 ['16' '223.80914335006165' 'destroyed']
 ['14' '227.80550634487747' 'marauded']
 ['15' '233.3287042165019' 'presentdestroyed']
 ['23' '241.8251951653798' 'present']
 ['19' '244.26420072528103' 'marauded']
 ['3' '251.02718813648536' 'presentdestroyed']
 ['13' '254.65120243965345' 'marauded']
 ['19' '262.52912435299055' 'marauded']
 ['7' '271.95571036003827' 'present']
 ['3' '277.637201401401' 'present']
 ['7' '284.4582511241832' 'present']
 ['23' '288.6021469806335' 'present']
 ['8' '289.17110493257115' 'marauded']
 ['14' '291.8282977226015' 'presentdestroyed']
 ['3' '293.4933365026056' 'presentdestroyed']
 ['21' '296.267936611128' 'presentdestroyed']
 ['23' '297.51719245094915' 'present']
 ['21' '297.93986964294066' 'present']
 ['1' '306.4961320424043' 'present']
 ['5' '310.89562587307813' 'present']
 ['4' '314.48809511670805' 'present']
 ['4' '325.83405241016055' 'present']
 ['3' '330.0771354046791' 'present']
 ['16' '333.9995144949143' 'present']
 ['8' '334.83471022853143' 'present']
 ['14' '349.3447446477825' 'present']
 ['14' '349.34937427741215' 'present']
 ['3' '354.99294979473973' 'marauded']
 ['1' '358.9430414946757' 'presentdestroyed']]","[['F140' '47.18669091893694' 'destroyed']
 ['F181' '77.5372526520734' 'absent']
 ['F65' '105.4294017249868' 'destroyed']
 ['F12' '122.53308606616912' 'mated']
 ['F162' '134.6394908948876' 'absent']
 ['F162' '134.64875015414682' 'absent']
 ['F128' '156.37717533765723' 'mated']
 ['F185' '157.07162510932855' 'mated']
 ['F155' '181.9058713512208' '']
 ['F175' '184.29538694414836' 'mated']
 ['F89' '194.54496399000814' 'mated']
 ['F142' '194.8187408090893' 'mated']
 ['F69' '206.16965704937422' 'mated']
 ['F0' '246.37409034287336' 'destroyed']
 ['F62' '260.3603422003544' 'destroyed']
 ['F81' '299.73493157260265' 'absent']]",562.0,69.80653612193423,14.427417839944637,1231.0,205.99685105209423,43.44159120998552,478.0,83.01376710696454,17.97329656681094,9.0,0.8999999999999999,0.09000000000000002,62.0,0.2870370370370369,0.001328875171467763
19,0.054,6,359.98077215866914,"[['14' '0.1660538762978536' 'present']
 ['14' '0.8446114086132727' 'present']
 ['13' '3.017167139104759' 'present']
 ['20' '4.111541257938247' 'present']
 ['21' '4.89362741630403' 'present']
 ['7' '9.738718283451924' 'marauded']
 ['23' '10.569631248007465' 'presentdestroyed']
 ['20' '12.286406630718641' 'presentdestroyed']
 ['5' '22.166798840159398' 'present']
 ['16' '24.79605078536917' 'present']
 ['17' '25.261225975992097' 'present']
 ['20' '29.83189764465059' 'present']
 ['20' '31.255365715433587' 'present']
 ['0' '34.722129414639504' 'marauded']
 ['23' '41.78642770468644' 'destroyed']
 ['4' '42.42159210413196' 'marauded']
 ['15' '48.67815943339596' 'presentdestroyed']
 ['8' '51.1914457876607' 'marauded']
 ['14' '52.1976262060826' 'presentdestroyed']
 ['21' '59.1904763880183' 'present']
 ['17' '60.22421782567809' 'present']
 ['15' '71.82955967613894' 'marauded']
 ['18' '84.07657916057265' 'marauded']
 ['14' '86.28120709578965' 'destroyed']
 ['8' '93.24942727058573' 'present']
 ['15' '97.91269195006896' 'marauded']
 ['5' '99.03019920445098' 'destroyed']
 ['8' '110.64485631410547' 'present']
 ['1' '110.89326457404019' 'present']
 ['21' '114.90991112868178' 'present']
 ['3' '125.16720030626513' 'marauded']
 ['18' '125.2890039957318' 'presentdestroyed']
 ['23' '129.06854164860223' 'presentdestroyed']
 ['23' '135.70934895849575' 'present']
 ['3' '139.3888231702636' 'present']
 ['10' '146.13373196417072' 'present']
 ['15' '160.69128879232468' 'present']
 ['13' '174.5186524738384' 'present']
 ['13' '176.92366552991203' 'present']
 ['21' '182.32120670348615' 'present']
 ['8' '183.56743470238234' 'present']
 ['1' '188.82392752413074' 'present']
 ['3' '189.08699186596442' 'marauded']
 ['14' '190.59066359214322' 'destroyed']
 ['8' '205.37808000799535' 'marauded']
 ['23' '209.88317579656882' 'presentdestroyed']
 ['17' '222.89009873814769' 'marauded']
 ['5' '231.9672312071894' 'present']
 ['16' '232.88284895856887' 'present']
 ['16' '243.61592963957267' 'present']
 ['21' '259.07308062990023' 'present']
 ['15' '264.5717888959992' 'present']
 ['10' '289.41209142667844' 'present']
 ['3' '300.23214473258736' 'present']
 ['14' '302.13602096162515' 'present']
 ['17' '306.1645440599068' 'present']
 ['16' '313.30524566843934' 'present']
 ['17' '322.1303648245191' 'marauded']
 ['8' '329.3109505639949' 'present']
 ['4' '332.39302977473005' 'present']
 ['10' '339.3351137256822' 'present']
 ['5' '340.1439800540226' 'present']
 ['5' '341.97000507538144' 'present']
 ['23' '342.83966820611084' 'present']
 ['8' '347.4485807413156' 'present']
 ['8' '350.4489359909591' 'marauded']
 ['4' '353.3819222180524' 'presentdestroyed']]","[['F178' '47.31030829678884' 'destroyed']
 ['F213' '120.9005564371513' 'mated']
 ['F15' '127.57928565449089' 'destroyed']
 ['F207' '130.25560916303627' 'absentdestroyed']
 ['F153' '174.03040206615873' 'mated']
 ['F44' '178.6637003223445' 'mated']
 ['F210' '260.82927834415545' 'mated']
 ['F212' '268.5143032566322' 'absent']
 ['F141' '286.5281103688361' 'mated']
 ['F48' '288.22860780503595' 'mated']]",573.0,72.5409595158768,14.762088925581477,1221.0,206.5195073713114,43.78817340246991,456.0,79.27096301526426,16.862188910446214,13.0,1.3,0.13000000000000006,80.0,0.3703703703703706,0.001714677640603565
20,0.054,13,360.53334303296333,"[['18' '5.040884920180559' 'present']
 ['5' '7.149792346500728' 'present']
 ['23' '18.089292926218466' 'present']
 ['19' '20.70526840716958' 'present']
 ['4' '32.82630846855514' 'present']
 ['3' '35.00510493088179' 'present']
 ['16' '35.478403461712595' 'marauded']
 ['14' '80.35383861008651' 'marauded']
 ['15' '87.88346158897549' 'presentdestroyed']
 ['0' '90.69168835326795' 'present']
 ['15' '98.62500633995523' 'present']
 ['17' '101.37224345113451' 'present']
 ['4' '104.47232582042413' 'present']
 ['4' '104.76007162830103' 'marauded']
 ['18' '126.59481272887516' 'present']
 ['0' '137.83679934514956' 'present']
 ['4' '143.08471282007784' 'present']
 ['13' '143.09015145850762' 'present']
 ['5' '145.4570965347845' 'present']
 ['0' '165.4549887759243' 'marauded']
 ['21' '168.47753710288552' 'presentdestroyed']
 ['17' '169.3508856911711' 'presentdestroyed']
 ['8' '170.53264641200175' 'presentdestroyed']
 ['14' '177.93427883436232' 'present']
 ['18' '194.46511481552005' 'present']
 ['14' '196.46848874244688' 'marauded']
 ['8' '205.3031647895868' 'present']
 ['3' '206.46984009463793' 'present']
 ['5' '212.65649522780012' 'present']
 ['4' '212.7911421449892' 'present']
 ['5' '216.62184429780717' 'present']
 ['17' '223.60291581372' 'present']
 ['21' '238.84835842526493' 'present']
 ['4' '240.1553989849373' 'present']
 ['1' '244.69434784671762' 'present']
 ['0' '252.14979290411003' 'present']
 ['3' '260.2454394377505' 'present']
 ['1' '265.9721252219652' 'present']
 ['19' '278.36816630489955' 'present']
 ['5' '279.2964107185354' 'present']
 ['0' '281.68253085702503' 'marauded']
 ['5' '299.47486013876943' 'present']
 ['8' '317.6977655637338' 'present']
 ['21' '325.81825508578044' 'present']
 ['5' '326.07510923324105' 'marauded']
 ['19' '335.9786222679875' 'present']
 ['8' '338.5851301998309' 'present']
 ['19' '341.0063858615342' 'present']
 ['3' '341.76647363568685' 'present']
 ['3' '344.4489167063826' 'present']
 ['14' '348.82449933388546' 'marauded']
 ['1' '351.6403970297327' 'presentdestroyed']
 ['21' '354.5130057832194' 'presentdestroyed']
 ['0' '355.07009682756836' 'presentdestroyed']
 ['0' '355.07472645719804' 'presentdestroyed']
 ['14' '357.2829610216431' 'present']
 ['3' '358.7946704916136' 'present']]","[['F178' '47.312623111603656' 'mated']
 ['F106' '70.51864833259374' 'mated']
 ['F163' '83.79144478859051' 'destroyed']
 ['F10' '121.99014524488709' 'mated']
 ['F189' '133.8351825531706' 'mated']
 ['F138' '138.8248978156215' 'mated']
 ['F113' '145.14254662095843' 'mated']
 ['F162' '146.65106496896163' 'absent']
 ['F128' '156.37254570802762' 'absent']
 ['F159' '160.17855501434997' 'mated']
 ['F139' '181.28514578852986' 'mated']
 ['F111' '185.562172304447' 'absent']
 ['F20' '187.06178740429235' 'mated']
 ['F161' '251.70122981178102' 'mated']
 ['F0' '258.37871997250295' 'mated']
 ['F145' '274.92284701137197' 'mated']
 ['F66' '276.2977342401565' 'mated']]",559.0,69.8517831693934,14.574137782780388,1368.0,239.68558381342132,52.85231804105916,300.0,49.0524892445026,10.436563962580323,11.0,1.0999999999999999,0.11000000000000004,74.0,0.3425925925925927,0.0015860768175582976
21,0.054,8,360.3032903379713,"[['4' '5.852343673522617' 'present']
 ['7' '12.941239933467257' 'present']
 ['13' '27.677016122242854' 'present']
 ['4' '36.960296663705016' 'present']
 ['18' '54.079137286028725' 'present']
 ['18' '55.426351601829126' 'present']
 ['19' '63.91624133232621' 'present']
 ['10' '72.68439873374584' 'present']
 ['4' '76.0342051576054' 'present']
 ['8' '97.66180401557725' 'present']
 ['8' '100.19840672581864' 'present']
 ['18' '109.21204026536462' 'present']
 ['17' '112.24884283314967' 'present']
 ['0' '118.26668146236173' 'present']
 ['7' '121.49704313376573' 'present']
 ['20' '136.6417055483529' 'present']
 ['5' '139.9464549871933' 'present']
 ['14' '157.99974109810415' 'present']
 ['19' '166.35442656240247' 'present']
 ['7' '169.65061153948542' 'marauded']
 ['3' '176.30786274735388' 'presentdestroyed']
 ['5' '183.5189072964547' 'marauded']
 ['19' '186.1513843080688' 'presentdestroyed']
 ['18' '193.11269709797156' 'present']
 ['0' '193.563145641133' 'marauded']
 ['20' '194.23854154859941' 'presentdestroyed']
 ['3' '197.24638951094062' 'presentdestroyed']
 ['3' '207.7477954224098' 'marauded']
 ['23' '216.89874344731243' 'present']
 ['14' '239.29320511152102' 'present']
 ['19' '241.30075834241333' 'present']
 ['1' '242.97429637188864' 'present']
 ['19' '244.2595710956514' 'present']
 ['4' '253.3895921774329' 'present']
 ['19' '257.8815031267205' 'present']
 ['19' '260.55958524529666' 'present']
 ['14' '264.9989169566018' 'marauded']
 ['13' '269.10108630265995' 'presentdestroyed']
 ['1' '269.21357032353416' 'presentdestroyed']
 ['16' '274.6035625382402' 'present']
 ['20' '275.31811955663704' 'marauded']
 ['16' '277.164979249599' 'presentdestroyed']
 ['19' '281.2173363306841' 'destroyed']
 ['7' '282.4376966158758' 'present']
 ['13' '283.6785829193041' 'present']
 ['5' '285.46799524617654' 'present']
 ['20' '290.4488786165296' 'present']
 ['3' '295.394191742354' 'present']
 ['3' '297.71976678266356' 'present']
 ['4' '300.2758390025083' 'present']
 ['1' '304.38855984213757' 'present']
 ['4' '319.9953705231544' 'present']
 ['1' '331.4574068858469' 'marauded']
 ['5' '336.126976772847' 'destroyed']
 ['16' '348.79289942110057' 'present']]","[['F2' '101.05160846861814' 'mated']
 ['F84' '102.71219559161956' 'absent']
 ['F202' '122.89292735848593' 'mated']
 ['F40' '144.52202431263632' 'absent']
 ['F121' '149.30295457451422' 'absent']
 ['F102' '154.48759341615744' 'mated']
 ['F191' '161.8293524902886' 'mated']
 ['F107' '171.31270078474094' 'destroyed']
 ['F109' '206.0657673302432' 'absent']
 ['F9' '238.41836350351338' 'mated']
 ['F116' '239.61913927892516' 'mated']
 ['F0' '246.36714589842893' 'absent']
 ['F199' '270.0160218177644' 'destroyed']
 ['F66' '276.29541942534166' 'destroyed']
 ['F7' '277.14068727524153' 'destroyed']
 ['F57' '295.7641805316995' 'mated']
 ['F91' '309.7994925449813' 'mated']]",558.0,70.43339530345607,15.135158709194977,1451.0,245.53534710658914,52.59538510309666,240.0,42.6724892585139,9.588248684603288,10.0,0.9999999999999999,0.10000000000000003,79.0,0.365740740740741,0.0016932441700960204
22,0.0,6,360.3130724358039,"[['5' '4.985662177729115' 'present']
 ['18' '7.162651777557178' 'present']
 ['14' '14.75080915719842' 'present']
 ['14' '15.014553519903544' 'present']
 ['1' '17.661618460935614' 'marauded']
 ['17' '18.56403564954395' 'presentdestroyed']
 ['15' '20.41173083610757' 'presentdestroyed']
 ['18' '20.928040939425355' 'presentdestroyed']
 ['16' '23.22157344269929' 'presentdestroyed']
 ['16' '24.791421155739545' 'present']
 ['21' '44.85676945799366' 'present']
 ['16' '50.119887749501096' 'marauded']
 ['10' '53.14807403274674' 'presentdestroyed']
 ['7' '55.077776160914276' 'destroyed']
 ['0' '58.118848403432175' 'present']
 ['16' '58.32186808189002' 'present']
 ['8' '59.135146310918365' 'marauded']
 ['16' '63.19202253147942' 'presentdestroyed']
 ['10' '76.27192954021342' 'present']
 ['15' '81.08920238589695' 'marauded']
 ['15' '82.02122157747077' 'presentdestroyed']
 ['3' '95.56737193881958' 'present']
 ['18' '120.02423164154663' 'present']
 ['20' '124.36316896690249' 'present']
 ['14' '140.98715015572606' 'present']
 ['23' '141.83940091519457' 'marauded']
 ['16' '152.02554500652892' 'present']
 ['8' '160.61650971667666' 'present']
 ['14' '160.92812403321344' 'marauded']
 ['18' '166.14290490801702' 'presentdestroyed']
 ['5' '169.64212290764286' 'present']
 ['10' '176.66674638460128' 'present']
 ['16' '176.9773250983716' 'present']
 ['17' '179.31102129668045' 'present']
 ['0' '183.3538804616616' 'present']
 ['17' '183.36992032954058' 'present']
 ['17' '185.15387779545762' 'present']
 ['18' '199.68197087073796' 'present']
 ['4' '204.0361599414922' 'present']
 ['21' '206.78847509529365' 'present']
 ['10' '209.36448680142848' 'present']
 ['23' '210.4463869885569' 'present']
 ['14' '212.6456534432151' 'present']
 ['5' '217.30761405368665' 'present']
 ['15' '218.06546483451365' 'present']
 ['23' '243.15576913144392' 'marauded']
 ['5' '247.45101492919804' 'presentdestroyed']
 ['4' '248.52077452480268' 'presentdestroyed']
 ['19' '248.9169542644119' 'presentdestroyed']
 ['17' '258.46060295840346' 'present']
 ['21' '263.6881599975535' 'present']
 ['14' '264.1190451689394' 'present']
 ['14' '269.9485585329163' 'present']
 ['10' '273.55488469733825' 'marauded']
 ['20' '275.31348992700737' 'presentdestroyed']
 ['21' '287.19942951095567' 'present']
 ['14' '290.7340129238193' 'present']
 ['20' '293.8225182227522' 'present']
 ['18' '298.9212563353806' 'present']
 ['18' '299.5723018226536' 'present']
 ['10' '307.0848338715327' 'marauded']
 ['23' '312.4899117374114' 'presentdestroyed']
 ['5' '314.05126562529443' 'presentdestroyed']
 ['7' '319.9988265442229' 'present']
 ['4' '323.4130633268205' 'present']
 ['20' '342.57331494439944' 'present']
 ['19' '345.0095851285724' 'present']
 ['10' '347.6011559200327' 'present']
 ['19' '350.2516266602096' 'present']
 ['7' '354.85273816318073' 'present']
 ['1' '355.1814209075565' 'present']
 ['15' '355.35654986633494' 'present']]","[['F163' '83.7891299737757' 'destroyed']
 ['F86' '93.8135419841951' 'mated']
 ['F55' '110.31297326924552' 'mated']
 ['F207' '130.25792397785108' 'mated']
 ['F156' '162.10172645554286' 'destroyed']
 ['F49' '181.7715897978768' 'mated']
 ['F154' '202.343972292762' 'absent']
 ['F168' '208.60459873387526' 'absent']
 ['F29' '211.3234816338973' 'absent']
 ['F100' '222.87536668925384' 'mated']
 ['F127' '237.46670916208313' 'mated']
 ['F130' '312.08413492547567' 'destroyed']]",552.0,70.82766750641034,15.532832411319854,1380.0,234.22865904157825,50.253314685797605,319.0,55.09715985547449,12.127081659147814,0.0,0.0,0.0,0.0,0.0,0.0
23,0.054,14,360.4863326062063,"[['14' '9.772579869780408' 'present']
 ['21' '28.882928634206333' 'present']
 ['20' '29.827268015020962' 'present']
 ['3' '31.384088853065865' 'present']
 ['13' '33.841268764047655' 'present']
 ['15' '45.87215040694255' 'present']
 ['0' '46.22964569823469' 'present']
 ['21' '52.99050714447035' 'present']
 ['0' '54.543915796809756' 'marauded']
 ['13' '59.55410891710037' 'presentdestroyed']
 ['20' '65.75312380651364' 'present']
 ['8' '70.26922990823654' 'present']
 ['8' '82.66284885320181' 'present']
 ['0' '90.95932729217581' 'present']
 ['3' '95.77288407406418' 'present']
 ['21' '105.46802591961594' 'present']
 ['4' '107.15794241839546' 'present']
 ['20' '124.54986367349623' 'present']
 ['5' '125.70588235277823' 'present']
 ['21' '129.7869769273734' 'present']
 ['20' '134.76437957244772' 'present']
 ['15' '139.02780730437456' 'present']
 ['20' '150.97825783247103' 'marauded']
 ['20' '151.3068497883962' 'presentdestroyed']
 ['4' '152.52612139505717' 'presentdestroyed']
 ['18' '158.78992429770977' 'presentdestroyed']
 ['21' '167.44829173719737' 'marauded']
 ['14' '176.1370205301684' 'marauded']
 ['18' '189.51945870495595' 'present']
 ['18' '194.40322461195507' 'present']
 ['20' '208.62445820429804' 'present']
 ['19' '218.61479364505038' 'present']
 ['7' '231.2515417111045' 'present']
 ['0' '231.67818858404166' 'present']
 ['8' '239.47868367760964' 'present']
 ['5' '240.05137826869725' 'present']
 ['14' '240.98241644564254' 'present']
 ['3' '250.22038018402958' 'present']
 ['14' '253.95441554561242' 'present']
 ['14' '262.88279218151973' 'present']
 ['15' '273.52724667276095' 'present']
 ['10' '290.0915403758926' 'present']
 ['8' '296.96635477485216' 'present']
 ['16' '306.44512928621623' 'present']
 ['1' '309.37691122974644' 'present']
 ['5' '315.5838747637582' 'present']
 ['0' '315.79372800486186' 'present']
 ['5' '320.9660883351129' 'present']
 ['3' '329.7475546185348' 'present']
 ['1' '334.65944078177296' 'marauded']
 ['4' '349.40291030322544' 'marauded']
 ['4' '349.68026652748586' 'presentdestroyed']]","[['F80' '32.86577896299145' 'mated']
 ['F1' '40.02413167986564' 'mated']
 ['F21' '65.25874785295561' 'mated']
 ['F181' '77.53956746688822' 'mated']
 ['F60' '88.33529688365094' 'mated']
 ['F3' '119.59486247462678' 'mated']
 ['F77' '132.06526150897287' 'mated']
 ['F174' '140.55269418781361' 'mated']
 ['F156' '162.10404127035767' 'mated']
 ['F155' '181.903556536406' 'absentdestroyed']
 ['F123' '182.23234435179677' 'destroyed']
 ['F64' '182.27865986116106' 'destroyed']
 ['F192' '198.93296520045254' 'mated']
 ['F160' '205.50439371805862' 'mated']
 ['F100' '222.87073705962422' 'absent']
 ['F88' '240.6238352605986' 'mated']
 ['F136' '267.01770147718935' 'mated']
 ['F13' '297.9572003445348' 'absent']
 ['F150' '315.0072212630677' 'absent']
 ['F75' '320.0200567957865' 'mated']]",559.0,68.57334897736422,13.352755830600833,1500.0,252.82699693740142,54.03131546152505,218.0,36.6950861661903,7.801511502045778,17.0,1.7000000000000004,0.1700000000000001,84.0,0.38888888888888923,0.0018004115226337432
