id,probability_maraud,successful_mating,next_foraging_time,mar_attempts,mate_attempts,foraging_events,foraging_hrs,foraging_sqhrs,staying_events,staying_hrs,staying_sqhrs,repairing_events,repairing_hrs,repairing_sqhrs,marauding_events,marauding_hrs,marauding_sqhrs,traveling_events,traveling_hrs,traveling_sqhrs
0,0.054,8,360.25259050894255,"[['21' '1.7416154241993906' 'present']
 ['8' '2.1603121879507983' 'marauded']
 ['23' '3.1992936528066895' 'presentdestroyed']
 ['18' '11.843746453275026' 'present']
 ['5' '16.376052162569472' 'marauded']
 ['1' '17.755239233477297' 'presentdestroyed']
 ['5' '18.675368588882566' 'presentdestroyed']
 ['11' '22.534681200961998' 'presentdestroyed']
 ['12' '25.111505772312793' 'present']
 ['15' '33.03212858690576' 'present']
 ['8' '33.14020996901164' 'present']
 ['16' '34.25678967351679' 'marauded']
 ['22' '40.82380083687984' 'presentdestroyed']
 ['12' '48.598412370245875' 'present']
 ['12' '53.908936314933165' 'marauded']
 ['20' '59.370102321268085' 'presentdestroyed']
 ['8' '66.60285451064571' 'present']
 ['3' '84.32578183675369' 'marauded']
 ['7' '86.01803923104976' 'destroyed']
 ['11' '95.65957625457182' 'present']
 ['9' '96.19398865694222' 'present']
 ['3' '97.85720473223012' 'present']
 ['5' '101.94578580941429' 'marauded']
 ['9' '111.17218488396188' 'present']
 ['17' '114.19070033181264' 'present']
 ['23' '114.96173724331489' 'marauded']
 ['20' '118.67657620780724' 'destroyed']
 ['11' '148.22543734167476' 'present']
 ['20' '148.30458593073348' 'present']
 ['5' '148.53648325169573' 'present']
 ['19' '154.1231350550274' 'present']
 ['9' '160.53033261755616' 'present']
 ['10' '167.11415160385806' 'present']
 ['9' '169.60089243203967' 'present']
 ['15' '169.65721144809297' 'present']
 ['19' '173.97913033859464' 'present']
 ['5' '190.27312871114066' 'present']
 ['19' '204.89467851627634' 'marauded']
 ['16' '211.59168640306305' 'destroyed']
 ['1' '212.84746920940665' 'destroyed']
 ['23' '215.4487042912691' 'present']
 ['6' '234.16735049184456' 'present']
 ['16' '237.95971915071107' 'present']
 ['3' '238.59723097594915' 'marauded']
 ['15' '241.17193596645396' 'presentdestroyed']
 ['12' '249.31733938377437' 'present']
 ['23' '276.75575339827896' 'present']
 ['7' '279.172953710437' 'marauded']
 ['1' '286.0653227729399' 'present']
 ['17' '298.49403699749837' 'present']
 ['10' '299.0468438244876' 'marauded']
 ['7' '304.37408632033686' 'destroyed']
 ['8' '306.2624680573326' 'presentdestroyed']
 ['11' '325.65977325499017' 'present']
 ['7' '326.4880473163684' 'present']
 ['23' '328.0788169698675' 'present']
 ['11' '331.30462088379386' 'present']
 ['18' '338.1995686601386' 'present']
 ['19' '347.72213408176253' 'present']
 ['7' '348.97362164034496' 'present']
 ['17' '349.9629432671446' 'present']
 ['16' '358.9309215582105' 'present']
 ['22' '359.1963806626021' 'marauded']
 ['8' '359.98039170293947' 'presentdestroyed']]","[['F35' '38.079220313809365' 'destroyed']
 ['F211' '81.3293663648431' 'absent']
 ['F211' '93.44510710558386' 'absent']
 ['F149' '149.60373383572878' 'mated']
 ['F130' '162.30502766923718' 'mated']
 ['F100' '170.77275097428947' 'mated']
 ['F51' '186.1476062245706' 'absent']
 ['F140' '258.6053841746374' 'absent']
 ['F191' '268.74375549990776' 'mated']
 ['F182' '293.30737666377473' 'mated']
 ['F94' '315.4999685042011' 'mated']
 ['F37' '326.05351786245944' 'mated']
 ['F175' '335.9812699948154' 'mated']]",567.0,71.23792285395581,15.312577562365172,1319.0,216.2226311949327,44.78050748526683,400.0,68.05846863383243,14.713150702531866,11.0,1.0999999999999999,0.11000000000000004,75.0,3.4722222222222214,0.16075102880658423
1,0.054,7,360.2853515331402,"[['9' '0.18566475105086971' 'present']
 ['17' '1.0964120465481482' 'present']
 ['19' '9.35032316624221' 'marauded']
 ['9' '12.111307129544484' 'presentdestroyed']
 ['0' '12.440180582774563' 'presentdestroyed']
 ['7' '12.812217511836936' 'presentdestroyed']
 ['16' '15.97711901272168' 'presentdestroyed']
 ['22' '24.16108037209438' 'present']
 ['7' '26.54656279437033' 'marauded']
 ['21' '28.265213175584787' 'presentdestroyed']
 ['0' '33.824016762503916' 'presentdestroyed']
 ['6' '35.184537873122764' 'present']
 ['17' '36.597546577783234' 'present']
 ['12' '40.8763003957963' 'present']
 ['5' '49.19331082844601' 'present']
 ['7' '49.40765867567711' 'present']
 ['6' '51.6892310671328' 'present']
 ['0' '52.67476736144915' 'present']
 ['15' '53.17521175767145' 'present']
 ['12' '74.04642893561405' 'marauded']
 ['6' '89.31680328905175' 'present']
 ['21' '106.95454668065781' 'present']
 ['20' '108.04219320326551' 'present']
 ['19' '108.95116923900615' 'marauded']
 ['9' '113.9596861919054' 'presentdestroyed']
 ['18' '118.81461261289374' 'present']
 ['9' '119.86730620419476' 'marauded']
 ['0' '122.61155822050809' 'presentdestroyed']
 ['16' '130.4733138952013' 'present']
 ['18' '131.72707355370426' 'present']
 ['16' '133.13212093344794' 'present']
 ['16' '134.1669372398931' 'marauded']
 ['8' '136.86986208668802' 'presentdestroyed']
 ['23' '138.69612955763424' 'destroyed']
 ['11' '142.419015745149' 'present']
 ['20' '147.16609462513858' 'present']
 ['18' '161.1318890650866' 'present']
 ['10' '172.13836340842366' 'marauded']
 ['6' '180.3968975843202' 'present']
 ['11' '188.05575792348804' 'present']
 ['15' '205.99189857942974' 'present']
 ['16' '207.04831241111935' 'present']
 ['17' '207.45287306821828' 'present']
 ['23' '210.72138426927089' 'present']
 ['22' '215.64771238542207' 'marauded']
 ['21' '235.04470534947524' 'present']
 ['23' '239.62075371102657' 'present']
 ['15' '242.98884729505843' 'present']
 ['7' '245.58712691235743' 'marauded']
 ['18' '256.60353243987964' 'marauded']
 ['23' '262.09489771816453' 'presentdestroyed']
 ['17' '267.69279630541445' 'marauded']
 ['17' '273.5189652493565' 'destroyed']
 ['3' '277.80806925388833' 'marauded']
 ['0' '278.0650037817879' 'presentdestroyed']
 ['20' '280.7402522352291' 'presentdestroyed']
 ['7' '282.62970856365166' 'presentdestroyed']
 ['18' '282.8060358882941' 'presentdestroyed']
 ['8' '283.8303859368101' 'presentdestroyed']
 ['8' '292.53900454508556' 'present']
 ['15' '296.4606163718402' 'present']
 ['22' '306.5296463725492' 'present']
 ['16' '324.04648148440305' 'present']
 ['11' '331.25832458749755' 'present']
 ['8' '337.1746367851756' 'present']
 ['7' '343.13511603534215' 'marauded']
 ['19' '343.8064272115581' 'presentdestroyed']
 ['8' '350.2936205220504' 'presentdestroyed']
 ['9' '351.24516454054645' 'present']]","[['F77' '11.603587257659846' 'absentdestroyed']
 ['F214' '118.92886414549058' 'mated']
 ['F134' '127.86716058644396' 'mated']
 ['F107' '151.94096251860447' 'mated']
 ['F25' '159.31577563722863' 'mated']
 ['F139' '178.47449726493994' 'destroyed']
 ['F202' '204.21766870603346' 'mated']
 ['F27' '243.71626100703745' 'mated']
 ['F123' '256.82440887714654' 'destroyed']
 ['F206' '304.7800363864672' 'absent']
 ['F208' '331.680960148627' 'mated']]",555.0,68.54590687392103,13.878249785388341,1215.0,207.9981581683809,44.70065818829598,474.0,79.12083400676713,16.564138151240112,12.0,1.2,0.12000000000000005,68.0,3.1481481481481475,0.1457475994513031
2,0.0,11,360.4374711719901,"[['21' '2.181319661091282' 'present']
 ['7' '2.7734078720717252' 'marauded']
 ['18' '23.099941403361125' 'marauded']
 ['9' '24.491045447375953' 'presentdestroyed']
 ['7' '27.86089858488254' 'presentdestroyed']
 ['17' '33.8624160169588' 'present']
 ['18' '40.45801112162993' 'present']
 ['12' '43.50468392979993' 'present']
 ['18' '55.24466903489129' 'marauded']
 ['1' '56.60745355787015' 'presentdestroyed']
 ['8' '63.97779322154197' 'present']
 ['20' '65.69292953601487' 'present']
 ['1' '66.0832457263178' 'present']
 ['22' '73.44681468130021' 'present']
 ['8' '74.99388606422704' 'present']
 ['20' '78.95141889938363' 'present']
 ['20' '80.0377242960991' 'present']
 ['22' '81.4277057934131' 'present']
 ['6' '84.84264369818172' 'present']
 ['5' '95.00653837405164' 'present']
 ['15' '95.7750568041187' 'marauded']
 ['0' '111.0865154579912' 'present']
 ['20' '118.29512927901096' 'present']
 ['8' '121.47438280862283' 'present']
 ['22' '126.45859234699539' 'present']
 ['21' '127.00873327867703' 'present']
 ['16' '130.5196101914976' 'present']
 ['6' '131.92133280417343' 'present']
 ['12' '137.4752116593713' 'present']
 ['3' '141.4844219026755' 'marauded']
 ['15' '142.48971235463225' 'presentdestroyed']
 ['15' '142.53600865092855' 'presentdestroyed']
 ['15' '154.39901461596804' 'present']
 ['12' '157.61123675456224' 'marauded']
 ['7' '160.21747788641207' 'destroyed']
 ['10' '160.26534777633483' 'destroyed']
 ['17' '172.87486372322988' 'marauded']
 ['11' '183.00336717452328' 'present']
 ['22' '183.64402386245186' 'present']
 ['0' '188.8877983230204' 'present']
 ['9' '191.6428051967836' 'present']
 ['1' '210.1590351786036' 'present']
 ['11' '214.88960127354173' 'present']
 ['11' '216.84433931781177' 'present']
 ['7' '223.9347399653874' 'present']
 ['6' '229.35184029296946' 'present']
 ['8' '231.62799529817238' 'present']
 ['21' '231.69502208526413' 'present']
 ['12' '233.39451615489514' 'present']
 ['21' '235.09100164577154' 'present']
 ['1' '235.73335444884927' 'marauded']
 ['9' '237.0704084052521' 'presentdestroyed']
 ['22' '239.60934220714944' 'presentdestroyed']
 ['22' '242.28177357924037' 'presentdestroyed']
 ['21' '253.98013427666655' 'present']
 ['23' '254.09017020561322' 'marauded']
 ['18' '258.8358973469352' 'destroyed']
 ['8' '259.8492966528829' 'presentdestroyed']
 ['15' '260.6629136092033' 'presentdestroyed']
 ['7' '263.9506684150627' 'present']
 ['12' '265.47993776946475' 'present']
 ['23' '266.6056803932473' 'marauded']
 ['5' '276.7406373796348' 'present']
 ['0' '287.3454852668344' 'present']
 ['21' '291.7592187756292' 'present']
 ['8' '291.8151114188135' 'present']
 ['23' '304.5687094745691' 'present']
 ['17' '306.73757898359236' 'present']
 ['8' '307.38218382850397' 'present']
 ['22' '310.57893544285855' 'present']
 ['10' '319.40937006696436' 'present']
 ['15' '322.8238733829334' 'present']
 ['6' '332.75140104461815' 'present']
 ['0' '335.1137884696578' 'present']
 ['17' '335.2180942459921' 'present']
 ['5' '335.75540546759464' 'present']
 ['11' '342.0582983974303' 'marauded']
 ['8' '342.6105508697529' 'destroyed']
 ['17' '344.40241091994653' 'presentdestroyed']
 ['5' '349.85753128606734' 'marauded']
 ['7' '351.6229519474664' 'presentdestroyed']
 ['21' '354.2955629643344' 'destroyed']
 ['9' '357.52050009373795' 'present']]","[['F35' '38.1486647582538' 'mated']
 ['F210' '47.44727612934533' 'absent']
 ['F161' '49.94582580687878' 'mated']
 ['F60' '59.36084995749848' 'absentdestroyed']
 ['F124' '66.41336459325699' 'mated']
 ['F174' '67.12028159058832' 'absent']
 ['F93' '141.3435072015274' 'mated']
 ['F0' '172.7333140597352' 'absent']
 ['F176' '199.03194786823798' 'mated']
 ['F122' '214.88959415223414' 'mated']
 ['F16' '228.9756184099553' 'mated']
 ['F179' '230.80254692429114' 'mated']
 ['F114' '245.53689359452798' 'absent']
 ['F142' '282.64722778837734' 'mated']
 ['F162' '289.7539833384235' 'mated']
 ['F205' '303.66344730186364' 'mated']
 ['F192' '322.12481903437487' 'absent']]",562.0,68.80137840794349,14.184343321950061,1298.0,217.51318353819067,46.26592775893202,431.0,73.70497721950876,16.007446486030016,0.0,0.0,0.0,0.0,0.0,0.0
3,0.054,10,360.434636259764,"[['21' '3.9858478819709924' 'present']
 ['17' '4.698376371773962' 'present']
 ['12' '7.4306618360492624' 'present']
 ['6' '10.761100934277419' 'present']
 ['8' '12.102772302584235' 'marauded']
 ['9' '12.533542964996292' 'presentdestroyed']
 ['11' '13.900576534058386' 'presentdestroyed']
 ['18' '18.30891014948561' 'presentdestroyed']
 ['11' '33.24525334447607' 'marauded']
 ['19' '34.63971127525184' 'presentdestroyed']
 ['18' '40.65028517922248' 'presentdestroyed']
 ['7' '43.139774758351095' 'marauded']
 ['11' '44.83321464386432' 'destroyed']
 ['22' '68.94580350608032' 'marauded']
 ['21' '71.65844926877719' 'presentdestroyed']
 ['16' '79.7253799577298' 'present']
 ['22' '89.31950194981731' 'present']
 ['11' '91.08879131334163' 'present']
 ['0' '101.93678130127746' 'present']
 ['10' '105.03473985464032' 'marauded']
 ['17' '111.67152986694747' 'presentdestroyed']
 ['18' '117.76226327411815' 'present']
 ['1' '130.03902528630582' 'present']
 ['9' '131.2794694450846' 'present']
 ['7' '147.85439687949713' 'present']
 ['22' '148.8973597667201' 'present']
 ['21' '158.6414280127764' 'marauded']
 ['12' '163.7630344441743' 'presentdestroyed']
 ['0' '174.2653158618825' 'present']
 ['8' '175.82431430865287' 'present']
 ['21' '179.95590384600197' 'present']
 ['16' '183.02596411021318' 'marauded']
 ['19' '183.50816727927395' 'presentdestroyed']
 ['19' '188.38708163648627' 'presentdestroyed']
 ['21' '194.17298446566494' 'present']
 ['5' '205.5877138915173' 'present']
 ['21' '215.24056285816803' 'present']
 ['20' '217.06602759061767' 'present']
 ['11' '221.79104779153877' 'present']
 ['20' '226.91786742441028' 'present']
 ['7' '228.8652538946081' 'present']
 ['18' '230.8291065077955' 'present']
 ['19' '230.84314177521838' 'present']
 ['15' '234.72522196668544' 'present']
 ['5' '239.1599619827574' 'present']
 ['9' '239.48615654481168' 'present']
 ['12' '240.13023576719115' 'present']
 ['6' '252.52987138047325' 'present']
 ['6' '255.76081912208983' 'present']
 ['5' '262.9739883922796' 'present']
 ['8' '276.39122216693977' 'present']
 ['16' '278.0850164040891' 'present']
 ['8' '278.6970312105399' 'present']
 ['15' '279.47304341128427' 'present']
 ['15' '283.8911729936106' 'present']
 ['11' '284.7511585556959' 'present']
 ['5' '284.7790065579603' 'present']
 ['18' '291.5887133265961' 'present']
 ['6' '292.93568675407636' 'present']
 ['18' '293.2142069019884' 'present']
 ['6' '294.128395549469' 'present']
 ['18' '300.35694936621155' 'marauded']
 ['6' '305.1784885239928' 'presentdestroyed']
 ['20' '311.35891195197087' 'present']
 ['5' '316.21640538814506' 'present']
 ['6' '333.6876708221748' 'present']
 ['6' '342.27201630733356' 'marauded']
 ['23' '350.08945256288786' 'present']
 ['9' '352.59588910291524' 'present']]","[['F46' '64.5539126125692' 'mated']
 ['F58' '77.29931359893286' 'mated']
 ['F115' '87.28136966698857' 'mated']
 ['F96' '119.50765653296034' 'mated']
 ['F15' '136.3364011030775' 'mated']
 ['F145' '156.39134399518454' 'absent']
 ['F85' '169.87542570059267' 'mated']
 ['F108' '173.6796978630801' 'mated']
 ['F14' '175.36167922864257' 'absent']
 ['F50' '181.9930009690619' 'absent']
 ['F172' '186.0360981517922' 'destroyed']
 ['F51' '198.1939025208669' 'mated']
 ['F188' '216.81266747206828' 'absent']
 ['F169' '291.24500011348164' 'mated']
 ['F182' '293.2842285156266' 'absent']
 ['F198' '312.02227825389315' 'mated']]",557.0,72.72167972972953,16.123838100965134,1329.0,228.39955045592572,49.30644924822838,317.0,54.76937398813591,11.886213647813785,11.0,1.0999999999999999,0.11000000000000004,67.0,3.101851851851851,0.14360425240054867
4,0.0,5,360.6884659523618,"[['22' '9.143912313403646' 'marauded']
 ['9' '13.814721599014524' 'presentdestroyed']
 ['23' '18.58717053000585' 'present']
 ['10' '22.129543211423986' 'present']
 ['8' '27.47278394009201' 'present']
 ['16' '32.29623175331053' 'present']
 ['1' '42.006635673781425' 'present']
 ['7' '47.66274270304369' 'present']
 ['6' '59.068526242196874' 'present']
 ['12' '90.52227068975255' 'present']
 ['22' '103.66604819296583' 'present']
 ['12' '112.42062080761748' 'present']
 ['15' '125.22543364417224' 'present']
 ['9' '134.9216974634683' 'marauded']
 ['16' '136.05064608142334' 'presentdestroyed']
 ['12' '137.63905397629551' 'presentdestroyed']
 ['0' '138.57814320354086' 'presentdestroyed']
 ['3' '149.89554238424572' 'present']
 ['0' '152.99424238167887' 'marauded']
 ['8' '155.9491862381264' 'presentdestroyed']
 ['7' '173.42554758021367' 'marauded']
 ['23' '193.7659324031182' 'present']
 ['5' '194.62582412979486' 'present']
 ['11' '195.11696497266007' 'present']
 ['6' '201.12483552891553' 'present']
 ['22' '209.7714795832322' 'present']
 ['22' '211.47642394810543' 'present']
 ['22' '213.15928330306133' 'present']
 ['9' '220.8565807821261' 'marauded']
 ['9' '231.74097846190912' 'marauded']
 ['15' '233.04209081525133' 'presentdestroyed']
 ['0' '237.71575273114192' 'presentdestroyed']
 ['15' '246.05992451649044' 'present']
 ['7' '250.68171848301384' 'marauded']
 ['11' '265.53503390370577' 'present']
 ['19' '268.43426197371747' 'present']
 ['6' '268.7102279211238' 'present']
 ['1' '277.7890187785672' 'present']
 ['23' '279.71213484027896' 'present']
 ['8' '286.5322894352871' 'present']
 ['0' '287.70433060898006' 'present']
 ['11' '300.8860562685492' 'present']
 ['19' '302.0529788834939' 'present']
 ['8' '306.06615592174603' 'present']
 ['23' '307.9072102776301' 'present']
 ['3' '313.98420399524974' 'present']
 ['16' '314.0993334373812' 'present']
 ['8' '316.93819137292473' 'marauded']
 ['1' '325.4592486075652' 'marauded']
 ['22' '330.0289723027799' 'presentdestroyed']
 ['16' '333.3839809487564' 'present']
 ['0' '343.18593221856173' 'present']]","[['F204' '88.60810618712836' 'mated']
 ['F160' '125.95725079645274' 'absent']
 ['F173' '135.6411306434814' 'destroyed']
 ['F15' '136.31325295492934' 'destroyed']
 ['F146' '179.49207102653878' 'destroyed']
 ['F38' '183.23973016842555' 'mated']
 ['F43' '184.8729019082239' 'mated']
 ['F11' '194.82815183201794' 'mated']
 ['F69' '240.78734502399786' 'mated']
 ['F118' '274.9613417688145' 'absent']]",576.0,74.79639694947898,16.21664735646409,1345.0,230.24921524258858,49.74832324649771,338.0,54.98318201616048,11.605328266867959,0.0,0.0,0.0,0.0,0.0,0.0
5,0.054,9,359.9416046771678,"[['18' '0.8951767081704244' 'present']
 ['10' '0.9504547323038265' 'present']
 ['3' '6.15941650212576' 'marauded']
 ['15' '10.287029949706941' 'presentdestroyed']
 ['20' '20.763883621391095' 'present']
 ['8' '22.89685993422872' 'present']
 ['6' '25.181294851254943' 'marauded']
 ['16' '38.492622461749505' 'present']
 ['19' '52.74830638194198' 'present']
 ['11' '57.05929688163899' 'present']
 ['20' '69.7851297910579' 'present']
 ['21' '70.91730121706884' 'present']
 ['22' '72.07008419190264' 'present']
 ['6' '74.08645438585668' 'present']
 ['21' '77.1505039614636' 'present']
 ['16' '80.80728381944577' 'marauded']
 ['23' '93.68720568164206' 'present']
 ['22' '96.72469823470509' 'present']
 ['15' '98.6623627975687' 'present']
 ['23' '100.005937359287' 'present']
 ['0' '101.21292426525446' 'present']
 ['20' '107.49242953856908' 'present']
 ['19' '108.90487294270984' 'present']
 ['11' '111.41899517831374' 'present']
 ['21' '133.74265786775445' 'present']
 ['16' '135.8179361905807' 'present']
 ['1' '147.1052646517183' 'present']
 ['16' '159.0914005003141' 'marauded']
 ['11' '171.91357781517087' 'present']
 ['12' '185.32998429619084' 'present']
 ['10' '194.78015259425817' 'marauded']
 ['20' '195.98770230602867' 'presentdestroyed']
 ['15' '197.14607122369802' 'presentdestroyed']
 ['15' '207.47414899417163' 'marauded']
 ['1' '209.3663086495862' 'presentdestroyed']
 ['23' '210.37978324867328' 'presentdestroyed']
 ['10' '213.11023089700205' 'presentdestroyed']
 ['0' '220.81711873568307' 'present']
 ['21' '226.99386917010045' 'present']
 ['18' '227.0812952489841' 'marauded']
 ['15' '230.2040732859648' 'presentdestroyed']
 ['18' '233.44254740867981' 'presentdestroyed']
 ['6' '240.34289788268936' 'present']
 ['22' '251.95305349451348' 'marauded']
 ['19' '255.37919685965016' 'destroyed']
 ['17' '272.1990476518583' 'present']
 ['12' '287.5038534113161' 'present']
 ['0' '287.983299002169' 'present']
 ['8' '289.94874512325976' 'present']
 ['6' '294.6018129460069' 'present']
 ['19' '301.5173505196619' 'present']
 ['10' '302.62301343672283' 'present']
 ['9' '308.26738593164816' 'marauded']
 ['6' '327.4769252642964' 'present']
 ['7' '339.6000767431783' 'present']
 ['7' '341.9333570457876' 'present']
 ['23' '346.5715243009895' 'present']]","[['F77' '11.580439109511698' 'destroyed']
 ['F35' '38.125516610105656' 'absent']
 ['F201' '43.50896416501913' 'mated']
 ['F210' '47.47042427749348' 'absent']
 ['F60' '59.383998105646626' 'mated']
 ['F211' '69.16732932780603' 'absent']
 ['F65' '93.17351323441022' 'mated']
 ['F195' '97.38212639108473' 'mated']
 ['F189' '98.62053384448376' 'mated']
 ['F133' '123.92237035482835' 'absent']
 ['F49' '136.58509123922533' 'mated']
 ['F93' '141.29721090523108' 'absent']
 ['F5' '168.8462010960461' 'mated']
 ['F197' '171.91211830239982' 'mated']
 ['F6' '176.64521792657558' 'mated']
 ['F84' '214.0017708973552' 'destroyed']]",574.0,69.42428488448344,13.62648419878951,1358.0,231.15179769072574,50.16848359462773,325.0,54.8718743536342,11.776358824515693,10.0,0.9999999999999999,0.10000000000000003,79.0,3.6574074074074066,0.16932441700960202
6,0.054,9,360.0887040332737,"[['21' '0.023148148148148147' 'present']
 ['17' '3.1478561459739405' 'present']
 ['23' '7.812510770683334' 'present']
 ['23' '14.646275710965563' 'present']
 ['1' '20.154038425875115' 'present']
 ['10' '29.922409677015544' 'present']
 ['11' '35.834942236400025' 'present']
 ['21' '37.54279188744855' 'present']
 ['7' '41.72159106202131' 'present']
 ['20' '41.87704172332487' 'marauded']
 ['8' '44.66756880108669' 'presentdestroyed']
 ['7' '47.00801250111437' 'presentdestroyed']
 ['5' '63.40533291406191' 'marauded']
 ['23' '67.87815822233259' 'presentdestroyed']
 ['15' '74.71606263928797' 'marauded']
 ['1' '83.95780050859325' 'present']
 ['10' '88.85859577708278' 'present']
 ['23' '102.01901161447881' 'present']
 ['11' '113.07374234479593' 'marauded']
 ['8' '114.0832948009847' 'presentdestroyed']
 ['3' '150.27661779054887' 'present']
 ['21' '153.8705688316246' 'present']
 ['8' '155.9954825344227' 'marauded']
 ['21' '158.5951317164801' 'presentdestroyed']
 ['15' '167.74389328978978' 'present']
 ['23' '171.18262526599824' 'present']
 ['19' '177.29088546943007' 'present']
 ['7' '187.33447141478968' 'present']
 ['5' '193.80514552777063' 'present']
 ['18' '201.6670863558381' 'present']
 ['17' '209.9103492207204' 'marauded']
 ['20' '221.8737938615349' 'present']
 ['11' '223.49869690669286' 'present']
 ['16' '227.08644582565086' 'present']
 ['7' '229.00398979625652' 'present']
 ['1' '245.25441235021376' 'present']
 ['18' '247.66487793223956' 'present']
 ['0' '255.82054821996977' 'present']
 ['16' '268.6755450100077' 'present']
 ['0' '274.83749017702667' 'present']
 ['10' '282.46069510828215' 'marauded']
 ['17' '284.1324744105987' 'destroyed']
 ['8' '296.07090007845073' 'present']
 ['20' '308.4179136818279' 'present']
 ['9' '313.1995405657636' 'marauded']
 ['0' '313.3603012523017' 'presentdestroyed']
 ['15' '317.2825834181572' 'presentdestroyed']
 ['5' '319.0953180334741' 'presentdestroyed']
 ['22' '332.55343085508423' 'present']
 ['9' '342.0711212725912' 'present']
 ['9' '347.7616395634564' 'present']
 ['20' '350.81386360373574' 'marauded']]","[['F163' '50.97565989403537' 'mated']
 ['F174' '67.05083714614386' 'absentdestroyed']
 ['F211' '81.35251451299125' 'destroyed']
 ['F75' '91.98536261694781' 'mated']
 ['F91' '92.77062987455855' 'mated']
 ['F215' '122.77100909710006' 'mated']
 ['F203' '124.52545347996171' 'absent']
 ['F70' '168.68203024287422' 'mated']
 ['F0' '172.75646220788335' 'mated']
 ['F44' '198.7836655524307' 'mated']
 ['F188' '216.83581562021644' 'absentdestroyed']
 ['F59' '274.0376773614197' 'mated']
 ['F19' '274.4918751508456' 'mated']]",572.0,73.51430183559542,16.3683290958911,1375.0,226.78029277218792,47.818723028432174,322.0,55.00020517146118,11.679814553998744,12.0,1.2,0.12000000000000005,79.0,3.6574074074074066,0.16932441700960202
7,0.054,6,360.2433379436461,"[['6' '4.7701753500029325' 'marauded']
 ['6' '14.295106867056038' 'marauded']
 ['10' '21.89192785979728' 'present']
 ['0' '24.247698089890136' 'present']
 ['21' '28.037750685725552' 'marauded']
 ['11' '43.647936889256286' 'present']
 ['16' '50.74423226118062' 'present']
 ['0' '52.478515875083524' 'marauded']
 ['23' '53.071215571544045' 'presentdestroyed']
 ['23' '55.85342049969306' 'presentdestroyed']
 ['16' '56.3280283785506' 'presentdestroyed']
 ['8' '58.50761948604828' 'presentdestroyed']
 ['10' '79.03127061642013' 'present']
 ['17' '79.74158540287647' 'present']
 ['9' '88.28942698997557' 'present']
 ['15' '90.40011951266429' 'present']
 ['6' '99.350581387782' 'present']
 ['10' '101.0728359197393' 'present']
 ['6' '107.35016463884217' 'present']
 ['17' '108.7404329215901' 'present']
 ['11' '109.9829767393353' 'present']
 ['17' '111.25184428001933' 'marauded']
 ['6' '123.42656469705685' 'present']
 ['8' '126.66345780954586' 'present']
 ['5' '128.13100643263616' 'present']
 ['1' '128.7458289071854' 'present']
 ['6' '129.49707606398584' 'present']
 ['19' '137.83492146788075' 'marauded']
 ['21' '140.80632569609693' 'destroyed']
 ['11' '148.396758657256' 'present']
 ['11' '149.2979103021054' 'marauded']
 ['19' '154.85165213067975' 'presentdestroyed']
 ['23' '173.43863277082517' 'marauded']
 ['15' '178.1504824527915' 'presentdestroyed']
 ['10' '181.92760951659102' 'present']
 ['1' '192.57719731444013' 'present']
 ['22' '192.94493073708958' 'marauded']
 ['17' '194.3106943364079' 'presentdestroyed']
 ['11' '200.8225287594204' 'present']
 ['8' '202.6694076479697' 'marauded']
 ['1' '204.86517117763483' 'presentdestroyed']
 ['1' '210.2053314748999' 'present']
 ['22' '212.3974404628339' 'marauded']
 ['21' '237.66952051568492' 'present']
 ['12' '241.47639196530912' 'present']
 ['16' '241.64470947501283' 'present']
 ['10' '242.3466541981992' 'present']
 ['16' '244.20221736118307' 'present']
 ['20' '258.0368376903646' 'present']
 ['8' '258.52590022341997' 'present']
 ['3' '264.33057713490433' 'present']
 ['12' '267.76520127910874' 'present']
 ['15' '270.4504976017273' 'present']
 ['21' '280.82167695492274' 'present']
 ['16' '289.6601758490804' 'present']
 ['17' '301.94700836666624' 'present']
 ['1' '303.70893223276846' 'present']
 ['22' '304.22201134257006' 'present']
 ['15' '310.40160355116797' 'present']
 ['17' '323.07785834541255' 'present']
 ['8' '330.7749393184312' 'present']
 ['1' '336.0583903320707' 'present']
 ['20' '340.1461401567137' 'present']
 ['8' '355.9109612950875' 'marauded']]","[['F77' '11.626735405807995' 'destroyed']
 ['F28' '25.25964672277143' 'mated']
 ['F164' '35.47138417741501' 'destroyed']
 ['F174' '67.07398529429202' 'absent']
 ['F211' '81.25992192039864' 'absent']
 ['F52' '153.34480170624855' 'destroyed']
 ['F108' '173.65654971493194' 'absentdestroyed']
 ['F207' '176.80569096671942' 'destroyed']
 ['F146' '179.51521917468693' 'destroyed']
 ['F178' '188.95594274090664' 'mated']
 ['F99' '195.64137522322724' 'destroyed']
 ['F1' '231.8646858785993' 'mated']
 ['F135' '239.16679356522792' 'mated']
 ['F41' '254.84266529784134' 'absent']
 ['F83' '263.81378750505274' 'mated']
 ['F200' '329.82808357661463' 'mated']]",569.0,71.62270160689556,14.70021975383592,1257.0,213.09204319906638,45.72804370855254,422.0,70.22233949773543,14.858283249161673,16.0,1.6000000000000003,0.1600000000000001,76.0,3.5185185185185177,0.16289437585733868
8,0.054,9,360.56944460230346,"[['5' '1.2470459815356703' 'present']
 ['11' '14.122403480504227' 'marauded']
 ['5' '21.50431252348766' 'present']
 ['5' '22.386275703444426' 'present']
 ['3' '33.184964379658275' 'marauded']
 ['21' '50.81430252789121' 'marauded']
 ['9' '61.54980714840549' 'present']
 ['10' '71.34653003324611' 'present']
 ['9' '71.50276893839451' 'present']
 ['21' '77.1968002577599' 'present']
 ['16' '81.49141707846758' 'marauded']
 ['20' '83.46205486400339' 'destroyed']
 ['23' '84.38964585944942' 'presentdestroyed']
 ['11' '91.04249501704533' 'present']
 ['6' '92.60568168779051' 'present']
 ['18' '99.24531504326576' 'present']
 ['11' '107.00471281500539' 'present']
 ['16' '127.47447349957163' 'marauded']
 ['21' '131.3986966987297' 'presentdestroyed']
 ['10' '137.9573648085913' 'present']
 ['23' '138.41960784262253' 'present']
 ['12' '143.20508657552455' 'present']
 ['10' '148.58340274242957' 'present']
 ['11' '153.97036083309501' 'present']
 ['0' '160.9464697549682' 'present']
 ['21' '168.02793513786432' 'present']
 ['12' '168.67137499245024' 'present']
 ['3' '174.73472781949258' 'present']
 ['22' '177.8165138722754' 'present']
 ['0' '179.38620856852677' 'marauded']
 ['22' '184.32221609609638' 'presentdestroyed']
 ['12' '190.4761254080114' 'marauded']
 ['10' '200.18602891534147' 'present']
 ['20' '205.48996446511998' 'present']
 ['23' '205.8627383887097' 'present']
 ['21' '211.96526178144765' 'present']
 ['17' '212.42513849723613' 'present']
 ['7' '227.14373495475687' 'present']
 ['3' '236.45039133253522' 'present']
 ['22' '236.95520539812685' 'present']
 ['10' '243.01918676807665' 'marauded']
 ['3' '244.7257236438236' 'presentdestroyed']
 ['0' '248.7838614562315' 'presentdestroyed']
 ['12' '267.0952879245463' 'present']
 ['7' '271.15051879044813' 'present']
 ['22' '292.3076726232081' 'present']
 ['6' '299.0971522570909' 'present']
 ['16' '308.3637613378548' 'present']
 ['15' '326.1613728024524' 'present']
 ['22' '331.0580874179845' 'present']
 ['23' '333.45406224054193' 'present']
 ['23' '342.99987322438375' 'present']
 ['22' '356.15546826703576' 'present']]","[['F170' '33.13501922294281' 'absent']
 ['F53' '79.01363395857948' 'mated']
 ['F80' '90.15220112876284' 'mated']
 ['F73' '97.88160444585004' 'mated']
 ['F39' '127.53480524942393' 'destroyed']
 ['F52' '153.3679498543967' 'mated']
 ['F88' '164.568609093784' 'mated']
 ['F99' '195.6182270750791' 'destroyed']
 ['F18' '226.28251351405882' 'mated']
 ['F154' '237.52068992675876' 'mated']
 ['F41' '254.8658134459895' 'mated']
 ['F177' '276.07921091097535' 'mated']]",565.0,67.21482314644584,13.205020809275053,1388.0,239.02623508295488,52.33621058110301,300.0,48.588407547611766,9.986330125757535,11.0,1.0999999999999999,0.11000000000000004,88.0,4.0740740740740735,0.18861454046639203
9,0.054,10,360.3515680230523,"[['6' '0.4614473143676697' 'present']
 ['3' '3.8926877599745224' 'present']
 ['1' '16.693595615750137' 'marauded']
 ['12' '22.783884183851043' 'presentdestroyed']
 ['16' '30.801949695374415' 'present']
 ['11' '32.5117677210922' 'marauded']
 ['5' '40.35328598166953' 'present']
 ['8' '41.039318747949906' 'present']
 ['3' '42.20161539067139' 'present']
 ['21' '48.67951925065195' 'present']
 ['15' '52.95735705780288' 'present']
 ['15' '61.660910449331354' 'present']
 ['0' '74.45337618890096' 'marauded']
 ['3' '78.50859661535688' 'presentdestroyed']
 ['19' '79.58157632415123' 'presentdestroyed']
 ['7' '86.74877571328575' 'present']
 ['7' '89.38810853826806' 'present']
 ['10' '94.16717361418596' 'present']
 ['11' '94.19223868941036' 'present']
 ['1' '96.02039124124238' 'present']
 ['20' '102.41879080180546' 'present']
 ['6' '102.67211311039104' 'present']
 ['8' '112.59214793194681' 'present']
 ['0' '122.1521984323216' 'present']
 ['20' '126.785005585964' 'present']
 ['21' '133.28015925897876' 'present']
 ['16' '137.5670086091478' 'marauded']
 ['5' '146.76579698772633' 'present']
 ['12' '159.65169424474928' 'present']
 ['10' '166.23303039753827' 'present']
 ['10' '172.96150495277118' 'present']
 ['21' '173.1717560328439' 'present']
 ['10' '178.34965786010082' 'present']
 ['19' '196.38522347629063' 'present']
 ['1' '200.34252049025238' 'present']
 ['8' '201.39708213661208' 'marauded']
 ['1' '214.8274810054136' 'present']
 ['3' '214.97120041765706' 'present']
 ['16' '224.2630010433039' 'present']
 ['0' '224.9307980839185' 'present']
 ['23' '245.25845746437125' 'present']
 ['5' '249.54624352601945' 'present']
 ['12' '259.1880984565945' 'present']
 ['5' '259.96892143369627' 'present']
 ['15' '276.86033945419706' 'marauded']
 ['18' '285.2506399991232' 'present']
 ['20' '286.3839981957558' 'present']
 ['15' '296.76142758187314' 'present']
 ['15' '297.81216888615586' 'marauded']
 ['21' '298.51008154853355' 'presentdestroyed']
 ['10' '300.7909325471777' 'destroyed']
 ['7' '301.91749767916326' 'presentdestroyed']
 ['5' '306.41650375371114' 'present']
 ['1' '308.0769816778816' 'present']
 ['15' '323.557150883096' 'present']
 ['8' '324.1313305383744' 'present']
 ['15' '324.41374390603795' 'present']
 ['23' '333.94230128079425' 'marauded']
 ['5' '337.49289723699815' 'presentdestroyed']
 ['15' '337.9906764407193' 'presentdestroyed']
 ['8' '341.9875180787239' 'present']
 ['5' '352.8455835265255' 'present']
 ['3' '356.1385032429033' 'present']]","[['F35' '38.10236846195751' 'destroyed']
 ['F79' '113.91802705441293' 'mated']
 ['F147' '122.07950190001182' 'mated']
 ['F39' '127.60424969386838' 'mated']
 ['F30' '172.20039027200954' 'mated']
 ['F14' '175.38482737679072' 'mated']
 ['F190' '193.01306434939036' 'mated']
 ['F45' '200.7427925815037' 'mated']
 ['F3' '217.53936052963337' 'mated']
 ['F167' '224.65775226492258' 'absent']
 ['F121' '253.60518405167394' 'mated']
 ['F81' '319.37116833562624' 'mated']]",565.0,68.90032608664497,14.013895494476703,1403.0,238.20793285537624,51.31819790195021,296.0,48.67474641606542,10.222421267206224,12.0,1.2,0.12000000000000005,67.0,3.101851851851851,0.14360425240054867
10,0.054,9,360.1229590087523,"[['16' '0.023148148148148147' 'present']
 ['1' '1.4499012159824671' 'marauded']
 ['3' '5.783654841559818' 'presentdestroyed']
 ['5' '14.51983233821164' 'marauded']
 ['23' '16.745817227335532' 'presentdestroyed']
 ['16' '20.948366986707878' 'presentdestroyed']
 ['22' '29.52764638240575' 'present']
 ['0' '33.777720466207626' 'present']
 ['15' '35.516948495330745' 'present']
 ['6' '40.388488734050675' 'present']
 ['12' '44.25625490255733' 'present']
 ['16' '48.970629110533345' 'present']
 ['17' '53.21221200210717' 'present']
 ['21' '59.215256854217095' 'marauded']
 ['20' '70.84200244744291' 'present']
 ['0' '77.50233266858321' 'present']
 ['3' '104.86099603681697' 'present']
 ['18' '109.55320434537957' 'present']
 ['20' '110.93952050706761' 'present']
 ['6' '112.62440506817352' 'marauded']
 ['1' '116.9635663599847' 'presentdestroyed']
 ['11' '118.38401806414723' 'presentdestroyed']
 ['6' '121.70922463644351' 'present']
 ['7' '122.83940891885517' 'marauded']
 ['0' '124.34474649056352' 'presentdestroyed']
 ['3' '129.79912004340727' 'presentdestroyed']
 ['0' '143.66475590803043' 'present']
 ['0' '167.32612109663128' 'present']
 ['12' '183.35281484400775' 'present']
 ['6' '187.0508993874008' 'present']
 ['8' '188.82307394586547' 'present']
 ['12' '196.30010927814635' 'present']
 ['15' '204.66050086057297' 'present']
 ['23' '213.87276005765173' 'present']
 ['6' '227.5066746772373' 'marauded']
 ['11' '241.82865455063805' 'present']
 ['19' '252.42715133147638' 'present']
 ['11' '254.64303430492578' 'present']
 ['11' '264.20345247820245' 'marauded']
 ['21' '271.6353502466832' 'marauded']
 ['12' '276.61836807278235' 'presentdestroyed']
 ['17' '278.55100983996186' 'presentdestroyed']
 ['12' '281.7060382467256' 'present']
 ['16' '282.62823174014426' 'marauded']
 ['17' '283.6740712229456' 'destroyed']
 ['19' '295.42664534896346' 'present']
 ['1' '307.6959578527685' 'marauded']
 ['12' '317.6277748379117' 'present']
 ['5' '320.1640940558502' 'present']
 ['12' '327.2232845952957' 'present']
 ['8' '342.46425457345657' 'marauded']
 ['9' '349.7721758188048' 'destroyed']
 ['22' '351.01496225293744' 'present']
 ['1' '355.67958718063556' 'present']
 ['15' '356.6887110531347' 'present']
 ['3' '358.64714981561116' 'marauded']]","[['F158' '46.734119796673006' 'mated']
 ['F55' '57.19793982027456' 'mated']
 ['F213' '60.97327550877137' 'destroyed']
 ['F211' '93.49140340188016' 'mated']
 ['F111' '163.53366734060216' 'mated']
 ['F62' '179.97873603353923' 'mated']
 ['F184' '187.853295858209' 'mated']
 ['F40' '189.73791140733564' 'mated']
 ['F51' '198.17075437271876' 'absent']
 ['F153' '206.21310499941129' 'mated']
 ['F84' '214.02491904550334' 'mated']
 ['F135' '239.14364541707977' 'absent']
 ['F27' '243.6931128588893' 'absent']
 ['F19' '274.46872700269745' 'destroyed']]",569.0,72.7787616322111,15.768099722613481,1281.0,214.3032757559666,45.89757689908923,406.0,68.87844190653342,14.466635729646116,11.0,1.0999999999999999,0.11000000000000004,67.0,3.101851851851851,0.14360425240054867
11,0.054,5,360.071492487343,"[['17' '1.741279955874436' 'present']
 ['8' '3.5620838716633743' 'present']
 ['9' '4.214337650446623' 'marauded']
 ['5' '16.177144182860932' 'present']
 ['10' '27.306893875402228' 'present']
 ['1' '38.97578308481641' 'present']
 ['6' '41.859946187845075' 'present']
 ['0' '45.595739441038354' 'present']
 ['5' '47.46663424061837' 'present']
 ['17' '48.805465398164785' 'marauded']
 ['3' '62.4376075270406' 'marauded']
 ['23' '63.28023363451374' 'presentdestroyed']
 ['9' '65.86697255757461' 'presentdestroyed']
 ['0' '69.01454521595608' 'destroyed']
 ['0' '74.72413926193491' 'marauded']
 ['5' '96.13222154871272' 'marauded']
 ['1' '96.16394073496082' 'destroyed']
 ['19' '99.99013325180694' 'presentdestroyed']
 ['18' '122.28604174785386' 'marauded']
 ['6' '122.38231962229584' 'destroyed']
 ['17' '138.51075534162354' 'present']
 ['21' '140.24954001106434' 'present']
 ['20' '158.14854060857863' 'marauded']
 ['16' '162.45875925082908' 'presentdestroyed']
 ['6' '163.7179075371428' 'presentdestroyed']
 ['20' '167.52019755779256' 'present']
 ['16' '184.32071026632929' 'present']
 ['23' '191.27753639169893' 'present']
 ['20' '198.40905331664035' 'present']
 ['3' '198.50527595543915' 'present']
 ['8' '203.72744555175854' 'marauded']
 ['3' '214.4440556084958' 'present']
 ['10' '215.14026612491762' 'present']
 ['0' '226.8086778843602' 'marauded']
 ['17' '229.49196461559887' 'presentdestroyed']
 ['3' '229.83287311066388' 'destroyed']
 ['12' '242.6600055194209' 'present']
 ['22' '243.36589654512252' 'present']
 ['6' '244.1125232381943' 'present']
 ['7' '244.73387611675773' 'present']
 ['20' '246.65315753534043' 'present']
 ['10' '247.1483839327186' 'present']
 ['7' '248.79846055651444' 'present']
 ['18' '255.97082046837093' 'marauded']
 ['20' '260.000180004991' 'presentdestroyed']
 ['8' '267.3820926223869' 'present']
 ['17' '268.3235738264407' 'present']
 ['20' '271.234333654771' 'present']
 ['20' '277.14523235980874' 'marauded']
 ['7' '286.8740942397431' 'present']
 ['6' '291.0194794494278' 'marauded']
 ['8' '299.54926347914915' 'present']
 ['9' '313.3458368620599' 'present']
 ['0' '323.13690291864674' 'present']
 ['23' '328.0325206735712' 'present']
 ['3' '328.829009786168' 'present']
 ['17' '332.59417052217987' 'marauded']
 ['19' '348.39985279865215' 'present']
 ['5' '352.73719823662054' 'present']
 ['15' '354.8366482847287' 'marauded']
 ['16' '359.48217852654375' 'presentdestroyed']]","[['F103' '95.44940242704811' 'mated']
 ['F155' '118.69200342578795' 'mated']
 ['F133' '123.9455185029765' 'destroyed']
 ['F128' '134.8833824334091' 'mated']
 ['F193' '163.89598683605124' 'destroyed']
 ['F34' '165.88299932801166' 'mated']
 ['F207' '176.78254281857127' 'absent']
 ['F43' '184.84975376007574' 'absent']
 ['F188' '216.88211191651274' 'mated']
 ['F16' '228.95247026180715' 'absentdestroyed']
 ['F92' '239.15560385237637' 'absent']
 ['F199' '243.22998867516912' 'absent']]",559.0,72.12806792134795,15.177430441028868,1165.0,199.0517800503808,42.77042578426987,506.0,84.0617409157552,17.871963937394572,13.0,1.3,0.13000000000000006,76.0,3.5185185185185177,0.16289437585733868
12,0.054,7,360.0660091368319,"[['23' '34.65893341646964' 'present']
 ['6' '49.784534143386054' 'present']
 ['23' '53.97045096467628' 'marauded']
 ['16' '65.13751019390556' 'marauded']
 ['8' '65.94022619015144' 'presentdestroyed']
 ['20' '73.44335133717517' 'present']
 ['10' '73.77091780402054' 'present']
 ['15' '74.30199599656036' 'present']
 ['5' '79.16509405224501' 'marauded']
 ['16' '82.05203863761949' 'destroyed']
 ['22' '93.93451035656946' 'present']
 ['22' '101.57076457572062' 'present']
 ['10' '102.42060539662445' 'present']
 ['19' '104.41521313532482' 'marauded']
 ['21' '105.2593858539189' 'presentdestroyed']
 ['20' '110.89322421077131' 'presentdestroyed']
 ['18' '111.42878672129854' 'destroyed']
 ['17' '114.04440403551634' 'marauded']
 ['5' '115.98818112218905' 'presentdestroyed']
 ['20' '122.0446107450317' 'present']
 ['22' '123.47031621999254' 'marauded']
 ['0' '129.00672897223768' 'presentdestroyed']
 ['5' '130.07266909809604' 'presentdestroyed']
 ['5' '138.45663397412756' 'present']
 ['15' '166.41382555734322' 'present']
 ['18' '167.33982104672768' 'present']
 ['10' '181.65995210126985' 'present']
 ['10' '183.11791576941113' 'present']
 ['20' '197.63770263532777' 'present']
 ['23' '204.4611763080131' 'marauded']
 ['11' '213.03711695330665' 'present']
 ['1' '213.19330955524353' 'present']
 ['21' '215.83445933419077' 'present']
 ['10' '220.997783021667' 'present']
 ['10' '240.95449069139573' 'present']
 ['9' '247.0213073510878' 'present']
 ['9' '247.06760364738412' 'present']
 ['23' '252.76731633901167' 'present']
 ['6' '255.9998503690361' 'present']
 ['20' '273.8166716960443' 'present']
 ['16' '273.9236679271831' 'present']
 ['6' '278.078976042457' 'present']
 ['17' '279.6985287829272' 'present']
 ['16' '285.47342531431747' 'present']
 ['21' '287.10136416774276' 'present']
 ['19' '288.5262795774058' 'marauded']
 ['19' '303.1694482145207' 'present']
 ['16' '308.3174650415585' 'present']
 ['15' '312.17482473542026' 'present']
 ['21' '318.5223848556539' 'marauded']
 ['16' '319.44071837511495' 'presentdestroyed']
 ['3' '320.78087982899234' 'presentdestroyed']
 ['15' '329.6392785442779' 'marauded']
 ['18' '338.5048225832191' 'present']
 ['15' '340.68162512444854' 'marauded']
 ['11' '343.3482440521037' 'destroyed']
 ['15' '343.3950810607891' 'presentdestroyed']
 ['15' '344.87512417381726' 'presentdestroyed']]","[['F131' '52.854633476404366' 'mated']
 ['F174' '67.09713344244017' 'destroyed']
 ['F211' '69.21362562410233' 'absentdestroyed']
 ['F211' '93.39881080928755' 'absent']
 ['F33' '140.5631609999586' 'absent']
 ['F145' '156.43764029148085' 'mated']
 ['F109' '172.4356756447984' 'mated']
 ['F148' '181.7157353470904' 'mated']
 ['F132' '198.61276801148176' 'mated']
 ['F2' '226.2597947894292' 'mated']
 ['F199' '243.25313682331728' 'mated']
 ['F208' '331.6578120004788' 'absentdestroyed']]",571.0,74.70186263295423,16.65260592152633,1233.0,212.83342968856832,46.471889261810816,391.0,67.23296566565472,14.810864086699649,13.0,1.3,0.13000000000000006,87.0,4.027777777777777,0.1864711934156376
13,0.0,10,360.52011191282185,"[['1' '0.5839985593345571' 'present']
 ['3' '4.761908354619715' 'present']
 ['15' '5.5241750927560656' 'present']
 ['8' '12.249068598880532' 'present']
 ['17' '15.24170297479405' 'marauded']
 ['5' '20.616281337423995' 'presentdestroyed']
 ['6' '26.95831568449058' 'present']
 ['10' '33.681234259533554' 'present']
 ['20' '34.23576649809885' 'marauded']
 ['5' '34.75824341669608' 'presentdestroyed']
 ['18' '43.4516150526625' 'present']
 ['7' '44.42252915585514' 'present']
 ['0' '47.826833162175824' 'present']
 ['5' '53.30803158406151' 'present']
 ['12' '64.68895454690198' 'present']
 ['22' '70.50705674703939' 'present']
 ['22' '76.08456631774419' 'present']
 ['23' '76.65989508069359' 'present']
 ['23' '77.16823050828312' 'present']
 ['21' '80.0348401036192' 'present']
 ['17' '83.98951724978458' 'marauded']
 ['21' '93.32057123587863' 'present']
 ['5' '96.28172201009893' 'present']
 ['5' '116.42764558783404' 'present']
 ['16' '133.7774274425567' 'present']
 ['21' '135.07701430050471' 'present']
 ['10' '138.0036611048876' 'present']
 ['17' '145.66109344104095' 'present']
 ['5' '145.87319498617842' 'present']
 ['10' '152.77084958103504' 'present']
 ['9' '153.89125019582798' 'present']
 ['21' '159.92218364154635' 'present']
 ['21' '166.86365372183707' 'present']
 ['8' '172.32552974662897' 'marauded']
 ['9' '175.70072414836076' 'presentdestroyed']
 ['1' '187.95364076842793' 'present']
 ['5' '194.26398294105022' 'present']
 ['17' '196.3241149356884' 'present']
 ['5' '202.19090532559244' 'present']
 ['1' '211.17984247039197' 'present']
 ['20' '217.99871987337113' 'present']
 ['11' '218.96447444743342' 'present']
 ['12' '224.66848328877003' 'present']
 ['19' '226.24361957751876' 'present']
 ['12' '228.3889962733521' 'present']
 ['12' '229.28430832628058' 'present']
 ['9' '231.88727475820542' 'marauded']
 ['3' '237.74094813112478' 'presentdestroyed']
 ['3' '239.51658646455718' 'presentdestroyed']
 ['3' '262.92306786140466' 'present']
 ['12' '264.80505760187015' 'marauded']
 ['15' '266.96803424637153' 'presentdestroyed']
 ['12' '281.7901391099609' 'present']
 ['8' '283.1627004280318' 'present']
 ['18' '285.49025618560967' 'present']
 ['6' '290.9598282656897' 'present']
 ['6' '291.19035954694203' 'present']
 ['5' '293.70589006881534' 'present']
 ['0' '297.9530565372356' 'marauded']
 ['15' '298.22309515565547' 'presentdestroyed']
 ['19' '298.98773799456876' 'presentdestroyed']
 ['20' '302.1811646565978' 'destroyed']
 ['23' '303.34952092035036' 'presentdestroyed']
 ['10' '305.47642176332397' 'marauded']
 ['10' '305.6227180596203' 'presentdestroyed']
 ['20' '312.1218355991612' 'destroyed']
 ['21' '317.9545625473833' 'marauded']
 ['1' '325.6055449038615' 'present']
 ['10' '326.55613548916784' 'marauded']
 ['12' '327.1769882989994' 'presentdestroyed']
 ['0' '327.8154921966456' 'presentdestroyed']
 ['11' '341.91200210113396' 'marauded']
 ['6' '344.70683976953546' 'presentdestroyed']
 ['0' '346.6323786636753' 'presentdestroyed']
 ['10' '351.4716201993795' 'present']
 ['15' '356.89608437837296' 'marauded']]","[['F211' '81.23677377225049' 'absent']
 ['F120' '82.47547407472737' 'mated']
 ['F105' '113.29588001668695' 'mated']
 ['F9' '122.04970913407692' 'mated']
 ['F203' '124.54860162810986' 'mated']
 ['F193' '163.9191349841994' 'mated']
 ['F156' '167.77721123656883' 'mated']
 ['F167' '224.68090041307073' 'mated']
 ['F186' '227.42978416142347' 'mated']
 ['F138' '254.63667596199397' 'mated']
 ['F98' '256.126695618217' 'mated']
 ['F36' '256.1973698070758' 'absent']
 ['F94' '315.47682035605294' 'absent']]",562.0,67.44744701807736,13.411290103222292,1360.0,223.6213420558382,46.79000977839825,418.0,69.06371153064578,14.485603222930322,0.0,0.0,0.0,0.0,0.0,0.0
14,0.0,16,360.7867420012045,"[['8' '2.5028917719047428' 'present']
 ['19' '3.2012773933273135' 'marauded']
 ['11' '25.730723121281237' 'present']
 ['16' '25.754300156407087' 'present']
 ['9' '28.553809883371112' 'present']
 ['9' '28.871305694649035' 'present']
 ['16' '29.311449504698164' 'present']
 ['19' '34.06423421818901' 'present']
 ['17' '36.55125028148694' 'present']
 ['16' '39.628229679121624' 'present']
 ['6' '51.53968147103539' 'present']
 ['5' '54.54862417436841' 'present']
 ['8' '71.44708771951214' 'present']
 ['0' '73.37427275590599' 'present']
 ['20' '73.39705504087887' 'present']
 ['12' '75.12831580309447' 'present']
 ['16' '76.6586524174272' 'marauded']
 ['19' '79.62787262044753' 'presentdestroyed']
 ['7' '85.45968117434171' 'present']
 ['5' '95.50300828275743' 'present']
 ['3' '104.43817502123277' 'present']
 ['20' '107.11303061745436' 'present']
 ['8' '111.55309093811672' 'present']
 ['15' '119.53568101928067' 'present']
 ['3' '119.81537646521085' 'marauded']
 ['9' '120.52555242322683' 'destroyed']
 ['17' '122.10839214690598' 'destroyed']
 ['9' '122.62517834993434' 'presentdestroyed']
 ['15' '125.27172994046855' 'presentdestroyed']
 ['18' '143.51347154443204' 'present']
 ['3' '146.72200424121343' 'present']
 ['21' '153.8242725353283' 'present']
 ['12' '156.65403962901493' 'present']
 ['3' '156.7405634752123' 'present']
 ['0' '163.47306447322694' 'present']
 ['7' '166.6605632831049' 'present']
 ['15' '169.17084930451637' 'present']
 ['15' '171.1127005300115' 'present']
 ['21' '172.9578373071763' 'present']
 ['22' '177.8628101685717' 'marauded']
 ['22' '180.43201762691314' 'presentdestroyed']
 ['20' '180.73571152443387' 'presentdestroyed']
 ['11' '182.74437248095657' 'presentdestroyed']
 ['0' '189.5387174593193' 'present']
 ['1' '215.24303604981387' 'present']
 ['12' '215.50422126339555' 'present']
 ['19' '229.5543800798674' 'present']
 ['18' '240.29894295800625' 'present']
 ['12' '241.01801475332536' 'present']
 ['1' '242.83531619812277' 'present']
 ['3' '258.8730372961813' 'present']
 ['18' '262.09039157219456' 'marauded']
 ['5' '264.23053528165485' 'destroyed']
 ['20' '273.8629679923406' 'marauded']
 ['8' '275.4080078214788' 'presentdestroyed']
 ['16' '275.621027072387' 'presentdestroyed']
 ['5' '280.9042908224261' 'presentdestroyed']
 ['17' '281.9120455016632' 'present']
 ['5' '282.7376525025664' 'present']
 ['16' '284.66239582924567' 'present']
 ['0' '291.22261219536216' 'present']
 ['10' '301.6824997344925' 'present']
 ['12' '304.71078831554286' 'present']
 ['7' '320.9367279400224' 'present']
 ['23' '324.2610447419847' 'present']
 ['16' '324.29060488236814' 'present']
 ['0' '324.37798377668304' 'present']
 ['7' '337.3564295799331' 'present']
 ['22' '344.30156569613115' 'present']
 ['9' '346.7836893880937' 'present']
 ['18' '348.10457885479957' 'present']
 ['8' '349.37039886378204' 'present']
 ['12' '352.13677687008925' 'present']
 ['15' '355.81527697572125' 'present']]","[['F77' '11.673031702104293' 'absent']
 ['F211' '81.30621821669494' 'destroyed']
 ['F48' '111.85562632847154' 'mated']
 ['F9' '122.02656098592877' 'absentdestroyed']
 ['F39' '127.58110154572023' 'destroyed']
 ['F82' '130.665132039577' 'mated']
 ['F165' '131.34743791119058' 'mated']
 ['F129' '141.4535865698292' 'mated']
 ['F104' '144.01987161179068' 'mated']
 ['F57' '157.2177780021756' 'mated']
 ['F13' '159.24805245220884' 'mated']
 ['F172' '186.05924629994036' 'mated']
 ['F72' '188.24107643136438' 'mated']
 ['F67' '197.7161621548133' 'mated']
 ['F97' '199.53102456822467' 'mated']
 ['F32' '232.91072254294352' 'mated']
 ['F89' '236.78295434050145' 'mated']
 ['F113' '253.03760934949094' 'mated']
 ['F22' '274.1016092184124' 'absentdestroyed']
 ['F31' '285.0114202655813' 'absent']
 ['F171' '287.3428782373288' 'mated']
 ['F29' '301.82897467044916' 'mated']]",551.0,71.51209139536275,15.372985457367156,1534.0,252.19584928227115,53.0422702130362,220.0,36.535707595717064,7.792097863059967,0.0,0.0,0.0,0.0,0.0,0.0
15,0.054,10,360.10886728167657,"[['1' '1.1264061698080576' 'present']
 ['8' '2.5491880682010395' 'present']
 ['9' '6.873818911461292' 'present']
 ['16' '8.628173861031685' 'present']
 ['16' '10.46787829841369' 'present']
 ['12' '18.93496320113641' 'present']
 ['11' '19.831616417880152' 'present']
 ['6' '25.762333649633398' 'present']
 ['0' '31.417304497503483' 'present']
 ['19' '35.08571935442734' 'present']
 ['22' '38.765214002999954' 'present']
 ['18' '46.74629395487613' 'present']
 ['21' '47.43879499329092' 'present']
 ['3' '53.85077700119793' 'present']
 ['17' '59.33346957374857' 'present']
 ['12' '64.64265825060568' 'present']
 ['11' '84.52286617775958' 'present']
 ['23' '98.97444625312978' 'marauded']
 ['12' '123.4308606895702' 'present']
 ['16' '129.75653607931773' 'present']
 ['16' '139.7078388215896' 'present']
 ['0' '145.00169944041625' 'present']
 ['9' '147.30802418583488' 'present']
 ['22' '152.2481665784119' 'present']
 ['23' '191.32383268799524' 'present']
 ['16' '204.00881139386644' 'present']
 ['22' '210.8857946238466' 'present']
 ['17' '214.22392239628311' 'present']
 ['16' '217.44138796098122' 'marauded']
 ['7' '220.57285951228653' 'destroyed']
 ['11' '221.83734408783508' 'destroyed']
 ['12' '227.56672757779722' 'present']
 ['8' '229.75318655902257' 'present']
 ['11' '236.84263871849814' 'present']
 ['23' '247.74691323785237' 'present']
 ['19' '256.1408377079997' 'present']
 ['23' '257.30146014175745' 'present']
 ['18' '259.548126974163' 'present']
 ['5' '277.54146161085237' 'present']
 ['1' '285.52995977350963' 'marauded']
 ['23' '299.17583605808454' 'marauded']
 ['8' '300.94297539544067' 'presentdestroyed']
 ['19' '311.2542061144026' 'present']
 ['1' '312.3936739572165' 'present']
 ['1' '317.44095543503244' 'present']
 ['8' '320.74972674032597' 'present']
 ['1' '331.47076506630253' 'present']
 ['20' '332.9388107167854' 'present']
 ['23' '342.4619230640163' 'present']]","[['F164' '35.494532325563156' 'absent']
 ['F213' '60.99642365691952' 'mated']
 ['F126' '77.16595281069864' 'mated']
 ['F21' '89.83779216576409' 'mated']
 ['F71' '121.81259926263633' 'mated']
 ['F127' '137.51689849090735' 'mated']
 ['F74' '162.1194876000385' 'mated']
 ['F99' '195.6645233713754' 'mated']
 ['F102' '209.20150044678417' 'mated']
 ['F180' '210.12310183271336' 'mated']
 ['F68' '219.3924156095072' 'destroyed']
 ['F7' '249.91553996414513' 'mated']
 ['F37' '326.0303697143113' 'absent']]",575.0,71.78108677821973,14.520478213617709,1560.0,258.35069773902876,55.09632964270963,142.0,24.29684243283192,5.0288574297382596,12.0,1.2,0.12000000000000005,95.0,4.398148148148151,0.20361796982167316
16,0.054,12,360.003149961873,"[['20' '18.27181942692318' 'present']
 ['15' '21.3757188417961' 'present']
 ['10' '34.646348737723095' 'present']
 ['17' '39.522281542137584' 'present']
 ['6' '40.342192437754385' 'present']
 ['12' '46.13825055865295' 'present']
 ['17' '50.9352840028814' 'present']
 ['3' '58.64490777755295' 'present']
 ['7' '65.233008365096' 'marauded']
 ['23' '80.53079844105712' 'present']
 ['19' '88.14656899622624' 'present']
 ['1' '92.47139972849178' 'present']
 ['5' '101.46927972188638' 'present']
 ['10' '103.68120730207386' 'marauded']
 ['23' '104.7836782175581' 'presentdestroyed']
 ['1' '107.94765460837395' 'presentdestroyed']
 ['20' '117.20948148762598' 'present']
 ['23' '117.5322475108686' 'present']
 ['9' '122.84776710839618' 'present']
 ['7' '124.59811435276133' 'present']
 ['5' '128.17730272893246' 'present']
 ['22' '129.4001370950949' 'present']
 ['12' '142.07928682955446' 'marauded']
 ['15' '142.44341605833594' 'presentdestroyed']
 ['19' '156.30009220430574' 'present']
 ['18' '163.21272149121978' 'present']
 ['21' '174.53988170261155' 'present']
 ['19' '176.59375185165817' 'present']
 ['12' '184.34045269988198' 'marauded']
 ['15' '184.4987413696858' 'presentdestroyed']
 ['10' '189.1980180683611' 'presentdestroyed']
 ['3' '208.36331591490233' 'present']
 ['8' '214.56945848879099' 'present']
 ['8' '219.42151229950295' 'present']
 ['9' '219.87118371108997' 'present']
 ['6' '225.92964762876056' 'present']
 ['12' '229.7100742251874' 'marauded']
 ['19' '248.09829520367433' 'marauded']
 ['21' '255.96921347339998' 'present']
 ['0' '257.113731511384' 'marauded']
 ['3' '258.0941152902908' 'presentdestroyed']
 ['17' '258.4369627758861' 'presentdestroyed']
 ['21' '259.73774718425653' 'destroyed']
 ['3' '266.37897657034705' 'present']
 ['3' '267.01490109971076' 'present']
 ['11' '276.64813544867934' 'present']
 ['7' '277.4767027840377' 'present']
 ['3' '283.2344933692473' 'present']
 ['8' '286.28261991995004' 'present']
 ['1' '299.67574598827855' 'marauded']
 ['18' '303.7833386327818' 'presentdestroyed']
 ['10' '305.8529695622946' 'destroyed']
 ['0' '314.19250519756565' 'present']
 ['15' '335.24400363125983' 'present']
 ['0' '336.62018143355033' 'present']
 ['5' '337.17834495971687' 'present']
 ['7' '342.01473541612546' 'marauded']
 ['9' '342.1174175688875' 'presentdestroyed']
 ['6' '359.2318752879179' 'present']]","[['F28' '25.23649857462328' 'absent']
 ['F211' '69.12103303150973' 'destroyed']
 ['F61' '73.43274825363092' 'mated']
 ['F112' '149.8127158928025' 'mated']
 ['F136' '156.3622424375206' 'mated']
 ['F168' '176.04611732646057' 'mated']
 ['F207' '176.82883911486758' 'mated']
 ['F146' '179.5383673228351' 'mated']
 ['F17' '180.8014098458912' 'mated']
 ['F51' '186.12445807642246' 'absentdestroyed']
 ['F150' '194.77090734216858' 'mated']
 ['F12' '208.87116901094382' 'mated']
 ['F3' '217.51621238148522' 'absent']
 ['F166' '276.37626964204196' 'mated']
 ['F125' '277.7673030407427' 'mated']
 ['F196' '281.19981003542307' 'mated']]",566.0,69.65515559771283,14.798111528592214,1367.0,230.11475322272057,49.14705101009952,315.0,54.78005121204705,12.209316737850973,17.0,1.7000000000000004,0.1700000000000001,82.0,3.7962962962962954,0.17575445816186536
17,0.054,10,360.5854511420663,"[['12' '0.8562141053989033' 'present']
 ['6' '5.131558677409975' 'marauded']
 ['10' '12.678556624727467' 'present']
 ['1' '19.381641171894753' 'present']
 ['8' '27.08331753874484' 'present']
 ['3' '27.738740456784406' 'present']
 ['7' '27.90719488117884' 'present']
 ['15' '33.35275933223783' 'present']
 ['22' '40.5018265825322' 'marauded']
 ['12' '41.31901392282159' 'destroyed']
 ['9' '56.214573637210044' 'present']
 ['19' '63.74058412670083' 'present']
 ['1' '71.36384073263669' 'present']
 ['23' '83.67076116856447' 'present']
 ['18' '89.69780764243765' 'marauded']
 ['3' '92.92219464278052' 'presentdestroyed']
 ['16' '99.84342593039324' 'marauded']
 ['15' '106.78282490006312' 'present']
 ['21' '111.94221943757827' 'present']
 ['8' '117.43997564092888' 'present']
 ['21' '151.176198146126' 'present']
 ['11' '152.4864746198731' 'present']
 ['15' '154.03083188279783' 'present']
 ['18' '158.41940653454483' 'marauded']
 ['12' '164.02297274673367' 'presentdestroyed']
 ['5' '171.80371400462568' 'present']
 ['9' '188.26176645665848' 'present']
 ['11' '191.17399963399401' 'present']
 ['20' '197.06057919486315' 'marauded']
 ['0' '200.9040309423468' 'presentdestroyed']
 ['16' '209.51175733281977' 'present']
 ['19' '211.76608536491906' 'present']
 ['15' '215.70911351458255' 'present']
 ['19' '216.4084478799999' 'present']
 ['18' '218.35656868706474' 'present']
 ['7' '231.51741804534592' 'present']
 ['3' '247.9817380370653' 'present']
 ['20' '258.6638899891467' 'present']
 ['23' '268.20442633447385' 'present']
 ['7' '271.016381753312' 'present']
 ['12' '271.17130476517485' 'present']
 ['12' '282.9541514239578' 'present']
 ['21' '285.3926309346711' 'present']
 ['23' '323.49811903768193' 'marauded']
 ['7' '324.1968664310802' 'presentdestroyed']
 ['9' '343.4609000119685' 'present']
 ['15' '349.0216443358296' 'present']
 ['5' '354.05136901502726' 'present']]","[['F137' '25.518192808711884' 'absent']
 ['F144' '36.61955015510306' 'absent']
 ['F86' '55.06010089765703' 'mated']
 ['F47' '117.32486646182585' 'mated']
 ['F160' '125.98039894460089' 'mated']
 ['F139' '178.4976454130881' 'mated']
 ['F63' '179.40879152336046' 'mated']
 ['F50' '182.01614911721006' 'mated']
 ['F51' '186.07816178012615' 'absent']
 ['F159' '209.47455943544603' 'mated']
 ['F92' '239.17875200052453' 'mated']
 ['F123' '256.8475570252947' 'mated']
 ['F151' '257.3425991705584' 'mated']
 ['F192' '322.1016708862267' 'absent']]",574.0,69.20491852284756,13.92125903345717,1464.0,243.4023808631428,51.52730499414757,254.0,42.94574892151691,9.097244571140147,13.0,1.3,0.13000000000000006,71.0,3.2870370370370363,0.15217764060356645
18,0.054,9,359.8920365181207,"[['22' '0.023148148148148147' 'present']
 ['11' '0.841918465295739' 'present']
 ['1' '7.735551291717105' 'present']
 ['23' '9.943877987974199' 'present']
 ['20' '45.62711855108716' 'present']
 ['12' '46.09195426235666' 'present']
 ['9' '47.774495884319016' 'present']
 ['15' '57.93180436737657' 'marauded']
 ['8' '60.179689417520656' 'presentdestroyed']
 ['21' '71.37990744078658' 'marauded']
 ['15' '81.46176225477429' 'present']
 ['11' '83.33697166048425' 'present']
 ['22' '88.60977307646628' 'present']
 ['9' '89.9176190430226' 'marauded']
 ['7' '99.6642490853114' 'marauded']
 ['16' '100.75658211179727' 'destroyed']
 ['22' '125.68739292867212' 'present']
 ['6' '127.68574954231244' 'present']
 ['6' '131.73284955288378' 'marauded']
 ['8' '146.6059303506832' 'present']
 ['0' '148.48046852052207' 'present']
 ['15' '152.2815139301754' 'present']
 ['20' '172.44731451779467' 'marauded']
 ['0' '185.6216110578004' 'marauded']
 ['23' '187.61789997432405' 'presentdestroyed']
 ['17' '188.6620350628012' 'presentdestroyed']
 ['17' '189.2848600866169' 'presentdestroyed']
 ['1' '196.5954499954202' 'present']
 ['10' '201.66285927239971' 'marauded']
 ['19' '212.13870195661246' 'present']
 ['11' '245.39232987884046' 'present']
 ['6' '261.8821240081023' 'present']
 ['8' '264.5995686658571' 'present']
 ['0' '268.7685432640545' 'marauded']
 ['5' '268.95725340538024' 'presentdestroyed']
 ['12' '269.2932849019812' 'presentdestroyed']
 ['11' '275.35614121612593' 'presentdestroyed']
 ['15' '279.3445618103357' 'present']
 ['3' '288.6331558517419' 'present']
 ['6' '291.43613671805673' 'present']
 ['1' '311.5690173136539' 'marauded']
 ['23' '321.1035391183645' 'present']
 ['11' '326.1325849657085' 'present']
 ['15' '327.29949660854425' 'present']
 ['7' '328.29447381593974' 'present']
 ['5' '329.9750746875086' 'marauded']
 ['15' '332.48574561833' 'presentdestroyed']
 ['17' '337.09037872216334' 'presentdestroyed']
 ['22' '340.8546033299234' 'marauded']
 ['21' '342.02879124383924' 'presentdestroyed']
 ['12' '353.40047368714596' 'present']
 ['17' '354.4369212686136' 'marauded']]","[['F212' '10.093248981059329' 'mated']
 ['F77' '11.649883553956144' 'absent']
 ['F211' '81.28307006854679' 'absent']
 ['F152' '85.64291267739998' 'mated']
 ['F80' '90.12905298061469' 'destroyed']
 ['F26' '119.42017331639737' 'mated']
 ['F133' '123.96866665112465' 'mated']
 ['F66' '166.29667326387334' 'mated']
 ['F183' '182.89687054405576' 'mated']
 ['F51' '186.055013631978' 'destroyed']
 ['F51' '186.1013099282743' 'destroyed']
 ['F90' '189.9266638242008' 'destroyed']
 ['F64' '226.71261357406172' 'mated']
 ['F114' '245.56004174267613' 'mated']
 ['F110' '304.5388433611348' 'mated']]",572.0,73.16295397342071,15.821519415878655,1192.0,204.92682034618966,44.85136109472956,468.0,77.61717229154813,16.59437667389592,13.0,1.3,0.13000000000000006,66.0,3.055555555555555,0.14146090534979422
19,0.054,12,360.17544897943543,"[['5' '0.023148148148148147' 'present']
 ['0' '10.454637716941672' 'present']
 ['9' '12.675351322514915' 'present']
 ['16' '28.32775323819224' 'present']
 ['9' '29.53541522281851' 'present']
 ['16' '47.09034431013551' 'present']
 ['7' '49.4539549719734' 'present']
 ['20' '50.20806491168437' 'present']
 ['6' '54.00737598309178' 'marauded']
 ['10' '58.57241184064388' 'presentdestroyed']
 ['20' '59.462259718263944' 'destroyed']
 ['21' '60.789273828002166' 'presentdestroyed']
 ['1' '69.85762651619643' 'present']
 ['0' '71.71326145686766' 'marauded']
 ['12' '73.94456699160898' 'presentdestroyed']
 ['23' '83.62446487226816' 'present']
 ['15' '86.45627569731549' 'present']
 ['20' '88.13296466721864' 'marauded']
 ['5' '95.45671198646113' 'presentdestroyed']
 ['11' '110.71516106731032' 'present']
 ['15' '113.91598577831144' 'present']
 ['20' '122.14874389686564' 'marauded']
 ['0' '127.03460409275273' 'presentdestroyed']
 ['17' '128.48590351023768' 'presentdestroyed']
 ['9' '136.13750168312788' 'present']
 ['8' '140.4876637108721' 'present']
 ['20' '142.10937133071494' 'marauded']
 ['12' '148.5320046962505' 'presentdestroyed']
 ['3' '148.74945288824867' 'destroyed']
 ['18' '153.8004369195317' 'present']
 ['12' '163.716738147878' 'present']
 ['15' '178.53015197795378' 'present']
 ['23' '191.8034332160129' 'present']
 ['8' '211.5651261725015' 'present']
 ['11' '215.39607590763626' 'present']
 ['18' '232.49290345139192' 'present']
 ['3' '237.3057157651259' 'marauded']
 ['23' '239.66705000732287' 'presentdestroyed']
 ['7' '240.58562658098322' 'presentdestroyed']
 ['0' '249.12005991273693' 'present']
 ['7' '249.6090635594427' 'present']
 ['12' '254.8654770446122' 'present']
 ['6' '256.9544128626256' 'present']
 ['21' '259.5914508879602' 'marauded']
 ['3' '259.70422845059943' 'presentdestroyed']
 ['7' '267.05854758639293' 'present']
 ['17' '268.0844083273516' 'present']
 ['8' '268.9554829130299' 'marauded']
 ['5' '269.67797530682105' 'destroyed']
 ['6' '274.28313687628287' 'presentdestroyed']
 ['21' '283.18591903102043' 'present']
 ['8' '283.62973506220425' 'present']
 ['8' '295.8065378591428' 'present']
 ['18' '303.8296349290781' 'present']
 ['18' '309.0215243212743' 'present']
 ['3' '314.03050029154605' 'marauded']
 ['3' '323.15275412812497' 'present']
 ['8' '324.5833744372588' 'present']
 ['6' '327.6894788554237' 'present']
 ['1' '332.6396873518777' 'marauded']
 ['3' '339.27677799645966' 'destroyed']
 ['7' '339.553780446882' 'destroyed']
 ['1' '340.9198496809948' 'present']
 ['8' '341.1643071957134' 'present']
 ['10' '341.66350064149714' 'present']
 ['0' '342.6033400824147' 'present']
 ['21' '343.68921094395665' 'present']
 ['15' '350.9642054753431' 'marauded']]","[['F137' '25.541340956860033' 'mated']
 ['F164' '35.5176804737113' 'mated']
 ['F144' '36.6889945995475' 'mated']
 ['F204' '88.56180989083205' 'destroyed']
 ['F211' '93.4219589574357' 'destroyed']
 ['F73' '97.85845629770189' 'absent']
 ['F87' '161.32487802543253' 'mated']
 ['F8' '177.62040507575946' 'mated']
 ['F90' '189.94981197234895' 'mated']
 ['F157' '190.40701157277127' 'mated']
 ['F143' '213.30950866827953' 'mated']
 ['F54' '217.39717342540465' 'mated']
 ['F32' '232.88757439479537' 'absent']
 ['F27' '243.66996471074114' 'destroyed']
 ['F31' '285.03456841372946' 'mated']
 ['F206' '304.80318453461535' 'mated']
 ['F192' '322.147967182523' 'mated']]",560.0,69.43462368936562,14.605798056646364,1275.0,219.4111999062326,47.705973164985785,402.0,67.01455444102585,13.671254196623424,14.0,1.4000000000000001,0.14000000000000007,67.0,3.101851851851851,0.14360425240054867
20,0.054,4,360.2135400414616,"[['3' '1.5658189036957906' 'present']
 ['5' '5.55031760895368' 'present']
 ['0' '11.37133851943466' 'present']
 ['11' '12.062187325524945' 'present']
 ['0' '12.48647687907086' 'present']
 ['1' '22.76442476521801' 'marauded']
 ['7' '25.10422933333757' 'presentdestroyed']
 ['16' '26.435522695837225' 'presentdestroyed']
 ['11' '31.432061783214756' 'present']
 ['12' '34.22771761351827' 'marauded']
 ['7' '44.46882545215143' 'present']
 ['5' '46.36702486605055' 'present']
 ['3' '87.57321714734262' 'present']
 ['11' '88.91407040338346' 'marauded']
 ['15' '90.22893689534365' 'presentdestroyed']
 ['18' '98.16082267273696' 'present']
 ['19' '99.25909411756496' 'present']
 ['0' '100.12969679912732' 'present']
 ['3' '101.55819471165528' 'present']
 ['23' '105.51574175390907' 'present']
 ['5' '111.16125369879065' 'present']
 ['16' '113.45641124640156' 'present']
 ['3' '118.35685327532904' 'present']
 ['5' '121.59019961625734' 'present']
 ['6' '125.64394527568129' 'present']
 ['22' '130.54655984615025' 'marauded']
 ['8' '143.7729491397385' 'present']
 ['12' '145.37161144355056' 'present']
 ['12' '150.15284110294212' 'marauded']
 ['5' '151.361145004401' 'presentdestroyed']
 ['15' '152.6797019679473' 'presentdestroyed']
 ['1' '156.55914443924388' 'presentdestroyed']
 ['1' '172.14430061513616' 'present']
 ['18' '180.69132792635264' 'present']
 ['16' '181.61115787739473' 'marauded']
 ['17' '189.9346525635528' 'present']
 ['6' '201.94345289697102' 'present']
 ['1' '209.08601241992287' 'present']
 ['3' '221.4607301523517' 'present']
 ['9' '222.65419406711646' 'present']
 ['9' '224.765842754866' 'present']
 ['12' '227.2286131844521' 'marauded']
 ['19' '235.61228664250723' 'marauded']
 ['17' '248.00888255899082' 'marauded']
 ['3' '250.76157698994936' 'presentdestroyed']
 ['19' '255.33290056335386' 'destroyed']
 ['10' '262.84101966548906' 'present']
 ['21' '263.3699912994762' 'present']
 ['0' '264.3959774366218' 'present']
 ['23' '273.66762642823056' 'present']
 ['17' '276.9234864365632' 'present']
 ['19' '292.15058234421247' 'present']
 ['1' '294.6677502041986' 'marauded']
 ['9' '295.6761697630101' 'presentdestroyed']
 ['16' '298.91540490979406' 'presentdestroyed']
 ['7' '312.1796786807306' 'marauded']
 ['16' '317.2763663182142' 'presentdestroyed']
 ['12' '317.674071134208' 'presentdestroyed']
 ['10' '321.03988854097213' 'present']
 ['1' '321.23567791218346' 'present']
 ['16' '324.623369152919' 'present']
 ['11' '325.2387756426204' 'marauded']
 ['7' '325.6519578657278' 'presentdestroyed']
 ['15' '326.67317137047877' 'presentdestroyed']
 ['8' '331.9517614888954' 'presentdestroyed']
 ['5' '345.7128126851118' 'present']
 ['16' '351.4844065672042' 'marauded']
 ['5' '352.69090194032424' 'presentdestroyed']]","[['F144' '36.665846451399354' 'destroyed']
 ['F181' '54.954039042577854' 'mated']
 ['F211' '93.3756626611394' 'destroyed']
 ['F6' '176.62206977842743' 'absent']
 ['F148' '181.69258719894225' 'absentdestroyed']
 ['F116' '204.7087046661685' 'mated']
 ['F117' '211.27913066452055' 'mated']
 ['F143' '213.28636052013138' 'absent']
 ['F188' '216.8589637683646' 'absent']
 ['F2' '226.23664664128106' 'absent']
 ['F22' '274.1247573665606' 'mated']]",566.0,73.46349070660865,15.869548405707576,1223.0,202.65255778798203,42.63580444301048,472.0,79.36979951499275,17.184877054621296,14.0,1.4000000000000001,0.14000000000000007,72.0,3.3333333333333326,0.1543209876543209
21,0.054,5,360.36631721526544,"[['12' '11.772161181368315' 'marauded']
 ['23' '14.790934984287482' 'presentdestroyed']
 ['6' '20.55579460880901' 'marauded']
 ['19' '29.643317422041356' 'marauded']
 ['18' '30.822414322958597' 'presentdestroyed']
 ['8' '33.18650626530793' 'presentdestroyed']
 ['19' '45.03205655981784' 'present']
 ['0' '47.78053686587953' 'present']
 ['18' '48.2038518235258' 'present']
 ['20' '51.759313847757234' 'marauded']
 ['12' '51.77800558915288' 'destroyed']
 ['19' '52.05946960395213' 'presentdestroyed']
 ['0' '52.624812171379816' 'presentdestroyed']
 ['3' '53.897073297494224' 'presentdestroyed']
 ['23' '59.933390884817996' 'present']
 ['15' '62.26132404723794' 'present']
 ['6' '62.513628186109145' 'marauded']
 ['8' '77.258935845553' 'present']
 ['20' '86.21687445653134' 'present']
 ['7' '95.14436080547954' 'marauded']
 ['15' '110.37260998681195' 'present']
 ['5' '114.30770500645728' 'present']
 ['1' '116.50045121929504' 'present']
 ['5' '118.1414258132111' 'marauded']
 ['18' '126.22381406493679' 'present']
 ['6' '131.96762910046974' 'present']
 ['6' '142.3352359691091' 'present']
 ['12' '143.47591717861337' 'marauded']
 ['10' '166.7580094413068' 'present']
 ['23' '172.1731634060978' 'present']
 ['6' '172.24482359319822' 'present']
 ['10' '173.7012594662384' 'present']
 ['15' '176.50761339154474' 'present']
 ['19' '181.04948636997977' 'marauded']
 ['18' '182.57677320072423' 'presentdestroyed']
 ['9' '184.11241917925435' 'destroyed']
 ['12' '185.05199447447748' 'presentdestroyed']
 ['7' '185.83835315838482' 'destroyed']
 ['5' '190.74238673593916' 'present']
 ['8' '198.61897845474255' 'present']
 ['9' '198.80728199018228' 'marauded']
 ['19' '209.41226653269632' 'present']
 ['19' '218.08651343670138' 'present']
 ['11' '224.1298552301973' 'present']
 ['17' '225.63806887544789' 'present']
 ['1' '244.77340226227486' 'present']
 ['19' '245.34462924205963' 'present']
 ['23' '247.88547780057283' 'present']
 ['17' '249.69407300311656' 'present']
 ['12' '252.01799613963945' 'present']
 ['5' '262.9276920959833' 'present']
 ['17' '262.9367390288689' 'present']
 ['0' '266.16536616769764' 'present']
 ['7' '269.31975740984643' 'present']
 ['3' '270.3932568088998' 'present']
 ['15' '270.7311653056637' 'present']
 ['22' '272.94726690651487' 'marauded']
 ['17' '279.7448250792235' 'presentdestroyed']
 ['20' '284.4706609639493' 'present']
 ['6' '311.98608441701367' 'present']
 ['16' '323.03528350124435' 'present']
 ['10' '331.8621120983993' 'present']
 ['10' '332.64758185835166' 'marauded']
 ['9' '333.2604240362497' 'presentdestroyed']
 ['23' '339.0218083757953' 'presentdestroyed']
 ['22' '341.29903442587516' 'present']
 ['11' '341.34397591632444' 'present']
 ['20' '345.5585335871388' 'present']
 ['15' '348.4106763136381' 'present']
 ['22' '353.29888314212116' 'present']]","[['F144' '36.64269830325121' 'destroyed']
 ['F210' '47.493572425641624' 'mated']
 ['F211' '69.14418117965788' 'destroyed']
 ['F211' '69.19047747595418' 'destroyed']
 ['F204' '88.5849580389802' 'absent']
 ['F189' '98.5973856963356' 'destroyed']
 ['F149' '149.58058568758062' 'absentdestroyed']
 ['F109' '172.41252749665026' 'absent']
 ['F10' '173.96661842801794' 'mated']
 ['F23' '179.49861533617315' 'mated']
 ['F209' '195.9530015709614' 'mated']
 ['F167' '224.63460411677443' 'absent']
 ['F135' '239.12049726893162' 'absent']
 ['F194' '306.97387282890077' 'mated']]",555.0,73.511906759891,17.18851493769838,1233.0,209.2819117574025,45.253591970166376,416.0,73.0163929852571,15.855432746924672,10.0,0.9999999999999999,0.10000000000000003,70.0,3.24074074074074,0.150034293552812
22,0.054,9,360.1639848773404,"[['21' '3.5382764239989064' 'present']
 ['18' '5.320143536678121' 'present']
 ['19' '11.035714187488775' 'marauded']
 ['3' '11.603420614289995' 'presentdestroyed']
 ['23' '24.86566893686964' 'present']
 ['17' '50.669165922158896' 'marauded']
 ['17' '62.30465132074166' 'present']
 ['15' '63.61087988215836' 'present']
 ['12' '75.17461209939077' 'present']
 ['18' '87.76647753152507' 'present']
 ['12' '91.20841170699813' 'present']
 ['7' '103.87217799546032' 'present']
 ['11' '109.27639084400093' 'marauded']
 ['17' '111.62523357065116' 'presentdestroyed']
 ['8' '114.5516973808349' 'presentdestroyed']
 ['16' '121.15729708276004' 'present']
 ['16' '130.427017598905' 'present']
 ['5' '131.2144136674806' 'present']
 ['19' '138.5443878867721' 'marauded']
 ['12' '140.86143538575186' 'presentdestroyed']
 ['17' '154.3690425049332' 'present']
 ['19' '156.34638850060205' 'present']
 ['12' '167.57054115229215' 'present']
 ['9' '168.8008843745353' 'marauded']
 ['0' '178.74173904703775' 'present']
 ['11' '180.48750711065017' 'present']
 ['6' '181.31387582653792' 'present']
 ['20' '192.9520430300175' 'marauded']
 ['19' '200.9472310123408' 'marauded']
 ['20' '216.19425747035024' 'present']
 ['18' '217.68766637936844' 'marauded']
 ['18' '229.12852791549508' 'marauded']
 ['18' '255.75955005185907' 'marauded']
 ['5' '261.31919839705057' 'presentdestroyed']
 ['12' '269.45013977577594' 'present']
 ['20' '270.30031649254886' 'present']
 ['11' '271.9749746666466' 'present']
 ['15' '275.8407041732197' 'present']
 ['20' '280.7865485315254' 'present']
 ['7' '281.08520466885284' 'marauded']
 ['19' '292.53587952152554' 'present']
 ['20' '293.2443582864744' 'marauded']
 ['19' '299.9447193047579' 'presentdestroyed']
 ['23' '300.6800019269479' 'presentdestroyed']
 ['7' '302.4001750059194' 'present']
 ['8' '307.72798513552' 'present']
 ['11' '311.1774509933053' 'present']
 ['0' '315.9983733900537' 'present']
 ['23' '319.9061669975376' 'marauded']
 ['23' '320.73398935176783' 'presentdestroyed']
 ['18' '320.9360951458998' 'presentdestroyed']
 ['6' '321.0308650514474' 'presentdestroyed']
 ['11' '325.8911400411099' 'destroyed']
 ['7' '327.49670885836764' 'present']
 ['19' '329.79063776080176' 'present']
 ['1' '331.51706136259884' 'present']
 ['16' '338.5379297955644' 'present']
 ['19' '358.95373515376895' 'present']]","[['F174' '67.14342973873647' 'mated']
 ['F20' '75.53650040071297' 'mated']
 ['F211' '93.46825525373201' 'absent']
 ['F187' '108.86986766329284' 'mated']
 ['F215' '122.74786094895191' 'absent']
 ['F93' '141.32035905337924' 'destroyed']
 ['F95' '167.93066732183817' 'mated']
 ['F141' '177.28209718376317' 'mated']
 ['F76' '178.26026210572766' 'mated']
 ['F176' '199.00879972008983' 'destroyed']
 ['F153' '206.18995685126313' 'destroyed']
 ['F42' '214.62843034828174' 'mated']
 ['F36' '256.22051795522395' 'destroyed']
 ['F106' '309.79384471551043' 'mated']
 ['F56' '311.265469464897' 'mated']]",564.0,71.12066415567476,15.099546304231051,1188.0,205.51645330986096,44.573925983740565,472.0,79.55877717974619,16.94650545181274,13.0,1.3,0.13000000000000006,58.0,2.6851851851851847,0.12431412894375864
23,0.054,14,360.2032019336568,"[['7' '0.23385942655360462' 'present']
 ['17' '3.1015598496776438' 'present']
 ['8' '9.051427025274641' 'present']
 ['3' '11.200246478283631' 'present']
 ['6' '25.7160373533371' 'present']
 ['9' '30.634411631449574' 'present']
 ['11' '38.5821019016053' 'marauded']
 ['15' '45.780993353532686' 'destroyed']
 ['9' '68.87135896491553' 'marauded']
 ['10' '78.98497432012383' 'present']
 ['9' '83.28426468227987' 'present']
 ['21' '105.52675898361058' 'marauded']
 ['9' '108.53641241951101' 'presentdestroyed']
 ['18' '111.27724311702531' 'presentdestroyed']
 ['10' '112.61064188738328' 'presentdestroyed']
 ['3' '118.8543249564251' 'present']
 ['17' '119.53646403658404' 'marauded']
 ['12' '123.16712599821547' 'presentdestroyed']
 ['17' '124.28905668987764' 'presentdestroyed']
 ['15' '125.87811170597982' 'presentdestroyed']
 ['16' '130.11923122533412' 'present']
 ['17' '132.06889088722772' 'present']
 ['6' '147.59948945066583' 'present']
 ['11' '153.46383547050416' 'present']
 ['11' '153.72476118086152' 'marauded']
 ['18' '154.16743139772163' 'presentdestroyed']
 ['18' '161.0855927687903' 'present']
 ['1' '161.9092098547354' 'marauded']
 ['21' '163.80253074062412' 'presentdestroyed']
 ['19' '164.6510749421673' 'destroyed']
 ['16' '178.52611036923423' 'marauded']
 ['1' '182.78494604299138' 'presentdestroyed']
 ['1' '192.53090101814382' 'present']
 ['5' '194.67212042609117' 'marauded']
 ['19' '196.1507209999254' 'presentdestroyed']
 ['15' '206.7541815275528' 'present']
 ['10' '209.19083004153106' 'present']
 ['16' '212.88594674477272' 'present']
 ['10' '220.00943416931065' 'present']
 ['16' '221.0016692027169' 'marauded']
 ['15' '229.87735023153797' 'marauded']
 ['17' '235.00877715212283' 'presentdestroyed']
 ['3' '236.146733059356' 'destroyed']
 ['7' '238.7425517363556' 'present']
 ['12' '267.71890498281243' 'present']
 ['15' '272.5969943224279' 'present']
 ['18' '284.0462613728071' 'present']
 ['7' '284.4465304113007' 'marauded']
 ['0' '286.2876207625649' 'presentdestroyed']
 ['10' '291.899855611423' 'presentdestroyed']
 ['7' '292.8763790558005' 'present']
 ['18' '297.62223875446034' 'present']
 ['10' '300.2889092049471' 'present']
 ['8' '303.08103848746697' 'present']
 ['20' '303.81643020993897' 'present']
 ['6' '304.12819950789356' 'present']
 ['18' '306.31086497428475' 'present']
 ['9' '318.0563485609542' 'present']
 ['10' '325.35368370460935' 'present']
 ['7' '337.10131473400054' 'present']
 ['7' '340.8711050423532' 'present']
 ['15' '341.9598511682284' 'present']
 ['8' '348.1444941560331' 'present']
 ['12' '355.903469571057' 'present']
 ['0' '357.7927977344242' 'present']]","[['F101' '21.51424382832141' 'mated']
 ['F77' '23.69617985025244' 'mated']
 ['F170' '33.158167371090954' 'mated']
 ['F119' '79.58525596921031' 'mated']
 ['F4' '93.85801271701374' 'mated']
 ['F39' '127.55795339757208' 'absent']
 ['F173' '135.66427879162956' 'mated']
 ['F24' '138.10077211267594' 'mated']
 ['F33' '140.58630914810675' 'mated']
 ['F145' '156.4144921433327' 'destroyed']
 ['F172' '186.01295000364405' 'destroyed']
 ['F185' '192.9676239986815' 'mated']
 ['F68' '219.41556375765535' 'mated']
 ['F36' '256.2436661033721' 'mated']
 ['F140' '258.62853232278553' 'mated']
 ['F78' '272.47536695429255' 'mated']
 ['F118' '274.9844899169627' 'mated']]",559.0,72.10991628870391,15.677567073755956,1259.0,215.63765085238006,46.46783833832995,407.0,67.57931545573695,14.432956537754578,11.0,1.0999999999999999,0.11000000000000004,78.0,3.6111111111111103,0.16718106995884757
