id,probability_maraud,successful_mating,next_foraging_time,mar_attempts,mate_attempts,foraging_events,foraging_hrs,foraging_sqhrs,staying_events,staying_hrs,staying_sqhrs,repairing_events,repairing_hrs,repairing_sqhrs,marauding_events,marauding_hrs,marauding_sqhrs,traveling_events,traveling_hrs,traveling_sqhrs
0,0.054,6,359.91558140098596,"[['11' '0.1564800771265878' 'present']
 ['16' '0.19628574609282468' 'present']
 ['13' '0.2879522098790391' 'present']
 ['13' '1.9659748761634979' 'present']
 ['6' '2.7868240630696497' 'present']
 ['19' '4.6177699537614165' 'present']
 ['7' '22.39130528354164' 'marauded']
 ['19' '25.510044898389456' 'destroyed']
 ['19' '33.67787770554316' 'present']
 ['23' '41.78212573244042' 'marauded']
 ['18' '43.43483209734498' 'presentdestroyed']
 ['15' '46.963194240074934' 'presentdestroyed']
 ['6' '59.26366811311379' 'present']
 ['21' '60.30851645563901' 'marauded']
 ['8' '70.7735603499733' 'marauded']
 ['1' '71.2053036466099' 'presentdestroyed']
 ['21' '74.7301391579923' 'destroyed']
 ['23' '77.53120702978664' 'presentdestroyed']
 ['4' '78.47583498253874' 'destroyed']
 ['3' '80.57077242891653' 'marauded']
 ['7' '85.93819370118203' 'presentdestroyed']
 ['1' '92.55079506611996' 'present']
 ['19' '98.41010451412711' 'present']
 ['23' '103.38366148555718' 'present']
 ['5' '109.35042270581317' 'marauded']
 ['6' '112.56918625267986' 'presentdestroyed']
 ['8' '122.33181226004358' 'present']
 ['15' '132.159882847899' 'present']
 ['14' '134.6003829352694' 'present']
 ['18' '151.90844645466777' 'present']
 ['3' '157.73291006979102' 'marauded']
 ['11' '168.26059963749466' 'marauded']
 ['23' '173.9495008224032' 'presentdestroyed']
 ['13' '177.48009208181685' 'present']
 ['3' '181.3480776958819' 'marauded']
 ['14' '191.77316959646353' 'present']
 ['4' '198.07026933729242' 'marauded']
 ['3' '199.07786110595262' 'presentdestroyed']
 ['19' '199.44500527563207' 'presentdestroyed']
 ['8' '205.90291076167156' 'marauded']
 ['1' '213.6028053072125' 'marauded']
 ['15' '213.80342071210967' 'presentdestroyed']
 ['12' '221.21704966948286' 'presentdestroyed']
 ['12' '233.68750786256925' 'present']
 ['6' '235.36503334613732' 'present']
 ['1' '239.74162417420663' 'present']
 ['5' '241.57806827413103' 'present']
 ['3' '242.3783058343986' 'present']
 ['8' '243.44134268764174' 'present']
 ['13' '249.59645280736447' 'present']
 ['8' '261.8640867070008' 'present']
 ['20' '266.5076084644227' 'present']
 ['20' '267.107529532733' 'present']
 ['12' '275.9387559723442' 'present']
 ['5' '288.90464384970596' 'present']
 ['19' '289.5999354119131' 'present']
 ['4' '290.7951857983863' 'marauded']
 ['16' '292.3257229590395' 'presentdestroyed']
 ['20' '299.6438852362015' 'present']
 ['3' '301.4073490462034' 'present']
 ['4' '304.5773156572729' 'marauded']
 ['21' '312.043591238477' 'present']
 ['11' '338.6892370735898' 'present']
 ['5' '339.41063318966457' 'present']
 ['21' '348.172424058455' 'marauded']]","[['F159' '39.723330005139765' 'absent']
 ['F99' '48.04711470543604' 'absentdestroyed']
 ['F109' '144.92252972150297' 'absent']
 ['F37' '169.44713732930987' 'destroyed']
 ['F127' '172.23276840138746' 'destroyed']
 ['F106' '179.21018890829592' 'mated']
 ['F196' '193.7360905832874' 'mated']
 ['F19' '195.92794814745974' 'mated']
 ['F132' '211.486472799354' 'destroyed']
 ['F150' '233.20635931967334' 'absent']
 ['F136' '237.97697132762423' 'mated']
 ['F94' '243.04225524665367' 'mated']
 ['F177' '333.3248406102362' 'mated']]",570.0,71.50797903307493,15.585317776168845,1144.0,196.2623215420645,41.84166999682773,546.0,91.17989618035443,19.096240622134655,8.0,0.7999999999999999,0.08000000000000002,65.0,0.3009259259259259,0.0013931755829903966
1,0.054,13,360.47083149305155,"[['7' '3.9116638345251227' 'present']
 ['4' '10.108301253065205' 'present']
 ['3' '12.111374874509934' 'present']
 ['16' '12.653991781038997' 'present']
 ['0' '17.240716412099193' 'present']
 ['7' '22.11191087386461' 'present']
 ['15' '26.160388824195543' 'marauded']
 ['12' '29.868570762930872' 'presentdestroyed']
 ['13' '40.436163775855164' 'present']
 ['18' '41.01213402606786' 'present']
 ['18' '43.79852811875064' 'present']
 ['16' '51.74417554179988' 'present']
 ['13' '52.449733213603515' 'present']
 ['16' '53.472808861635535' 'present']
 ['7' '62.18161155132027' 'marauded']
 ['19' '64.18540166158799' 'presentdestroyed']
 ['20' '67.52059565769132' 'destroyed']
 ['23' '68.0529459275628' 'presentdestroyed']
 ['8' '72.15718596088597' 'present']
 ['11' '80.43614600259924' 'marauded']
 ['12' '83.19251386688876' 'presentdestroyed']
 ['23' '86.20460264779159' 'presentdestroyed']
 ['12' '89.64622651392365' 'present']
 ['15' '108.84186628849142' 'present']
 ['11' '124.31714584550487' 'present']
 ['12' '128.97182519878473' 'present']
 ['8' '133.38681450202995' 'marauded']
 ['5' '150.17781459939243' 'present']
 ['12' '155.21105402928237' 'present']
 ['13' '160.41402600658878' 'present']
 ['6' '162.42382212871982' 'present']
 ['12' '172.26675770245905' 'present']
 ['16' '183.09852011744266' 'present']
 ['5' '196.2553718382404' 'present']
 ['8' '198.25371320036487' 'present']
 ['16' '199.01381092043087' 'present']
 ['3' '200.67465798332816' 'present']
 ['16' '209.45994833468427' 'present']
 ['14' '210.36607869649498' 'present']
 ['18' '223.43813132975404' 'present']
 ['19' '228.33626009714453' 'present']
 ['3' '232.14042850660817' 'present']
 ['12' '233.8479606373041' 'present']
 ['12' '239.0646433904743' 'present']
 ['7' '264.800472203709' 'present']
 ['11' '265.7813271902473' 'present']
 ['6' '277.42931720255956' 'present']
 ['8' '280.2942680202881' 'present']
 ['7' '285.74187975787714' 'present']
 ['21' '288.31197617956883' 'present']
 ['14' '291.6004499214958' 'marauded']
 ['12' '296.58699587791904' 'presentdestroyed']
 ['6' '304.78279052288616' 'present']
 ['8' '305.3825376799803' 'present']
 ['5' '309.1611356703109' 'present']
 ['3' '309.50668605333055' 'marauded']
 ['12' '311.46522816159074' 'presentdestroyed']
 ['3' '312.18785683868384' 'presentdestroyed']
 ['20' '312.21254603404185' 'presentdestroyed']
 ['7' '315.3277144173976' 'presentdestroyed']
 ['0' '323.79068419959543' 'present']
 ['15' '326.0397718628341' 'present']
 ['23' '333.98451538954373' 'present']
 ['13' '344.4826337614924' 'marauded']
 ['3' '347.4531352622212' 'presentdestroyed']
 ['14' '352.6455000636383' 'marauded']
 ['11' '357.91788941469434' 'destroyed']]","[['F69' '21.29460712802189' 'mated']
 ['F74' '65.5072335687671' 'destroyed']
 ['F138' '94.14034369768659' 'mated']
 ['F17' '103.82954844292583' 'mated']
 ['F212' '108.68132385107167' 'mated']
 ['F197' '116.74163177204284' 'mated']
 ['F67' '123.2122918630914' 'absent']
 ['F55' '139.81974960121985' 'absentdestroyed']
 ['F83' '153.92184053678875' 'mated']
 ['F12' '162.78066524591793' 'absent']
 ['F22' '170.92687619805662' 'mated']
 ['F14' '184.2567972898688' 'mated']
 ['F188' '184.79365692475432' 'mated']
 ['F30' '210.05806845503116' 'mated']
 ['F2' '212.00466165939025' 'mated']
 ['F10' '276.5222452201898' 'mated']
 ['F153' '300.3232211026649' 'absent']
 ['F15' '340.4931579147556' 'mated']]",563.0,70.8782141931341,15.86643259550883,1428.0,239.19026834746506,50.87560976730287,282.0,48.45520620137095,10.414378313212051,11.0,1.0999999999999999,0.11000000000000004,86.0,0.39814814814814853,0.0018432784636488323
2,0.0,12,360.0346151608063,"[['6' '0.4674153505977677' 'present']
 ['8' '5.2634917287159935' 'present']
 ['3' '8.237440768129298' 'marauded']
 ['20' '18.757045996605026' 'present']
 ['7' '19.670140993049078' 'present']
 ['23' '28.45097093055164' 'present']
 ['15' '37.058834676608264' 'present']
 ['6' '51.03904655930075' 'present']
 ['5' '63.662445995407786' 'present']
 ['20' '68.4627078925336' 'present']
 ['6' '75.53277083617105' 'marauded']
 ['15' '75.96291571424536' 'presentdestroyed']
 ['19' '76.2558800968516' 'presentdestroyed']
 ['20' '86.81243878898442' 'present']
 ['14' '89.66011637933224' 'present']
 ['1' '90.587819593631' 'present']
 ['3' '95.65165974446319' 'present']
 ['19' '96.49672509778948' 'present']
 ['15' '108.84649591812104' 'marauded']
 ['7' '121.42898028257706' 'present']
 ['12' '128.73567099857127' 'marauded']
 ['21' '138.8132186819423' 'present']
 ['18' '142.6694080593257' 'present']
 ['14' '149.5544417110257' 'present']
 ['4' '150.57581562857723' 'present']
 ['3' '157.68406066405123' 'present']
 ['20' '164.1495010744347' 'present']
 ['3' '165.8245527276922' 'present']
 ['5' '166.28534307023426' 'marauded']
 ['1' '167.3655947156543' 'destroyed']
 ['1' '174.70996020776107' 'present']
 ['11' '181.47540644269034' 'present']
 ['12' '182.2435568587283' 'marauded']
 ['13' '191.28958288645558' 'present']
 ['11' '199.61895674716902' 'marauded']
 ['15' '203.54017408067486' 'destroyed']
 ['3' '211.00569557129847' 'marauded']
 ['1' '212.91191495741376' 'presentdestroyed']
 ['20' '215.08813908731648' 'presentdestroyed']
 ['7' '220.86519662005736' 'present']
 ['15' '227.51928185224733' 'present']
 ['6' '230.05605294244475' 'present']
 ['16' '231.74120629249242' 'present']
 ['20' '237.16598238909626' 'present']
 ['20' '238.63439232111546' 'present']
 ['0' '239.33966796434362' 'present']
 ['13' '253.06220935601672' 'present']
 ['21' '255.66530767620972' 'present']
 ['8' '268.34417202385214' 'present']
 ['15' '270.6405940048654' 'present']
 ['0' '271.2123026123467' 'marauded']
 ['16' '271.63718357300536' 'presentdestroyed']
 ['1' '275.7091975517629' 'presentdestroyed']
 ['13' '276.4301005261924' 'presentdestroyed']
 ['1' '282.896903727769' 'present']
 ['16' '291.39961346323116' 'present']
 ['14' '291.5958202918661' 'present']
 ['23' '291.69479900276764' 'present']
 ['11' '308.5593371733152' 'present']
 ['19' '322.26680874110815' 'present']
 ['12' '325.509186264951' 'present']
 ['0' '330.38848103891314' 'present']
 ['23' '332.7578929162698' 'present']
 ['21' '336.24490483933556' 'present']
 ['19' '350.03804037135916' 'present']
 ['4' '352.57832800324695' 'marauded']
 ['16' '355.3083889933637' 'presentdestroyed']]","[['F158' '15.78351208023273' 'mated']
 ['F146' '26.68211256724712' 'mated']
 ['F75' '48.30574276867097' 'mated']
 ['F57' '70.42632400768802' 'mated']
 ['F210' '74.32857295715965' 'mated']
 ['F166' '147.2818150317883' 'mated']
 ['F124' '153.25266257595268' 'mated']
 ['F52' '160.78405313703865' 'mated']
 ['F42' '208.2173066542948' 'mated']
 ['F193' '226.38474251976652' 'mated']
 ['F31' '240.9024839975814' 'mated']
 ['F204' '241.8940340107149' 'absent']
 ['F153' '300.32785073229456' 'mated']
 ['F168' '324.7993637924443' 'absent']]",576.0,70.60719555536822,14.263826684886425,1361.0,228.353789573552,48.44397449042315,356.0,61.17098517521154,13.436209332777642,0.0,0.0,0.0,0.0,0.0,0.0
3,0.054,10,360.102250035917,"[['20' '11.95169980547491' 'present']
 ['19' '26.934797283464764' 'present']
 ['18' '28.635196438163423' 'present']
 ['20' '30.892576362206388' 'marauded']
 ['19' '33.43811097060957' 'destroyed']
 ['5' '37.53402824639561' 'presentdestroyed']
 ['20' '51.62679390732035' 'present']
 ['11' '60.99841300958054' 'present']
 ['20' '67.5159660280617' 'present']
 ['8' '78.39523476892298' 'present']
 ['23' '79.41276928710757' 'present']
 ['8' '79.45476360399233' 'present']
 ['1' '92.33756047451077' 'present']
 ['21' '94.28673982724588' 'present']
 ['16' '97.82879514501036' 'present']
 ['23' '106.79201462561674' 'present']
 ['1' '108.276569618779' 'present']
 ['21' '108.29564544944517' 'present']
 ['14' '112.30893128465254' 'present']
 ['4' '121.08272159320215' 'present']
 ['8' '130.36918942972528' 'present']
 ['4' '143.66926030457574' 'present']
 ['20' '148.05693737554546' 'present']
 ['18' '160.82969760401045' 'present']
 ['13' '174.3925235379681' 'present']
 ['0' '180.4903726587782' 'present']
 ['16' '210.97344283479185' 'present']
 ['1' '216.1314967091621' 'marauded']
 ['23' '223.96828063288794' 'present']
 ['11' '232.40769824103032' 'present']
 ['16' '234.83896322853894' 'marauded']
 ['5' '263.59578812116246' 'marauded']
 ['12' '279.79043999186223' 'present']
 ['12' '280.6070099305863' 'present']
 ['4' '282.98199949969404' 'present']
 ['1' '290.61788093266523' 'present']
 ['5' '290.7969769626945' 'present']
 ['23' '291.59016937313794' 'marauded']
 ['0' '300.0619157785178' 'present']
 ['5' '304.3665417927419' 'present']
 ['20' '311.7081750450639' 'present']
 ['11' '318.17078362743143' 'marauded']
 ['6' '321.3731013125192' 'presentdestroyed']
 ['7' '322.72285360471915' 'presentdestroyed']
 ['15' '324.1153981307163' 'presentdestroyed']
 ['18' '325.95927509825816' 'present']
 ['7' '332.98656044850856' 'present']
 ['6' '350.35845519273835' 'present']]","[['F69' '21.289977498392265' 'absent']
 ['F46' '37.50405536878325' 'destroyed']
 ['F114' '46.00247525971114' 'absent']
 ['F134' '101.43412255743658' 'mated']
 ['F103' '109.97413033298099' 'mated']
 ['F101' '110.76697862365532' 'mated']
 ['F33' '116.19847157201886' 'absent']
 ['F77' '117.14657609246296' 'mated']
 ['F73' '125.80023964701493' 'mated']
 ['F208' '136.88088438792113' 'mated']
 ['F105' '148.9394663011892' 'mated']
 ['F87' '161.04836151134086' 'mated']
 ['F203' '168.33216068920453' 'mated']
 ['F205' '306.37921544632474' 'mated']]",560.0,70.90732927745222,14.292646299475491,1483.0,250.38247178186757,53.311231638277675,204.0,36.289888136773655,8.07343593741647,20.0,2.0000000000000004,0.20000000000000012,102.0,0.47222222222222293,0.0021862139917695473
4,0.054,13,360.185309274977,"[['1' '0.564736337752091' 'present']
 ['8' '1.4646379704542505' 'marauded']
 ['7' '1.809258406994785' 'presentdestroyed']
 ['8' '5.268121358345623' 'presentdestroyed']
 ['21' '12.409412114392575' 'marauded']
 ['6' '27.30141961469569' 'present']
 ['11' '29.922557037596352' 'present']
 ['18' '40.86896497743003' 'present']
 ['1' '42.36902967285428' 'present']
 ['14' '46.16249489868922' 'present']
 ['14' '47.92129125506358' 'present']
 ['6' '55.923406441361166' 'present']
 ['16' '67.20646694533868' 'present']
 ['6' '72.45184798762722' 'present']
 ['6' '85.7012191666324' 'present']
 ['20' '85.7032629487928' 'present']
 ['7' '92.81966568740515' 'present']
 ['13' '100.43486364308652' 'marauded']
 ['14' '107.06330452434284' 'presentdestroyed']
 ['0' '108.27601934007637' 'present']
 ['20' '119.5201419598514' 'present']
 ['6' '125.94903008994717' 'present']
 ['21' '139.1096977288834' 'present']
 ['15' '143.8346040378782' 'present']
 ['18' '144.29002332916303' 'present']
 ['14' '148.87393909293442' 'present']
 ['14' '157.74201109325637' 'present']
 ['13' '158.54456845835963' 'present']
 ['13' '159.1113635848147' 'present']
 ['18' '160.0347991883254' 'present']
 ['8' '160.48063088639256' 'present']
 ['13' '161.43293639329005' 'marauded']
 ['21' '161.49433034672958' 'destroyed']
 ['18' '165.25559638300737' 'presentdestroyed']
 ['20' '166.7727962957819' 'presentdestroyed']
 ['19' '173.0382287704181' 'present']
 ['16' '191.79323406477843' 'present']
 ['3' '194.8390541355987' 'present']
 ['14' '194.99565732283702' 'present']
 ['23' '202.55773820930486' 'present']
 ['15' '209.2074610715837' 'present']
 ['20' '211.91752489476625' 'present']
 ['5' '221.29231269040798' 'marauded']
 ['0' '229.9781270256561' 'marauded']
 ['1' '233.64237643352354' 'destroyed']
 ['16' '239.61350420396573' 'present']
 ['20' '249.92756815662665' 'present']
 ['5' '251.5786975614068' 'present']
 ['5' '252.5730829862727' 'marauded']
 ['15' '255.99315644484113' 'presentdestroyed']
 ['8' '270.75197366462453' 'marauded']
 ['20' '276.35955887512876' 'destroyed']
 ['5' '277.86405070740267' 'presentdestroyed']
 ['16' '279.0634150143334' 'present']
 ['20' '287.38957375756496' 'present']
 ['0' '289.86120843093846' 'present']
 ['5' '296.1195416158554' 'marauded']
 ['21' '297.5553286904805' 'presentdestroyed']
 ['12' '298.0956488099396' 'destroyed']
 ['21' '299.55553112585017' 'presentdestroyed']
 ['19' '306.16702633857574' 'marauded']
 ['5' '320.56299944608514' 'present']
 ['13' '334.80719001574556' 'present']
 ['23' '340.05682491710513' 'marauded']
 ['11' '347.7456099631523' 'presentdestroyed']
 ['23' '350.9802340870327' 'present']
 ['14' '352.77003055659833' 'present']
 ['6' '355.99362687010694' 'present']]","[['F62' '25.412045307100794' 'absent']
 ['F46' '37.506370183598065' 'mated']
 ['F186' '44.03579352551623' 'mated']
 ['F114' '46.00479007452596' 'mated']
 ['F1' '49.20897910219799' 'mated']
 ['F169' '49.37049815499268' 'mated']
 ['F26' '104.8641075165832' 'absentdestroyed']
 ['F215' '113.69607801742826' 'mated']
 ['F26' '116.87336677584244' 'mated']
 ['F40' '146.68901996518437' 'mated']
 ['F171' '176.69327211891303' 'mated']
 ['F190' '215.28146737874206' 'mated']
 ['F84' '227.7284264782174' 'absentdestroyed']
 ['F112' '234.1621185779833' 'destroyed']
 ['F6' '261.88252482274373' 'mated']
 ['F8' '317.1478971451775' 'mated']
 ['F168' '336.8132526813333' 'mated']]",567.0,72.67351708967341,16.53856845003773,1323.0,218.38177083943725,45.56447684180632,393.0,67.14437978560719,14.765491121429022,15.0,1.5000000000000002,0.15000000000000008,66.0,0.3055555555555555,0.0014146090534979412
5,0.054,10,360.55832192328745,"[['11' '0.6875033128739736' 'present']
 ['8' '3.3033154720206053' 'present']
 ['1' '5.289087634110845' 'present']
 ['0' '8.911119726970986' 'present']
 ['21' '10.30385165866212' 'present']
 ['13' '12.710244644421387' 'marauded']
 ['7' '19.1044750310113' 'presentdestroyed']
 ['23' '28.749021953802025' 'present']
 ['11' '32.00523915790602' 'present']
 ['8' '48.4709583241956' 'present']
 ['12' '60.237920848886986' 'present']
 ['19' '64.56450500359495' 'present']
 ['11' '67.03518543697993' 'present']
 ['12' '72.26548785947935' 'present']
 ['13' '74.75039836221403' 'present']
 ['3' '85.2876956260238' 'present']
 ['12' '94.51021598616687' 'present']
 ['3' '95.65628937409281' 'present']
 ['20' '104.7728611239071' 'present']
 ['12' '113.9554565827462' 'present']
 ['21' '124.20255036136349' 'present']
 ['8' '137.08090016292414' 'marauded']
 ['1' '153.07719700253662' 'marauded']
 ['12' '156.2291098214803' 'presentdestroyed']
 ['18' '166.02825177151388' 'present']
 ['11' '168.62332613648502' 'present']
 ['4' '175.27186615828074' 'marauded']
 ['15' '178.37378594905445' 'presentdestroyed']
 ['15' '181.66953967684802' 'presentdestroyed']
 ['0' '189.2593070139294' 'present']
 ['6' '193.44795600521545' 'present']
 ['7' '202.74454654158666' 'present']
 ['20' '203.88548362303402' 'marauded']
 ['1' '211.7389986067139' 'marauded']
 ['23' '223.97291026251756' 'present']
 ['3' '229.0699043693308' 'present']
 ['3' '233.8702802747779' 'marauded']
 ['13' '234.8366870788648' 'presentdestroyed']
 ['16' '236.20111301699663' 'presentdestroyed']
 ['0' '236.21434249250706' 'destroyed']
 ['8' '241.8243555812733' 'marauded']
 ['23' '249.88697054417463' 'present']
 ['15' '253.11921089055542' 'present']
 ['1' '257.43763894502774' 'present']
 ['7' '258.95656297349024' 'present']
 ['0' '261.53754150936106' 'present']
 ['11' '279.32028531916626' 'marauded']
 ['21' '280.2771214123623' 'presentdestroyed']
 ['11' '282.56065946670276' 'presentdestroyed']
 ['20' '284.6954773003405' 'presentdestroyed']
 ['0' '298.71820636157116' 'present']
 ['16' '302.6078310985615' 'present']
 ['3' '312.1924864683135' 'marauded']
 ['14' '345.9923462865896' 'present']
 ['0' '346.4810959989776' 'present']
 ['3' '352.20264253604495' 'present']
 ['23' '359.9557773496264' 'present']]","[['F74' '65.5049187539523' 'absent']
 ['F199' '68.80066095988856' 'mated']
 ['F64' '116.08236605265427' 'absent']
 ['F183' '124.01541046573618' 'mated']
 ['F49' '134.2584427567117' 'mated']
 ['F148' '136.77898619944605' 'mated']
 ['F108' '147.72596319971748' 'mated']
 ['F192' '165.9287568481124' 'mated']
 ['F164' '183.81321170324384' 'mated']
 ['F165' '199.62268601141693' 'mated']
 ['F118' '200.16392232893332' 'mated']
 ['F141' '276.46829070146754' 'mated']
 ['F21' '279.80439039610087' 'destroyed']]",558.0,68.3449605973658,13.983276416988694,1324.0,228.71845210899986,49.28850887409234,356.0,61.15486570716699,13.04455554849465,15.0,1.5000000000000002,0.15000000000000008,83.0,0.3842592592592596,0.0017789780521261986
6,0.054,6,360.2578517031388,"[['18' '5.459510219770614' 'present']
 ['5' '6.816174989457388' 'present']
 ['5' '8.881362663236056' 'present']
 ['3' '12.006745244880305' 'marauded']
 ['11' '14.971319942178205' 'presentdestroyed']
 ['12' '16.102829411109642' 'destroyed']
 ['23' '25.449648783999198' 'present']
 ['19' '33.247091782526084' 'present']
 ['1' '35.78634325663875' 'present']
 ['0' '41.16195863148072' 'present']
 ['23' '48.622770881510505' 'present']
 ['20' '51.922567324920564' 'present']
 ['0' '53.2382725916991' 'present']
 ['3' '63.75284104776659' 'present']
 ['7' '80.90627430088847' 'present']
 ['5' '86.93791006491435' 'present']
 ['14' '87.53144811257768' 'present']
 ['8' '88.27831015198309' 'present']
 ['14' '89.66474600896186' 'present']
 ['11' '92.70395125891766' 'present']
 ['4' '94.08441893180068' 'present']
 ['3' '95.76516979141985' 'present']
 ['21' '117.12356509378519' 'marauded']
 ['4' '119.16071927928316' 'presentdestroyed']
 ['20' '123.50060437099549' 'presentdestroyed']
 ['21' '125.1974893853828' 'present']
 ['23' '145.60177336390177' 'marauded']
 ['16' '146.9389413228582' 'destroyed']
 ['16' '152.21975657835515' 'presentdestroyed']
 ['13' '170.64324699280516' 'present']
 ['15' '178.63272472581355' 'present']
 ['7' '186.2746931696446' 'present']
 ['14' '200.2764742096809' 'present']
 ['3' '212.04775090823028' 'present']
 ['20' '214.44148734205052' 'present']
 ['19' '216.97011168705558' 'present']
 ['16' '218.44891480926307' 'present']
 ['18' '219.78756309717605' 'present']
 ['20' '239.92415058263674' 'present']
 ['19' '241.989973820695' 'present']
 ['7' '242.8434982591387' 'marauded']
 ['5' '252.67771261590232' 'present']
 ['5' '256.17600149977676' 'present']
 ['21' '256.43461929486557' 'present']
 ['8' '259.0622658788021' 'present']
 ['7' '262.2283243614668' 'present']
 ['7' '279.64438309195987' 'present']
 ['7' '285.1285420488085' 'present']
 ['3' '286.2086245821864' 'marauded']
 ['20' '306.8587232924281' 'present']
 ['14' '309.56459911100006' 'marauded']
 ['21' '319.5820349400259' 'present']
 ['15' '330.1253267015242' 'present']
 ['16' '337.12592090196046' 'present']
 ['5' '339.08098589027065' 'present']
 ['16' '342.13739504991025' 'present']
 ['12' '348.7615743380867' 'present']
 ['11' '351.3578646178198' 'present']
 ['4' '353.09630380177305' 'present']
 ['13' '357.3328038054762' 'present']]","[['F119' '31.824788952816878' 'mated']
 ['F147' '122.82091321688685' 'destroyed']
 ['F85' '190.9234691135039' 'mated']
 ['F0' '191.0031193347352' 'mated']
 ['F196' '193.73146095365777' 'absent']
 ['F38' '196.3814814795181' 'mated']
 ['F16' '212.7553803298986' 'mated']
 ['F178' '252.8851574849837' 'absent']
 ['F60' '290.60013211859996' 'destroyed']
 ['F149' '323.6339189314906' 'mated']]",583.0,68.99906977390017,13.511109002180042,1501.0,252.85831879320918,54.383287250465024,221.0,36.631395747161676,7.6451218859193775,14.0,1.4000000000000001,0.14000000000000007,90.0,0.41666666666666713,0.0019290123456790105
7,0.054,8,360.0241626564651,"[['19' '6.961290592672028' 'marauded']
 ['3' '8.232811138499669' 'destroyed']
 ['15' '8.97349655505247' 'presentdestroyed']
 ['13' '9.866207385325907' 'destroyed']
 ['5' '10.6711123004353' 'presentdestroyed']
 ['11' '12.59060285390042' 'presentdestroyed']
 ['14' '14.551787469667467' 'present']
 ['23' '17.231268691116878' 'present']
 ['3' '17.678183374618676' 'present']
 ['1' '19.23852804977717' 'present']
 ['5' '22.595027690631664' 'present']
 ['8' '26.053118342565163' 'present']
 ['16' '28.794125079232387' 'present']
 ['16' '30.77213128715995' 'present']
 ['12' '31.24736457517867' 'present']
 ['5' '33.467354051453775' 'present']
 ['1' '47.596105402352904' 'present']
 ['14' '50.26721288464739' 'present']
 ['4' '57.0396379663297' 'present']
 ['3' '65.0871458160249' 'present']
 ['16' '69.39657529207648' 'present']
 ['6' '70.14096374218109' 'present']
 ['5' '71.2045136825977' 'marauded']
 ['18' '71.38134087690159' 'presentdestroyed']
 ['15' '87.94851576291772' 'present']
 ['19' '93.96976623814369' 'present']
 ['20' '94.3072606862292' 'present']
 ['6' '108.79276068216382' 'marauded']
 ['15' '111.40072812554916' 'presentdestroyed']
 ['6' '112.26584736009683' 'presentdestroyed']
 ['16' '115.39034934350798' 'destroyed']
 ['0' '116.66987144999395' 'present']
 ['13' '118.12031694026996' 'present']
 ['21' '124.06598621389546' 'present']
 ['8' '131.01167840390113' 'present']
 ['23' '138.00702938743677' 'present']
 ['21' '139.00506809925378' 'marauded']
 ['4' '143.66463067494612' 'presentdestroyed']
 ['14' '150.19780952245867' 'present']
 ['8' '156.00967056457867' 'marauded']
 ['1' '162.52565202619516' 'presentdestroyed']
 ['1' '164.6477392554221' 'present']
 ['0' '167.56619959518255' 'present']
 ['14' '168.78775179065246' 'present']
 ['6' '176.67550287463206' 'marauded']
 ['21' '176.97448183318767' 'presentdestroyed']
 ['3' '180.32645997258274' 'presentdestroyed']
 ['20' '183.33640053985076' 'presentdestroyed']
 ['8' '192.58556492588443' 'present']
 ['15' '194.04906472300772' 'present']
 ['19' '210.29010424365657' 'marauded']
 ['20' '215.3655989343686' 'presentdestroyed']
 ['21' '220.1522812497648' 'present']
 ['0' '222.06230129960397' 'present']
 ['5' '222.1087547646694' 'present']
 ['1' '224.436607709923' 'present']
 ['19' '237.36358582342572' 'present']
 ['15' '241.70202791942685' 'present']
 ['0' '244.49283601427715' 'present']
 ['19' '246.72343859578268' 'present']
 ['8' '247.18833257918192' 'present']
 ['21' '249.18174090096682' 'marauded']
 ['16' '250.1714891741518' 'presentdestroyed']
 ['4' '250.5942840094496' 'presentdestroyed']
 ['21' '252.78644722008224' 'presentdestroyed']
 ['21' '256.43924892449525' 'present']
 ['16' '256.6464222711354' 'present']
 ['1' '267.1229295452301' 'present']
 ['5' '268.85146967844287' 'present']
 ['15' '272.3247065795756' 'marauded']
 ['0' '276.03935953944983' 'presentdestroyed']
 ['18' '289.4859612800984' 'marauded']
 ['21' '294.5342285595916' 'presentdestroyed']
 ['4' '323.6661762553714' 'present']
 ['1' '334.418085009097' 'present']
 ['11' '340.52946623313375' 'present']
 ['20' '343.0623064073319' 'present']
 ['5' '343.42065949984476' 'present']
 ['11' '345.0123472224165' 'present']]","[['F159' '39.730274449584215' 'mated']
 ['F99' '48.049429520250854' 'mated']
 ['F39' '79.0837686540373' 'mated']
 ['F122' '102.35016601526291' 'mated']
 ['F47' '140.91532217172' 'destroyed']
 ['F184' '163.42355671389276' 'destroyed']
 ['F184' '163.42818634352238' 'destroyed']
 ['F91' '174.58946215588477' 'mated']
 ['F194' '246.5558580945469' 'mated']
 ['F214' '269.12247533123815' 'mated']
 ['F10' '276.51993040537496' 'destroyed']
 ['F11' '321.9134308533651' 'mated']
 ['F168' '336.8109378665185' 'absent']]",564.0,70.22869599820868,14.596407233441344,1341.0,226.99470637614522,48.68256251846522,367.0,61.14634773350754,12.866522861580068,13.0,1.3,0.13000000000000006,78.0,0.3611111111111113,0.0016718106995884758
8,0.054,7,360.8236239988479,"[['3' '4.422710237627559' 'present']
 ['21' '10.025001140742464' 'present']
 ['20' '14.395418973224245' 'present']
 ['3' '18.658402421982377' 'present']
 ['0' '19.475249337732986' 'present']
 ['1' '21.500791889356158' 'present']
 ['4' '30.387031740970784' 'marauded']
 ['11' '31.990234384587897' 'presentdestroyed']
 ['1' '35.78171362700912' 'presentdestroyed']
 ['13' '41.5975190923712' 'present']
 ['5' '45.523015257867435' 'present']
 ['6' '53.164002991949694' 'present']
 ['14' '55.69857841013127' 'present']
 ['18' '56.24386351535316' 'present']
 ['18' '74.3524392587908' 'present']
 ['23' '83.79992933560071' 'present']
 ['12' '87.71623704840808' 'present']
 ['1' '89.79865127156803' 'present']
 ['3' '91.64058775870433' 'present']
 ['19' '92.42573105588896' 'present']
 ['12' '99.61735452195211' 'present']
 ['6' '102.39894073260356' 'marauded']
 ['0' '108.280648969706' 'presentdestroyed']
 ['16' '135.8846080892479' 'present']
 ['13' '137.3205874954376' 'marauded']
 ['20' '145.43888371434326' 'present']
 ['5' '148.77774091337014' 'present']
 ['4' '170.1279284121623' 'marauded']
 ['6' '181.5190965893785' 'present']
 ['1' '186.1733287844794' 'present']
 ['7' '195.59884170841534' 'present']
 ['6' '209.94002991714962' 'present']
 ['16' '211.97195049256956' 'present']
 ['21' '213.82732914010424' 'present']
 ['14' '220.89726074033638' 'present']
 ['16' '230.7254552523866' 'present']
 ['18' '231.76586509698913' 'present']
 ['0' '233.20238745818816' 'marauded']
 ['11' '241.34112176538994' 'present']
 ['1' '250.36902981324607' 'present']
 ['18' '271.9904511108535' 'present']
 ['21' '279.77496419985147' 'present']
 ['21' '285.9628610903098' 'present']
 ['12' '292.4479948400155' 'marauded']
 ['16' '308.37994855221194' 'present']
 ['11' '314.98196482710154' 'present']
 ['12' '315.22253744436256' 'marauded']
 ['16' '316.37649249563026' 'presentdestroyed']
 ['12' '323.7971175557697' 'present']
 ['15' '330.1299563311539' 'present']
 ['12' '333.6652081914468' 'present']
 ['23' '338.3309558802914' 'present']
 ['19' '358.17210701749997' 'present']
 ['0' '358.3103606104659' 'present']]","[['F76' '89.16589947809939' 'mated']
 ['F9' '92.68685505681039' 'mated']
 ['F28' '103.91025313100563' 'destroyed']
 ['F125' '105.11767835190122' 'destroyed']
 ['F115' '110.72105764737816' 'absent']
 ['F33' '116.20310120164848' 'mated']
 ['F61' '145.36672565507808' '']
 ['F100' '147.37595214114802' 'absent']
 ['F209' '151.1346651460342' 'mated']
 ['F54' '159.34327334150794' 'mated']
 ['F123' '206.3181746244649' 'mated']
 ['F98' '252.35156902678892' 'mated']
 ['F10' '276.5176155905601' 'absent']
 ['F168' '324.8063082368888' 'absent']]",579.0,70.37911640718295,14.153115312025214,1463.0,245.24010311328652,52.50414270055457,256.0,42.93744300972541,9.082790392577127,13.0,1.3,0.13000000000000006,74.0,0.3425925925925927,0.0015860768175582976
9,0.0,10,359.955843718829,"[['16' '1.9585652160708187' 'present']
 ['4' '21.331546398056588' 'marauded']
 ['20' '30.88794673257676' 'present']
 ['23' '31.06146976548743' 'marauded']
 ['5' '37.69875858881696' 'presentdestroyed']
 ['6' '46.08647280859466' 'present']
 ['1' '49.189082442039904' 'present']
 ['15' '50.46970962722412' 'present']
 ['0' '54.45495046608563' 'marauded']
 ['8' '57.24053539649989' 'destroyed']
 ['3' '57.61936930042263' 'presentdestroyed']
 ['6' '75.52814120654143' 'present']
 ['21' '77.86054922973273' 'present']
 ['3' '80.56614279928691' 'present']
 ['8' '83.5224246546606' 'present']
 ['11' '84.85954989984036' 'present']
 ['18' '85.74212064261732' 'present']
 ['15' '87.16083672137441' 'present']
 ['18' '91.68475042608891' 'present']
 ['6' '93.23230042988932' 'present']
 ['20' '102.91660652137699' 'marauded']
 ['6' '110.3705363624027' 'present']
 ['12' '115.0853549309981' 'present']
 ['7' '118.3329054232971' 'present']
 ['14' '126.4734857166955' 'present']
 ['6' '133.39111346667465' 'marauded']
 ['13' '134.53237955925238' 'presentdestroyed']
 ['16' '143.85496158819302' 'present']
 ['5' '144.94995119517083' 'present']
 ['20' '147.14246088078448' 'present']
 ['16' '148.71765331239385' 'present']
 ['18' '149.6332435035803' 'marauded']
 ['14' '150.06489797726778' 'presentdestroyed']
 ['19' '158.23504827714174' 'present']
 ['19' '161.57354546392088' 'present']
 ['6' '161.85825820124293' 'present']
 ['11' '164.47781196354666' 'marauded']
 ['13' '168.62276056961923' 'destroyed']
 ['13' '191.42290856254738' 'present']
 ['15' '199.36852864660628' 'present']
 ['12' '207.1951116518771' 'present']
 ['15' '225.37014939777248' 'present']
 ['21' '226.34128479179208' 'marauded']
 ['18' '229.26896101486437' 'presentdestroyed']
 ['16' '236.20574264662625' 'present']
 ['23' '241.05294439762588' 'present']
 ['0' '249.59281328204503' 'present']
 ['6' '254.71944429900753' 'present']
 ['8' '266.6348735773029' 'present']
 ['6' '268.69859417819464' 'present']
 ['23' '272.5387145473362' 'present']
 ['11' '277.6964607602278' 'present']
 ['18' '279.9609942740846' 'present']
 ['0' '284.2625731751053' 'present']
 ['15' '285.8549677315525' 'present']
 ['12' '287.2325763096427' 'marauded']
 ['1' '287.4669646792873' 'presentdestroyed']
 ['3' '288.71640489882054' 'presentdestroyed']
 ['16' '293.5024552060217' 'presentdestroyed']
 ['7' '302.2963394345337' 'present']
 ['8' '303.0791003471166' 'present']
 ['12' '305.78001953630564' 'present']
 ['5' '309.96055862616686' 'present']
 ['11' '312.5862368497155' 'marauded']
 ['0' '316.67429893305575' 'destroyed']
 ['13' '319.57081340835407' 'presentdestroyed']
 ['23' '322.0997252504392' 'present']
 ['6' '326.8205786363844' 'present']
 ['11' '335.7895337868433' 'present']
 ['23' '339.14132180304927' 'present']
 ['1' '341.8918518113539' 'present']
 ['21' '351.463748389364' 'present']
 ['8' '353.7034447102963' 'present']
 ['0' '357.62337940257237' 'marauded']]","[['F156' '36.43749555558027' 'absentdestroyed']
 ['F75' '48.301113139041334' 'absent']
 ['F76' '89.16358466328458' 'absent']
 ['F25' '103.58800747140869' 'destroyed']
 ['F33' '116.19384194238924' 'absent']
 ['F155' '123.35423388629087' 'mated']
 ['F140' '123.68696763076511' 'mated']
 ['F73' '125.79792483220012' 'absent']
 ['F61' '145.3690404698929' 'mated']
 ['F41' '153.8781134686267' 'destroyed']
 ['F192' '165.9264420332976' 'destroyed']
 ['F144' '187.1476929825389' 'mated']
 ['F96' '206.78809003634478' 'mated']
 ['F95' '230.3015261116182' 'destroyed']
 ['F206' '250.20977552932774' 'mated']
 ['F160' '277.5452983523372' 'mated']
 ['F34' '279.9484252387784' 'mated']
 ['F137' '310.7631799081796' 'mated']
 ['F162' '344.04567705781625' 'mated']]",567.0,68.924025264889,13.303236042577412,1347.0,228.51497595916206,49.114008765324776,371.0,62.75817516337863,13.332965366760272,0.0,0.0,0.0,0.0,0.0,0.0
10,0.0,5,360.28155231598396,"[['19' '19.90803093429658' 'present']
 ['7' '22.822048359043343' 'present']
 ['23' '39.155847778785095' 'marauded']
 ['3' '44.33250241310436' 'presentdestroyed']
 ['12' '64.70029694964592' 'marauded']
 ['3' '64.83120286401436' 'destroyed']
 ['11' '84.05989079661515' 'present']
 ['3' '86.38344439719847' 'present']
 ['18' '88.38607725131291' 'present']
 ['5' '107.06730788427882' 'present']
 ['19' '111.60495925936573' 'present']
 ['18' '115.60962098895591' 'marauded']
 ['21' '116.3399403589519' 'presentdestroyed']
 ['13' '117.61866554251756' 'presentdestroyed']
 ['14' '136.97759516310614' 'marauded']
 ['18' '138.5535792176843' 'presentdestroyed']
 ['18' '139.20807110102777' 'presentdestroyed']
 ['16' '161.01062351211712' 'marauded']
 ['4' '174.0374004112836' 'present']
 ['3' '182.4577679008348' 'marauded']
 ['4' '192.37563120721293' 'present']
 ['20' '205.18580479100757' 'present']
 ['15' '217.11075505555212' 'marauded']
 ['1' '219.03714763360026' 'destroyed']
 ['18' '219.78293346754643' 'presentdestroyed']
 ['12' '234.45087912008225' 'present']
 ['15' '246.94552796917364' 'present']
 ['21' '256.4438785541249' 'present']
 ['8' '257.7912044917182' 'marauded']
 ['7' '262.2236947318371' 'presentdestroyed']
 ['4' '266.68631967444253' 'present']
 ['23' '269.116314240687' 'present']
 ['16' '274.52257286870304' 'present']
 ['3' '277.65810209069025' 'present']
 ['4' '293.078450072316' 'present']
 ['4' '294.2504119792455' 'marauded']
 ['23' '294.9746626624296' 'presentdestroyed']
 ['6' '301.4118427143619' 'present']
 ['14' '301.70851487297307' 'present']
 ['19' '306.92205400682894' 'marauded']
 ['1' '307.75595974967734' 'destroyed']
 ['7' '311.15366591025867' 'destroyed']
 ['20' '315.43763443075034' 'marauded']
 ['5' '336.53127001699903' 'marauded']
 ['1' '343.76255212484006' 'present']
 ['8' '344.16421652041635' 'present']
 ['5' '347.6045257741845' 'marauded']
 ['23' '353.39069947902124' 'presentdestroyed']]","[['F69' '21.292292313207078' 'absent']
 ['F111' '28.09174053281544' 'mated']
 ['F81' '98.76361395925781' 'mated']
 ['F26' '104.86873714621282' 'absent']
 ['F197' '116.73468732759841' 'destroyed']
 ['F197' '116.73931695722803' 'destroyed']
 ['F55' '139.82206441603466' 'destroyed']
 ['F12' '162.7760356162883' 'destroyed']
 ['F127' '172.23508321620227' 'mated']
 ['F93' '207.12488980186538' 'mated']
 ['F174' '211.48666621495633' 'mated']
 ['F79' '264.049906663588' 'destroyed']]",567.0,66.84408232070267,13.313133711655388,1240.0,213.4131724810524,46.64936097678099,460.0,79.79891020047249,17.80038214221112,0.0,0.0,0.0,0.0,0.0,0.0
11,0.054,7,360.6013680979395,"[['23' '1.292669336994586' 'marauded']
 ['20' '12.09053046586769' 'present']
 ['13' '13.827899181760335' 'present']
 ['15' '20.201626097807146' 'marauded']
 ['1' '21.824734631071426' 'destroyed']
 ['5' '24.186996028209265' 'presentdestroyed']
 ['6' '25.41152610405099' 'presentdestroyed']
 ['5' '28.830040659955618' 'present']
 ['19' '31.097826956294163' 'present']
 ['15' '34.989665020133216' 'marauded']
 ['7' '40.162468928359935' 'presentdestroyed']
 ['7' '43.30292993861717' 'marauded']
 ['20' '45.158213039612924' 'destroyed']
 ['15' '47.96564402120165' 'presentdestroyed']
 ['7' '53.132634039215574' 'present']
 ['3' '65.97550349965631' 'present']
 ['23' '73.4975019851013' 'present']
 ['1' '73.74333267949325' 'present']
 ['21' '82.51628835984701' 'present']
 ['13' '90.55574809384665' 'present']
 ['15' '91.58816570554526' 'present']
 ['14' '94.04913675905803' 'present']
 ['13' '101.73649348028455' 'present']
 ['5' '107.25113719447386' 'marauded']
 ['19' '113.07299469574745' 'presentdestroyed']
 ['23' '132.9272353316511' 'marauded']
 ['15' '138.82117972664037' 'presentdestroyed']
 ['12' '140.6083878529805' 'presentdestroyed']
 ['23' '141.68385512534581' 'present']
 ['21' '145.15893872710757' 'marauded']
 ['18' '154.0893230052017' 'present']
 ['8' '158.74631922317502' 'present']
 ['5' '185.49033151224435' 'marauded']
 ['15' '191.12128933164792' 'presentdestroyed']
 ['13' '202.86538135916302' 'present']
 ['15' '217.9252332699851' 'marauded']
 ['20' '232.64864806315316' 'marauded']
 ['23' '248.50127680779127' 'present']
 ['6' '251.92674436009418' 'present']
 ['12' '252.37779009145532' 'present']
 ['14' '253.5596723657656' 'present']
 ['12' '254.01191110733885' 'present']
 ['6' '254.72407392863715' 'present']
 ['12' '259.79472193695807' 'present']
 ['3' '262.14396124732696' 'present']
 ['1' '263.84418859983714' 'present']
 ['20' '277.01598596908946' 'present']
 ['14' '289.9236013440775' 'present']
 ['14' '296.62756470158797' 'present']
 ['6' '300.79473801475285' 'marauded']
 ['3' '306.4897834417528' 'presentdestroyed']
 ['0' '316.0281554737815' 'present']
 ['19' '326.25493133669494' 'present']
 ['3' '327.52424269189123' 'marauded']
 ['6' '328.8590507047569' 'presentdestroyed']
 ['8' '330.40965061856645' 'presentdestroyed']
 ['3' '336.59418060711795' 'present']]","[['F62' '25.407415677471167' 'destroyed']
 ['F62' '25.414360121915607' 'destroyed']
 ['F70' '30.63164480637173' 'mated']
 ['F75' '48.29879832422652' 'absentdestroyed']
 ['F75' '48.30342795385615' 'absentdestroyed']
 ['F9' '92.68454024199558' 'absent']
 ['F32' '109.26285844660666' 'destroyed']
 ['F182' '121.02489673116568' 'mated']
 ['F49' '134.2561279418969' 'absentdestroyed']
 ['F208' '136.87856957310632' 'destroyed']
 ['F47' '140.9176369865348' '']
 ['F109' '144.92484453631778' 'mated']
 ['F142' '157.0200830462143' 'mated']
 ['F203' '168.32984587438972' 'absent']
 ['F24' '174.0389016863855' 'mated']
 ['F59' '224.01351269862045' 'destroyed']
 ['F141' '276.4659758866527' 'absent']
 ['F51' '279.66535865054743' 'mated']
 ['F211' '293.85145248245453' 'mated']]",572.0,70.67415580608069,14.531161903879251,1270.0,213.68173032703027,45.418702372189735,413.0,73.86003556027312,16.64717955628522,15.0,1.5000000000000002,0.15000000000000008,68.0,0.3148148148148148,0.0014574759945130303
12,0.054,11,360.1485847447751,"[['6' '8.751622139556542' 'present']
 ['13' '19.850874310523814' 'marauded']
 ['6' '34.88678408207905' 'present']
 ['16' '38.24445518868656' 'present']
 ['3' '39.677035253530185' 'present']
 ['13' '48.10100198859517' 'present']
 ['21' '58.64121790195546' 'present']
 ['18' '71.58663558708723' 'present']
 ['11' '73.81819388446834' 'marauded']
 ['23' '76.18455102564508' 'destroyed']
 ['23' '77.53583665941626' 'presentdestroyed']
 ['3' '84.26696678806655' 'present']
 ['14' '90.15701357899978' 'present']
 ['6' '100.25246886324699' 'present']
 ['11' '100.45433848636645' 'marauded']
 ['16' '114.11365579366016' 'present']
 ['16' '121.50940182917464' 'present']
 ['13' '126.66739607185224' 'present']
 ['21' '127.14240511414367' 'present']
 ['23' '130.08432178427273' 'marauded']
 ['19' '136.8065238604294' 'presentdestroyed']
 ['8' '151.07737612240746' 'present']
 ['18' '151.9130760842974' 'present']
 ['18' '152.1610680164574' 'present']
 ['13' '165.28224609208414' 'present']
 ['1' '165.45708413166616' 'present']
 ['7' '192.05604751673033' 'present']
 ['4' '196.57020430929512' 'present']
 ['18' '198.04896060746384' 'present']
 ['8' '202.41221960217555' 'present']
 ['16' '207.7030895903504' 'marauded']
 ['4' '208.4040195110385' 'presentdestroyed']
 ['16' '208.97280230568535' 'presentdestroyed']
 ['18' '214.01768492755502' 'presentdestroyed']
 ['19' '224.3691099234092' 'marauded']
 ['16' '232.59424810840065' 'present']
 ['1' '234.33918182178726' 'present']
 ['14' '235.1894885637074' 'present']
 ['1' '236.73912168891627' 'present']
 ['4' '243.0166323361392' 'marauded']
 ['16' '245.13185394334053' 'presentdestroyed']
 ['18' '248.52752037379437' 'presentdestroyed']
 ['14' '254.33587876758887' 'present']
 ['5' '264.0764380294845' 'present']
 ['15' '265.92612702962816' 'marauded']
 ['15' '267.80099530223794' 'presentdestroyed']
 ['23' '268.60870968461484' 'destroyed']
 ['14' '275.5208235989638' 'present']
 ['15' '275.5226545103016' 'present']
 ['18' '279.9656239037143' 'present']
 ['14' '292.17227914748224' 'present']
 ['5' '300.7460088925727' 'present']
 ['15' '311.6712046302426' 'present']
 ['21' '319.4086628901261' 'present']
 ['1' '324.6150680019' 'present']
 ['8' '336.9557819678333' 'present']
 ['7' '340.89002518567725' 'present']
 ['15' '344.3569518998391' 'present']
 ['23' '355.6092450019856' 'marauded']]","[['F138' '94.13802888287178' 'absent']
 ['F26' '104.86642233139801' 'absentdestroyed']
 ['F115' '110.72337246219297' 'mated']
 ['F5' '116.27234284068467' 'mated']
 ['F4' '127.033662222541' 'mated']
 ['F53' '128.29802191729374' 'absent']
 ['F179' '138.74194439905787' 'mated']
 ['F173' '145.66450573222386' 'mated']
 ['F100' '147.37826695596283' 'mated']
 ['F203' '168.3275310595749' 'absent']
 ['F200' '183.84538213839556' 'mated']
 ['F85' '190.9211542986891' 'absent']
 ['F185' '192.99599927862525' 'mated']
 ['F213' '257.5087191285087' 'mated']
 ['F143' '257.7470600292998' 'mated']
 ['F168' '324.803993422074' 'absent']
 ['F97' '330.90253574742025' 'mated']]",565.0,72.00406034415835,14.188887483345749,1389.0,234.1455202244391,49.398111337633765,311.0,52.45514019567718,11.32932879394079,11.0,1.0999999999999999,0.11000000000000004,79.0,0.365740740740741,0.0016932441700960204
13,0.054,9,360.0664055213248,"[['6' '3.6633190907810818' 'present']
 ['20' '12.08590083623806' 'present']
 ['21' '15.804506456402052' 'present']
 ['15' '21.60415289273707' 'present']
 ['18' '27.607850074924478' 'present']
 ['23' '27.90050079681831' 'marauded']
 ['20' '28.420254443729096' 'presentdestroyed']
 ['15' '28.569953611508517' 'presentdestroyed']
 ['11' '29.70782741469405' 'presentdestroyed']
 ['11' '34.11710653434101' 'destroyed']
 ['21' '45.15661039036482' 'present']
 ['6' '51.7450596132843' 'present']
 ['4' '64.90340747297832' 'present']
 ['15' '65.28609435331722' 'present']
 ['15' '66.08868223584007' 'present']
 ['3' '94.41166731404275' 'present']
 ['20' '109.1302036533269' 'present']
 ['16' '118.11922331408717' 'marauded']
 ['11' '124.31251621587525' 'destroyed']
 ['7' '125.59649663982002' 'present']
 ['5' '145.2919750692256' 'present']
 ['15' '147.03296386723602' 'marauded']
 ['19' '158.34175145061408' 'present']
 ['12' '159.43729938766558' 'present']
 ['12' '168.60002250983075' 'present']
 ['20' '168.60600393378047' 'present']
 ['1' '194.3918022008737' 'present']
 ['6' '194.53014256727275' 'present']
 ['7' '201.37744147372146' 'present']
 ['7' '204.6530934732464' 'present']
 ['8' '208.06963681821304' 'present']
 ['7' '209.83029467664153' 'present']
 ['20' '211.3728600670587' 'present']
 ['1' '212.12085149253187' 'present']
 ['12' '216.30236441354296' 'present']
 ['16' '216.59023404788945' 'marauded']
 ['4' '218.13935227914206' 'destroyed']
 ['7' '230.83903233785287' 'present']
 ['11' '257.8035485864226' 'present']
 ['21' '263.1279952853729' 'present']
 ['11' '267.15168088177467' 'marauded']
 ['14' '267.30537271599655' 'presentdestroyed']
 ['6' '268.7476361259696' 'presentdestroyed']
 ['18' '268.8059074554254' 'presentdestroyed']
 ['19' '269.39847823446274' 'presentdestroyed']
 ['14' '271.20764968330025' 'presentdestroyed']
 ['12' '273.6689561113525' 'presentdestroyed']
 ['0' '279.0401186444024' 'marauded']
 ['7' '282.3723492317831' 'presentdestroyed']
 ['18' '290.2656060150342' 'marauded']
 ['18' '297.3712120105049' 'presentdestroyed']
 ['11' '299.00505041005107' 'marauded']
 ['12' '299.797087931646' 'destroyed']
 ['20' '300.3449910344217' 'destroyed']
 ['3' '309.61131568296025' 'present']
 ['5' '311.28393813590645' 'present']
 ['14' '313.5321959352233' 'present']
 ['14' '314.1714147206929' 'present']
 ['6' '317.3919711751632' 'present']
 ['15' '324.71357837356913' 'present']
 ['3' '331.66639827779426' 'present']
 ['3' '349.0847825370892' 'present']]","[['F9' '92.68222542718077' 'absent']
 ['F64' '116.08468086746907' 'mated']
 ['F33' '116.19615675720405' 'absent']
 ['F147' '122.82322803170166' 'absentdestroyed']
 ['F55' '139.82437923084947' 'mated']
 ['F29' '164.14347007927887' 'mated']
 ['F161' '172.36526651288506' 'mated']
 ['F23' '189.01571586759397' 'mated']
 ['F196' '193.73377576847258' 'absent']
 ['F202' '206.66644922486677' 'mated']
 ['F30' '210.05575364021635' 'absent']
 ['F50' '225.315826173747' 'mated']
 ['F150' '233.20867413448815' 'absent']
 ['F3' '259.8082635131358' 'mated']
 ['F6' '261.8802100079289' 'absent']
 ['F214' '269.1201605164233' 'destroyed']
 ['F68' '352.22809613733295' 'mated']]",574.0,67.55912200429735,14.810364319490477,1409.0,242.45332496185708,53.26774389304112,286.0,48.79269062333494,10.513368076097656,9.0,0.8999999999999999,0.09000000000000002,84.0,0.38888888888888923,0.0018004115226337432
14,0.054,10,360.41098921726945,"[['1' '1.802156045150296' 'marauded']
 ['18' '7.787619003595594' 'destroyed']
 ['16' '10.699417949232004' 'present']
 ['3' '11.89045948411453' 'present']
 ['6' '20.521270791405755' 'marauded']
 ['15' '21.608782522366695' 'presentdestroyed']
 ['1' '25.15023637477401' 'presentdestroyed']
 ['7' '26.802303795493284' 'destroyed']
 ['18' '27.612479704554104' 'destroyed']
 ['15' '31.811806451106577' 'present']
 ['12' '41.64954208355476' 'present']
 ['21' '65.67647782596542' 'present']
 ['4' '68.73165596839598' 'present']
 ['3' '69.28055459217221' 'marauded']
 ['3' '70.89010758686027' 'presentdestroyed']
 ['4' '75.67091514410774' 'presentdestroyed']
 ['21' '78.17740823684245' 'marauded']
 ['23' '85.62153216846673' 'present']
 ['4' '91.36457935566018' 'present']
 ['3' '93.25291064070854' 'present']
 ['7' '99.68916154313231' 'present']
 ['6' '116.18732303045066' 'present']
 ['7' '116.24445249621039' 'present']
 ['5' '116.4138817212445' 'present']
 ['20' '118.2672617834429' 'marauded']
 ['13' '129.151466874683' 'present']
 ['8' '145.67980565474727' 'present']
 ['18' '166.02362214188426' 'present']
 ['7' '171.30763161900984' 'present']
 ['21' '177.989142621149' 'marauded']
 ['21' '178.61035381653383' 'presentdestroyed']
 ['3' '181.26814740853342' 'presentdestroyed']
 ['12' '196.02004751612208' 'present']
 ['11' '200.09667399127295' 'present']
 ['13' '201.08560123203526' 'present']
 ['1' '201.10185535363914' 'present']
 ['19' '205.33212511391963' 'present']
 ['1' '206.48684314282113' 'present']
 ['13' '215.20947402087765' 'present']
 ['12' '222.48158764463597' 'present']
 ['0' '224.17885867603206' 'present']
 ['19' '224.64503080834245' 'marauded']
 ['1' '224.6734728360337' 'destroyed']
 ['21' '227.75279715457452' 'presentdestroyed']
 ['23' '236.1810354560119' 'present']
 ['18' '236.35785566390499' 'marauded']
 ['7' '241.38493605605345' 'destroyed']
 ['0' '242.08375981736737' 'presentdestroyed']
 ['23' '242.9189819814831' 'presentdestroyed']
 ['7' '247.11536898506588' 'present']
 ['18' '256.8009411342839' 'present']
 ['11' '258.43023226865415' 'present']
 ['4' '263.1738626271891' 'present']
 ['5' '267.4747050205093' 'present']
 ['12' '275.5585652315999' 'marauded']
 ['0' '284.26720280473495' 'present']
 ['1' '289.5603602948166' 'present']
 ['5' '296.2241712454851' 'present']
 ['7' '299.931387462419' 'present']
 ['11' '315.67875515591254' 'present']
 ['4' '317.3770658121526' 'present']
 ['13' '318.1792081520292' 'present']
 ['13' '319.3402104795425' 'present']
 ['5' '323.78205341750737' 'present']
 ['0' '325.3498786354705' 'present']
 ['21' '327.48226138970006' 'present']
 ['6' '328.1808436060955' 'present']
 ['23' '329.3203571867623' 'present']
 ['5' '329.94021176851896' 'present']
 ['20' '330.8490117424514' 'present']
 ['5' '331.559124916605' 'present']
 ['1' '336.35445190293655' 'present']
 ['11' '339.9474185163448' 'present']
 ['16' '340.75699338352075' 'present']
 ['23' '340.7734155401751' 'present']
 ['16' '353.0717653441337' 'present']
 ['3' '355.2356541289634' 'marauded']]","[['F25' '103.5903222862235' 'mated']
 ['F28' '103.91256794582044' 'mated']
 ['F32' '109.26517326142147' 'mated']
 ['F117' '148.8572524995602' 'mated']
 ['F65' '193.25224041879466' 'mated']
 ['F152' '223.59622760628073' 'mated']
 ['F31' '240.9001691827666' 'destroyed']
 ['F204' '241.8917191959001' 'destroyed']
 ['F27' '272.3258242337698' 'mated']
 ['F44' '291.5357226471094' 'mated']
 ['F82' '307.99861252798433' 'mated']
 ['F131' '315.7239813004933' 'mated']]",572.0,71.46674657117097,14.262603147994678,1343.0,228.12155407804704,49.24339943127164,351.0,59.26488476536202,12.778695332196975,9.0,0.8999999999999999,0.09000000000000002,75.0,0.3472222222222224,0.0016075102880658422
15,0.054,10,360.02587616530093,"[['19' '3.0110314778839475' 'present']
 ['5' '4.054828806130536' 'present']
 ['12' '8.325041033903522' 'present']
 ['8' '16.96763430958486' 'present']
 ['14' '20.01626860005943' 'present']
 ['5' '30.66338092560615' 'present']
 ['8' '41.45072867495401' 'present']
 ['12' '50.64053238369546' 'present']
 ['16' '53.034252697859884' 'present']
 ['13' '56.77901709776925' 'present']
 ['3' '57.614739670793' 'present']
 ['13' '77.62148387859008' 'present']
 ['18' '77.92454611243679' 'marauded']
 ['0' '78.7972614835454' 'presentdestroyed']
 ['4' '80.03000739422181' 'destroyed']
 ['6' '81.52832829195337' 'presentdestroyed']
 ['23' '91.01916396662868' 'present']
 ['8' '97.63608933633753' 'present']
 ['21' '107.9955952943059' 'present']
 ['21' '114.66461437660745' 'marauded']
 ['12' '116.21589923588323' 'presentdestroyed']
 ['7' '116.66703803825051' 'presentdestroyed']
 ['18' '122.61115581396517' 'present']
 ['3' '122.87131652807872' 'present']
 ['18' '128.8836418598637' 'present']
 ['13' '133.3848855492215' 'present']
 ['23' '139.76827872292193' 'present']
 ['4' '151.01499408809875' 'present']
 ['1' '151.76762983680607' 'present']
 ['3' '156.44290444507683' 'marauded']
 ['3' '160.4569895235535' 'destroyed']
 ['12' '166.94997088837525' 'present']
 ['12' '170.09054384285383' 'marauded']
 ['14' '170.38491846747826' 'presentdestroyed']
 ['18' '175.6530101592215' 'presentdestroyed']
 ['11' '178.43219565970006' 'present']
 ['1' '182.8080144696129' 'marauded']
 ['18' '194.51802591383574' 'present']
 ['21' '194.85615546951348' 'present']
 ['8' '198.2583428299945' 'present']
 ['6' '223.17036605398192' 'present']
 ['13' '231.86712658606692' 'present']
 ['4' '246.57738480893687' 'present']
 ['11' '254.7169036590315' 'present']
 ['18' '255.43836760902335' 'present']
 ['0' '257.5794522753738' 'marauded']
 ['14' '261.61079998536036' 'presentdestroyed']
 ['13' '262.73469991198994' 'destroyed']
 ['13' '265.92004069913236' 'present']
 ['11' '271.8639448082155' 'present']
 ['5' '273.89919257089355' 'present']
 ['21' '275.7545374409023' 'present']
 ['8' '276.4804935066396' 'marauded']
 ['4' '280.6146359493216' 'presentdestroyed']
 ['5' '288.9000142200763' 'present']
 ['18' '298.2985059311834' 'marauded']
 ['23' '299.3245848671149' 'presentdestroyed']
 ['13' '313.544799620111' 'present']
 ['23' '326.718892744619' 'present']
 ['0' '343.4755113705734' 'present']
 ['16' '348.1937432575042' 'present']
 ['3' '351.77921926675555' 'present']]","[['F156' '36.43518074076545' 'absent']
 ['F33' '116.20078638683367' 'destroyed']
 ['F35' '148.90106177883678' 'mated']
 ['F41' '153.88042828344152' 'mated']
 ['F87' '161.04604669652605' 'destroyed']
 ['F12' '162.77835043110312' 'destroyed']
 ['F89' '179.89838996084464' 'mated']
 ['F200' '183.84306732358075' 'absentdestroyed']
 ['F102' '200.61362559477578' 'mated']
 ['F187' '204.3455718313364' 'mated']
 ['F86' '206.80275519143618' 'mated']
 ['F204' '241.8963488255297' 'mated']
 ['F141' '276.46366107183786' 'absent']
 ['F45' '293.26412609244596' 'mated']
 ['F170' '345.81117324215114' 'mated']
 ['F154' '353.063096373293' 'mated']]",555.0,71.35486052538825,14.803492028590798,1443.0,238.19012790111768,50.01872172050555,283.0,48.903195796580775,10.578991694131355,12.0,1.2,0.12000000000000005,76.0,0.351851851851852,0.0016289437585733867
16,0.054,6,360.3998427462447,"[['13' '5.3270650687107235' 'present']
 ['23' '11.008055271306615' 'present']
 ['12' '12.989368790724038' 'present']
 ['7' '19.260620001231246' 'marauded']
 ['4' '19.964744750829897' 'presentdestroyed']
 ['3' '30.02474892883428' 'present']
 ['21' '32.49734098342219' 'present']
 ['14' '35.04604894108147' 'present']
 ['15' '43.2522241112699' 'present']
 ['8' '51.576372975251054' 'present']
 ['12' '51.78377355408529' 'present']
 ['15' '69.29152435381853' 'present']
 ['7' '69.6144044675564' 'present']
 ['4' '69.63387055774461' 'present']
 ['19' '71.72635225356474' 'present']
 ['3' '73.3394453700002' 'marauded']
 ['18' '80.94203881138029' 'presentdestroyed']
 ['21' '87.2425222726814' 'marauded']
 ['6' '100.60480505360516' 'present']
 ['15' '105.42778414540808' 'marauded']
 ['3' '106.55644637355763' 'presentdestroyed']
 ['3' '106.75617437134454' 'destroyed']
 ['0' '126.9528403955373' 'present']
 ['4' '136.41921590998624' 'marauded']
 ['11' '142.5075395744741' 'presentdestroyed']
 ['20' '154.55052248954857' 'present']
 ['4' '159.97038842311505' 'present']
 ['20' '164.08424653594426' 'present']
 ['7' '164.57529630180318' 'present']
 ['15' '165.06868450316563' 'present']
 ['8' '166.05192700198685' 'marauded']
 ['21' '167.63186533496747' 'presentdestroyed']
 ['13' '174.20452123419938' 'present']
 ['4' '182.59710552965407' 'present']
 ['4' '183.23981433609453' 'present']
 ['6' '193.45258563484506' 'present']
 ['3' '197.6023438579379' 'present']
 ['23' '202.55310857967524' 'present']
 ['11' '206.26116436261685' 'present']
 ['3' '215.51853716449344' 'present']
 ['6' '219.452282035349' 'present']
 ['7' '220.4047125640538' 'marauded']
 ['13' '224.1427105961973' 'presentdestroyed']
 ['1' '233.06916481368' 'present']
 ['13' '236.2991862426604' 'present']
 ['4' '244.02897893446672' 'present']
 ['15' '246.94089833954402' 'present']
 ['8' '262.088917869248' 'present']
 ['6' '265.3202595557641' 'present']
 ['14' '270.0533057093247' 'present']
 ['6' '271.3653259770617' 'present']
 ['6' '283.3909036502492' 'present']
 ['20' '298.849819603724' 'present']
 ['13' '313.54016999048133' 'present']
 ['15' '314.1505824513654' 'present']
 ['21' '320.9181842422432' 'present']
 ['5' '322.89296481212017' 'marauded']
 ['21' '326.00200764380236' 'presentdestroyed']
 ['3' '326.709585140383' 'presentdestroyed']
 ['20' '327.54618236805635' 'presentdestroyed']
 ['13' '336.81513292676044' 'present']
 ['3' '342.3501091748885' 'present']
 ['6' '356.4153343163503' 'present']
 ['3' '356.4274852809204' 'present']
 ['21' '358.84354847084745' 'present']]","[['F62' '25.40973049228598' 'absentdestroyed']
 ['F156' '36.43981037039509' 'absent']
 ['F62' '37.41898975154523' 'mated']
 ['F195' '57.96186251475785' 'mated']
 ['F56' '130.21003091379552' 'mated']
 ['F58' '143.94550078308413' 'mated']
 ['F191' '144.19546069436635' 'mated']
 ['F163' '279.83603372701987' 'mated']
 ['F168' '324.80167860725913' 'destroyed']]",560.0,69.0180133856412,14.098339889162704,1428.0,240.9780891395976,51.139434584606754,281.0,48.921960905482926,10.572357123026984,8.0,0.7999999999999999,0.08000000000000002,82.0,0.3796296296296299,0.001757544581618654
17,0.0,8,360.32715458238124,"[['1' '3.1936402750208717' 'present']
 ['13' '5.951591463868094' 'present']
 ['16' '12.156621080075055' 'present']
 ['8' '16.351002805152344' 'present']
 ['1' '24.913692697597856' 'present']
 ['13' '27.887288913548865' 'marauded']
 ['6' '29.40303315621453' 'presentdestroyed']
 ['11' '32.55002790327013' 'presentdestroyed']
 ['4' '37.5413780458385' 'marauded']
 ['1' '39.971742315989246' 'destroyed']
 ['4' '47.035133615368984' 'present']
 ['6' '53.48079203029541' 'present']
 ['13' '53.99071694508132' 'present']
 ['13' '54.58573641150874' 'present']
 ['1' '62.13796522976248' 'marauded']
 ['12' '67.14762641790043' 'presentdestroyed']
 ['6' '69.51730446074345' 'marauded']
 ['21' '74.72550952836268' 'presentdestroyed']
 ['5' '78.4879766590801' 'present']
 ['18' '86.66929300596183' 'present']
 ['1' '95.04928749855031' 'present']
 ['18' '116.41238253724777' 'present']
 ['23' '121.71881994614351' 'present']
 ['19' '122.83932799522432' 'present']
 ['4' '125.30332192484187' 'present']
 ['6' '131.56789045950265' 'present']
 ['3' '133.21518660671944' 'present']
 ['4' '139.2597319411084' 'present']
 ['13' '140.57573214952654' 'present']
 ['4' '143.17217091933333' 'marauded']
 ['20' '152.71583969518824' 'present']
 ['18' '154.88304290856334' 'present']
 ['7' '155.35620673142904' 'marauded']
 ['13' '156.16200739204203' 'presentdestroyed']
 ['11' '160.19618985359753' 'destroyed']
 ['16' '162.42007450223747' 'presentdestroyed']
 ['23' '162.45557997359188' 'presentdestroyed']
 ['18' '167.3971930878757' 'present']
 ['0' '176.04975697065726' 'marauded']
 ['18' '193.11659769814545' 'present']
 ['6' '201.06495886905103' 'present']
 ['19' '206.16142620608105' 'present']
 ['6' '206.7601781621675' 'present']
 ['3' '214.66811912467577' 'present']
 ['12' '215.27704997213968' 'present']
 ['8' '215.79398275172056' 'marauded']
 ['1' '224.44123733955263' 'present']
 ['20' '240.32106659259188' 'present']
 ['23' '256.51512206711817' 'present']
 ['1' '256.90820501063035' 'present']
 ['12' '264.03348106968036' 'present']
 ['6' '264.8306626148711' 'present']
 ['11' '272.3333700822719' 'marauded']
 ['3' '277.6627317203199' 'presentdestroyed']
 ['18' '284.08961612781445' 'present']
 ['12' '290.61208842203695' 'present']
 ['18' '295.1027842761864' 'present']
 ['23' '296.82630228281914' 'present']
 ['13' '318.7022578576243' 'present']
 ['13' '329.6427594543164' 'present']
 ['23' '334.78804695010416' 'present']
 ['5' '337.80903815421476' 'present']
 ['3' '338.69325648161174' 'present']
 ['8' '338.71536461320017' 'present']
 ['12' '350.0015483988395' 'present']
 ['12' '350.9630080705964' 'present']
 ['23' '354.8407347822802' 'present']]","[['F125' '105.11999316671603' 'mated']
 ['F7' '110.7556003080753' 'mated']
 ['F189' '142.86498647348432' 'mated']
 ['F54' '159.34095852669313' 'destroyed']
 ['F72' '212.6997465670993' 'absent']
 ['F198' '215.44262532321093' 'mated']
 ['F66' '253.43206211299278' 'mated']
 ['F21' '279.8067052109157' 'mated']
 ['F80' '288.6786154676092' 'mated']
 ['F60' '290.6024469334148' 'mated']]",564.0,70.74974708806005,14.011849629635092,1380.0,234.46839539937503,50.50214540116241,315.0,54.981093160743804,11.876899668153412,0.0,0.0,0.0,0.0,0.0,0.0
18,0.054,13,359.9519273264928,"[['5' '6.607271616662949' 'present']
 ['0' '11.079475030766718' 'present']
 ['20' '13.832035003503181' 'present']
 ['23' '14.878230158256489' 'present']
 ['1' '20.625804647929694' 'present']
 ['23' '25.44501915436957' 'present']
 ['1' '33.393842893070136' 'present']
 ['3' '40.305691206756734' 'present']
 ['3' '50.14369417610772' 'present']
 ['15' '50.31273176543395' 'present']
 ['6' '72.45647761725684' 'present']
 ['16' '85.72478224451646' 'present']
 ['3' '90.30757507616605' 'present']
 ['3' '91.93080414610087' 'present']
 ['12' '100.35728873451626' 'marauded']
 ['19' '104.72869634570037' 'presentdestroyed']
 ['8' '111.52552728893329' 'present']
 ['19' '123.92792307538248' 'present']
 ['20' '125.59100344111967' 'present']
 ['4' '126.32529123853136' 'present']
 ['1' '128.64569801671885' 'present']
 ['23' '129.97969215464312' 'marauded']
 ['4' '130.01674381834357' 'destroyed']
 ['0' '131.78368788180447' 'presentdestroyed']
 ['15' '137.50260904691532' 'presentdestroyed']
 ['19' '138.11685504013124' 'present']
 ['12' '144.62538537463854' 'present']
 ['16' '146.84232214202592' 'present']
 ['7' '151.3285530639704' 'present']
 ['12' '151.4451463593733' 'present']
 ['6' '155.6455350211441' 'present']
 ['20' '162.77107810825436' 'present']
 ['19' '163.23566032545253' 'present']
 ['6' '176.78013250426167' 'marauded']
 ['8' '191.3439217820668' 'present']
 ['3' '197.29146807860928' 'present']
 ['6' '200.02604354217897' 'marauded']
 ['23' '200.29219843869262' 'presentdestroyed']
 ['5' '200.89210089676322' 'presentdestroyed']
 ['19' '219.87499650009363' 'present']
 ['8' '221.21884350147562' 'present']
 ['12' '234.44624949045263' 'present']
 ['23' '234.47411184287944' 'present']
 ['23' '237.20051072939373' 'marauded']
 ['15' '237.57732130738924' 'presentdestroyed']
 ['19' '245.70520041937544' 'present']
 ['6' '259.7622401631112' 'present']
 ['14' '266.630743577986' 'present']
 ['3' '271.29813812053067' 'present']
 ['21' '273.1818465738995' 'present']
 ['5' '287.43985229276456' 'present']
 ['21' '291.49037720784486' 'present']
 ['21' '299.156238439121' 'marauded']
 ['23' '302.78177666201054' 'destroyed']
 ['16' '307.15274606331207' 'present']
 ['5' '310.6576336859303' 'present']
 ['1' '332.14396949259634' 'present']
 ['14' '340.59747819881426' 'present']
 ['20' '340.8796685934891' 'marauded']
 ['8' '341.7494751650172' 'presentdestroyed']
 ['12' '352.06382254891764' 'marauded']
 ['16' '353.06713571450405' 'presentdestroyed']
 ['11' '354.67583633611406' 'presentdestroyed']
 ['7' '357.97979010514973' 'presentdestroyed']
 ['8' '358.1223081688877' 'destroyed']]","[['F70' '30.62932999155692' 'absent']
 ['F113' '31.326991828919606' 'mated']
 ['F129' '31.85407480601842' 'mated']
 ['F156' '36.4421251852099' 'mated']
 ['F18' '66.20694873080043' 'mated']
 ['F64' '116.08005123783946' 'absent']
 ['F155' '123.35191907147606' 'absent']
 ['F145' '129.62384830667673' 'mated']
 ['F208' '136.8762547582915' 'destroyed']
 ['F167' '139.1047460013222' 'mated']
 ['F12' '162.78298006073274' 'mated']
 ['F128' '193.17182815820783' 'mated']
 ['F59' '224.01582751343526' 'mated']
 ['F175' '232.90803540540813' 'mated']
 ['F150' '233.21098894930296' 'mated']
 ['F48' '246.46686728949044' 'mated']
 ['F63' '247.1871328933469' 'mated']]",560.0,73.73787363338356,16.089463080244183,1369.0,235.82824557782425,51.5756336199729,274.0,49.047776385316986,10.838793442431577,10.0,0.9999999999999999,0.10000000000000003,84.0,0.38888888888888923,0.0018004115226337432
19,0.054,9,360.5066679247539,"[['16' '10.86027508546215' 'marauded']
 ['14' '13.865261330092544' 'presentdestroyed']
 ['13' '14.170642534111774' 'presentdestroyed']
 ['3' '24.28072824086073' 'present']
 ['20' '30.998274857274705' 'present']
 ['18' '37.04069697429014' 'marauded']
 ['3' '46.81909906804747' 'marauded']
 ['0' '52.44234701003063' 'presentdestroyed']
 ['23' '55.33348129982776' 'present']
 ['1' '56.13403193568526' 'marauded']
 ['16' '59.78413385902856' 'presentdestroyed']
 ['20' '72.94784198728541' 'present']
 ['16' '84.36349730000023' 'present']
 ['7' '86.90863634569709' 'present']
 ['6' '90.26651100892026' 'present']
 ['18' '95.47388284620914' 'present']
 ['11' '95.50869246703425' 'present']
 ['1' '105.13114180278953' 'present']
 ['14' '107.81102866981622' 'present']
 ['14' '109.22420576441164' 'present']
 ['6' '111.12376553950739' 'present']
 ['6' '113.80120459626517' 'present']
 ['16' '114.38716386185146' 'present']
 ['21' '116.38899980505126' 'present']
 ['12' '121.92215444862013' 'present']
 ['20' '123.47458634437675' 'present']
 ['3' '127.16443660495415' 'present']
 ['0' '127.74909559208325' 'present']
 ['5' '129.9312929527555' 'present']
 ['16' '132.6742856463709' 'present']
 ['15' '135.8756092570017' 'present']
 ['0' '139.08408673373594' 'present']
 ['16' '144.74883226195024' 'present']
 ['14' '166.62016691282534' 'present']
 ['16' '180.2303775446366' 'present']
 ['1' '185.48084397750378' 'present']
 ['16' '186.68400542005423' 'marauded']
 ['3' '189.19488205629744' 'presentdestroyed']
 ['3' '191.8754979082894' 'destroyed']
 ['21' '206.9563078817692' 'present']
 ['7' '223.08282031793863' 'present']
 ['18' '223.44276095938366' 'present']
 ['8' '224.1445057610043' 'present']
 ['13' '232.34298811591492' 'present']
 ['6' '236.93419352223492' 'present']
 ['11' '265.77328267190717' 'present']
 ['23' '266.3326237990502' 'present']
 ['18' '274.9542949236474' 'marauded']
 ['0' '279.6288450150525' 'destroyed']
 ['14' '292.9749474216025' 'present']
 ['15' '308.7406020990368' 'present']
 ['23' '309.93479264908194' 'marauded']
 ['5' '309.9559289965372' 'destroyed']
 ['7' '340.8946548153069' 'marauded']
 ['8' '346.9724491625131' 'presentdestroyed']
 ['11' '347.34015577123057' 'destroyed']
 ['4' '352.1866427369272' 'present']
 ['23' '358.1149183772026' 'present']
 ['11' '359.546949512679' 'present']]","[['F62' '25.41667493673042' 'absent']
 ['F110' '93.20850204626814' 'mated']
 ['F197' '116.73700214241322' 'absent']
 ['F147' '122.82554284651647' 'mated']
 ['F67' '123.21692149272101' 'mated']
 ['F53' '128.30033673210855' 'mated']
 ['F121' '183.78244883488662' 'mated']
 ['F128' '193.16951334339302' 'destroyed']
 ['F86' '206.80044037662137' 'absent']
 ['F88' '211.8722115039368' 'mated']
 ['F13' '217.16536020774566' 'mated']
 ['F95' '230.303840926433' 'mated']
 ['F178' '252.8874722997985' 'mated']
 ['F10' '276.5153007757453' 'destroyed']
 ['F168' '324.80862305170365' 'absent']]",562.0,72.3591513521741,15.253010867792725,1428.0,237.67528459481528,50.187705935759936,294.0,48.943851120318385,10.1663086766631,8.0,0.7999999999999999,0.08000000000000002,64.0,0.2962962962962962,0.001371742112482852
20,0.054,12,360.450376450523,"[['8' '28.83960791419377' 'present']
 ['19' '31.093197326664537' 'present']
 ['0' '33.30143821626957' 'present']
 ['1' '33.79710007533861' 'marauded']
 ['23' '52.9835120743395' 'marauded']
 ['18' '64.1705327091424' 'present']
 ['0' '67.93086031685228' 'present']
 ['0' '69.34791788976425' 'present']
 ['1' '71.20067401698029' 'present']
 ['4' '75.15572598969615' 'marauded']
 ['13' '83.33008156919173' 'present']
 ['4' '96.19860560391054' 'present']
 ['11' '100.44970885673683' 'present']
 ['14' '101.67138525147782' 'present']
 ['1' '104.27070790769795' 'present']
 ['13' '109.64445300735014' 'marauded']
 ['23' '113.96482056142827' 'presentdestroyed']
 ['11' '126.08758368982345' 'marauded']
 ['23' '129.8047542915082' 'presentdestroyed']
 ['4' '130.56182335857375' 'presentdestroyed']
 ['19' '132.05969680552346' 'presentdestroyed']
 ['14' '132.58876060690727' 'presentdestroyed']
 ['6' '136.84377649780322' 'present']
 ['19' '138.1599376700547' 'present']
 ['16' '150.84014259341583' 'present']
 ['7' '152.1055998799679' 'present']
 ['0' '156.378366069498' 'present']
 ['14' '164.19388075772218' 'present']
 ['5' '191.46438208662997' 'marauded']
 ['7' '194.8341912569968' 'presentdestroyed']
 ['0' '197.38189704964603' 'presentdestroyed']
 ['5' '203.22330139179195' 'present']
 ['8' '221.38930834754925' 'present']
 ['7' '222.19233666425123' 'present']
 ['1' '241.65342958724318' 'present']
 ['0' '246.08626977600295' 'present']
 ['14' '250.31664344896885' 'marauded']
 ['11' '253.4897276702341' 'presentdestroyed']
 ['12' '254.48363538172478' 'presentdestroyed']
 ['0' '256.0332244740226' 'presentdestroyed']
 ['6' '258.4266044596348' 'marauded']
 ['13' '263.0434999385529' 'presentdestroyed']
 ['16' '267.64267357478155' 'marauded']
 ['8' '268.33954239422246' 'presentdestroyed']
 ['18' '281.0854484313479' 'present']
 ['16' '283.1199123436195' 'present']
 ['18' '284.3609225120112' 'present']
 ['7' '286.6025297736618' 'present']
 ['15' '286.960902318354' 'present']
 ['12' '288.7688850649608' 'marauded']
 ['21' '290.9351400525222' 'presentdestroyed']
 ['14' '296.36720978928366' 'present']
 ['0' '302.41839113675724' 'present']
 ['8' '308.73264473525853' 'present']
 ['23' '316.93479660859776' 'present']
 ['4' '319.4571843211478' 'present']
 ['0' '329.74737558483514' 'present']
 ['18' '332.1510319930319' 'present']
 ['3' '332.6837239327754' 'marauded']
 ['5' '335.01482329334806' 'destroyed']
 ['8' '339.1048633957262' 'destroyed']
 ['6' '350.25061188126557' 'marauded']
 ['13' '351.602899324849' 'presentdestroyed']
 ['7' '357.0354350213742' 'destroyed']]","[['F151' '26.826647887144194' 'mated']
 ['F74' '65.51186319839672' 'mated']
 ['F126' '72.35480014340042' 'mated']
 ['F180' '93.42108458532098' 'mated']
 ['F103' '109.97181551816618' 'destroyed']
 ['F215' '113.69376320261345' 'destroyed']
 ['F207' '152.97801740435898' 'mated']
 ['F176' '179.41179583362245' 'mated']
 ['F116' '190.94295874135213' 'mated']
 ['F120' '206.53036965133748' 'mated']
 ['F72' '212.70206138191412' 'mated']
 ['F84' '227.7307412930322' 'mated']
 ['F112' '234.16443339279812' 'mated']
 ['F157' '237.38106400919762' 'mated']
 ['F98' '252.3492542119741' 'destroyed']
 ['F6' '261.87789519311406' 'destroyed']]",573.0,68.37584850607051,13.626473967977176,1277.0,217.05321873525165,46.398896685047006,432.0,73.48017843403423,15.832673103513008,8.0,0.7999999999999999,0.08000000000000002,84.0,0.38888888888888923,0.0018004115226337432
21,0.054,9,360.55086319785033,"[['14' '0.8943134624684678' 'marauded']
 ['20' '12.903001165443198' 'present']
 ['13' '23.789328280131365' 'marauded']
 ['1' '25.69323044196552' 'presentdestroyed']
 ['18' '29.817052188545134' 'presentdestroyed']
 ['15' '33.32068663865983' 'marauded']
 ['18' '42.512100434016695' 'present']
 ['19' '46.396915586560326' 'present']
 ['7' '46.93152968150932' 'present']
 ['13' '52.44510358397388' 'present']
 ['14' '58.31201153154239' 'present']
 ['5' '61.45876362802901' 'present']
 ['18' '64.77302254944422' 'present']
 ['23' '67.93068878021317' 'present']
 ['16' '73.05632056453395' 'present']
 ['6' '74.30636986064594' 'present']
 ['13' '75.09499098077849' 'present']
 ['13' '80.01834609258798' 'present']
 ['11' '92.15706402535868' 'present']
 ['15' '95.68646869858725' 'present']
 ['14' '99.23140512931381' 'marauded']
 ['23' '99.92945633767101' 'presentdestroyed']
 ['1' '102.30735959985813' 'presentdestroyed']
 ['3' '117.84323145364323' 'present']
 ['13' '117.8439543273561' 'present']
 ['15' '126.81267634980952' 'present']
 ['5' '127.04026910414562' 'present']
 ['4' '128.52841598571547' 'marauded']
 ['20' '133.96148845759524' 'presentdestroyed']
 ['4' '134.20813692158484' 'presentdestroyed']
 ['20' '135.61498854789735' 'presentdestroyed']
 ['14' '146.17261341659813' 'marauded']
 ['16' '152.21512694872553' 'presentdestroyed']
 ['20' '152.47365258023606' 'presentdestroyed']
 ['4' '156.16708948052732' 'present']
 ['13' '166.61503841039303' 'present']
 ['7' '171.70542736880094' 'present']
 ['1' '178.60933299773012' 'marauded']
 ['15' '194.05369435263734' 'present']
 ['1' '203.6997348830115' 'present']
 ['18' '207.67387593143434' 'present']
 ['16' '212.23246796883518' 'present']
 ['12' '215.7749179963446' 'present']
 ['3' '223.47147585301386' 'present']
 ['7' '228.62738417451914' 'present']
 ['7' '229.73749660631077' 'marauded']
 ['12' '254.47900575209516' 'present']
 ['18' '259.5683821204092' 'present']
 ['3' '260.549701268396' 'present']
 ['7' '265.68716984796566' 'marauded']
 ['14' '266.6261139483563' 'presentdestroyed']
 ['6' '277.43394683218924' 'present']
 ['0' '288.41209228447207' 'present']
 ['23' '291.991375178702' 'present']
 ['5' '292.33389332070254' 'present']
 ['23' '300.6126867435951' 'marauded']
 ['5' '305.4482599634573' 'destroyed']
 ['20' '311.174507209057' 'present']
 ['14' '317.6324902522285' 'present']
 ['15' '318.2894157442585' 'present']
 ['6' '321.52084927968644' 'present']
 ['19' '322.7754958138733' 'present']
 ['1' '333.66063415951476' 'present']
 ['6' '336.67214104057746' 'marauded']
 ['14' '341.6682928255522' 'destroyed']
 ['1' '343.205709778693' 'presentdestroyed']
 ['20' '343.6197419135337' 'presentdestroyed']
 ['8' '345.4532079604236' 'present']
 ['20' '348.75610889823344' 'present']
 ['23' '351.7398975142576' 'present']
 ['13' '355.33628132912474' 'present']
 ['13' '355.63134428437263' 'present']
 ['0' '359.73658160303813' 'present']]","[['F159' '39.72564481995458' 'destroyed']
 ['F74' '65.50954838358192' 'absent']
 ['F181' '94.07071663737338' 'mated']
 ['F81' '98.75898432962819' 'absent']
 ['F26' '104.87105196102763' 'absentdestroyed']
 ['F183' '124.01309565092137' 'absent']
 ['F167' '139.1024311865074' 'absent']
 ['F100' '147.3736373263332' 'destroyed']
 ['F184' '163.4305011583372' 'mated']
 ['F43' '165.73075785574832' 'absent']
 ['F37' '169.44945214412468' 'mated']
 ['F71' '169.56876219619477' 'mated']
 ['F133' '175.69664933238604' 'mated']
 ['F90' '177.10027256524972' 'mated']
 ['F20' '195.2923167541135' 'mated']
 ['F92' '199.90595349782555' 'mated']
 ['F36' '207.2693521788102' 'mated']]",552.0,70.60785973236119,14.02781165676882,1308.0,220.98152862853408,47.328206133618096,384.0,66.77586867119176,14.520534510739052,14.0,1.4000000000000001,0.14000000000000007,76.0,0.351851851851852,0.0016289437585733867
22,0.0,6,360.45913071051035,"[['18' '5.598792605062694' 'present']
 ['3' '27.716954392804503' 'present']
 ['5' '30.374319095583353' 'present']
 ['14' '33.710859351300805' 'present']
 ['13' '38.82320417925075' 'present']
 ['7' '46.165322713846294' 'marauded']
 ['4' '47.78268066432404' 'presentdestroyed']
 ['8' '49.10873459940719' 'presentdestroyed']
 ['13' '52.45436284323315' 'presentdestroyed']
 ['15' '53.14915792045619' 'presentdestroyed']
 ['8' '62.55499273678246' 'present']
 ['18' '67.85878074722821' 'present']
 ['21' '69.30904378250197' 'present']
 ['11' '81.04338715959831' 'marauded']
 ['14' '98.2123670409044' 'present']
 ['1' '98.59900290897377' 'marauded']
 ['14' '100.09357654259199' 'presentdestroyed']
 ['3' '106.76080400097416' 'present']
 ['3' '120.2366666079669' 'present']
 ['7' '121.75879315454887' 'marauded']
 ['19' '126.1564354855058' 'presentdestroyed']
 ['3' '135.45398546892656' 'marauded']
 ['14' '138.99083761120824' 'presentdestroyed']
 ['12' '153.71756470775014' 'present']
 ['18' '164.57598498097985' 'present']
 ['5' '187.01597911658314' 'present']
 ['19' '199.30169553195157' 'present']
 ['20' '199.54958573031294' 'marauded']
 ['16' '201.04639294404785' 'presentdestroyed']
 ['6' '205.14747787260515' 'presentdestroyed']
 ['18' '215.95882607176532' 'present']
 ['18' '223.43350170012442' 'present']
 ['7' '239.43332464939382' 'present']
 ['7' '239.71190529080278' 'present']
 ['20' '240.82267295058003' 'present']
 ['19' '246.31355667144035' 'marauded']
 ['6' '253.0156260560314' 'presentdestroyed']
 ['8' '264.6886054020727' 'present']
 ['19' '271.088426050832' 'present']
 ['19' '272.2208176587631' 'marauded']
 ['5' '273.9038222005232' 'presentdestroyed']
 ['1' '284.5033244729289' 'present']
 ['14' '292.1769087771119' 'marauded']
 ['7' '316.53005873754313' 'marauded']
 ['20' '317.0615316858306' 'presentdestroyed']
 ['5' '320.2983544592811' 'destroyed']
 ['23' '325.91174712371344' 'present']
 ['13' '329.6381298246867' 'present']
 ['12' '346.3624055883699' 'present']
 ['5' '356.64156144381866' 'present']
 ['23' '358.4012287344317' 'present']]","[['F159' '39.7279596347694' 'absent']
 ['F81' '98.75666951481338' 'destroyed']
 ['F81' '98.761299144443' 'destroyed']
 ['F107' '101.40034067853931' 'destroyed']
 ['F134' '101.43180774262177' 'destroyed']
 ['F17' '103.82723362811102' 'destroyed']
 ['F26' '104.8617927017684' 'destroyed']
 ['F67' '123.2146066779062' 'destroyed']
 ['F167' '139.1001163716926' 'destroyed']
 ['F104' '147.31988670753026' 'mated']
 ['F201' '154.02211665854054' 'mated']
 ['F43' '165.73307267056313' 'mated']
 ['F132' '211.4887876141688' 'mated']
 ['F213' '257.50640431369385' 'absent']
 ['F79' '264.05453629321767' 'mated']
 ['F153' '300.3255359174797' 'absent']
 ['F172' '302.28471996969137' 'mated']]",570.0,73.71612470460205,16.377826533589282,1359.0,225.1340133671465,46.975911547657134,370.0,61.170447257095084,12.665104435692038,0.0,0.0,0.0,0.0,0.0,0.0
23,0.054,6,360.143734573309,"[['5' '1.3027242631828142' 'marauded']
 ['13' '11.114795837599393' 'present']
 ['3' '12.958567045501157' 'present']
 ['20' '24.813977551517215' 'present']
 ['3' '25.464280013215138' 'present']
 ['4' '43.66853208853503' 'present']
 ['21' '45.16124001999445' 'present']
 ['16' '70.5325795917275' 'present']
 ['21' '74.57272736651046' 'present']
 ['6' '87.555964402887' 'present']
 ['18' '91.23960418164519' 'marauded']
 ['8' '118.85507186083662' 'present']
 ['3' '127.7989966088887' 'present']
 ['15' '128.3372360811799' 'present']
 ['12' '141.79716843719868' 'present']
 ['0' '142.0691702819201' 'present']
 ['20' '144.28196900961098' 'present']
 ['8' '150.46822428506815' 'marauded']
 ['14' '154.24386115167079' 'presentdestroyed']
 ['15' '166.01482848536764' 'marauded']
 ['19' '176.4061798842552' 'present']
 ['3' '177.14246538830602' 'marauded']
 ['20' '177.40223275110242' 'destroyed']
 ['8' '191.3485514116964' 'present']
 ['15' '197.39147274178137' 'present']
 ['20' '199.71426327442995' 'present']
 ['1' '203.08722355862528' 'present']
 ['21' '203.97553473845258' 'marauded']
 ['21' '207.7554980625118' 'presentdestroyed']
 ['11' '215.6658734235668' 'marauded']
 ['7' '231.35911748847266' 'present']
 ['14' '233.84608137046303' 'present']
 ['13' '240.295089673355' 'present']
 ['7' '246.9254257710547' 'present']
 ['5' '258.7971891990685' 'marauded']
 ['19' '260.7237506223526' 'presentdestroyed']
 ['7' '263.55913164774273' 'presentdestroyed']
 ['0' '267.19566226397257' 'present']
 ['16' '268.3188833397132' 'present']
 ['18' '269.65042583422235' 'present']
 ['6' '275.6102150246642' 'marauded']
 ['20' '279.8776734953568' 'presentdestroyed']
 ['0' '280.63553608996045' 'presentdestroyed']
 ['7' '286.5979001440321' 'present']
 ['4' '288.11588507471066' 'present']
 ['12' '290.6829307142349' 'present']
 ['19' '295.76111221649967' 'present']
 ['0' '298.03370495504817' 'present']
 ['5' '298.506912429771' 'present']
 ['4' '304.6819452869026' 'present']
 ['16' '314.4953925068836' 'present']
 ['11' '315.300264638421' 'present']
 ['21' '319.4040332604964' 'present']
 ['0' '341.4564173371369' 'present']
 ['5' '341.6510890006311' 'present']]","[['F181' '94.06840182255857' 'destroyed']
 ['F107' '101.40265549335412' 'mated']
 ['F47' '140.9199518013496' 'mated']
 ['F87' '161.04373188171124' 'absent']
 ['F184' '163.42587152870757' 'absent']
 ['F106' '179.2078740934811' 'destroyed']
 ['F130' '198.81934417526637' 'mated']
 ['F135' '200.36467790263842' 'mated']
 ['F79' '264.0522214784028' 'destroyed']
 ['F214' '269.1178457016085' 'absent']
 ['F139' '290.5223230342159' 'mated']
 ['F78' '318.30598626065023' 'mated']]",544.0,74.60329866714144,16.76931003800877,1332.0,228.78031208508511,49.36330138425159,329.0,54.732523578537474,11.420659965581246,16.0,1.6000000000000003,0.1600000000000001,87.0,0.4027777777777782,0.0018647119341563768
