id,probability_maraud,successful_mating,next_foraging_time,mar_attempts,mate_attempts,foraging_events,foraging_hrs,foraging_sqhrs,staying_events,staying_hrs,staying_sqhrs,repairing_events,repairing_hrs,repairing_sqhrs,marauding_events,marauding_hrs,marauding_sqhrs,traveling_events,traveling_hrs,traveling_sqhrs
0,0.054,9,360.2151067503858,"[['19' '2.0859853279045044' 'present']
 ['23' '5.4076027010321805' 'present']
 ['19' '8.41941228149155' 'present']
 ['20' '26.58760293579285' 'present']
 ['16' '29.01892765649758' 'marauded']
 ['18' '30.232099142063387' 'presentdestroyed']
 ['15' '30.94250320488621' 'presentdestroyed']
 ['13' '39.58268068187734' 'marauded']
 ['12' '49.9406100022562' 'present']
 ['11' '51.08743251041787' 'present']
 ['19' '51.49311100425252' 'present']
 ['11' '55.00533453178371' 'present']
 ['14' '57.97348327452947' 'present']
 ['9' '58.93993603271921' 'present']
 ['14' '60.700745792844124' 'present']
 ['16' '61.82451464819738' 'marauded']
 ['14' '73.06769616829746' 'present']
 ['14' '77.78076624690212' 'present']
 ['19' '92.25636470512792' 'present']
 ['6' '95.83073218434807' 'marauded']
 ['9' '99.77982124458357' 'presentdestroyed']
 ['8' '103.35901376403605' 'present']
 ['22' '127.68487772113846' 'present']
 ['12' '131.98239091365087' 'present']
 ['9' '136.2885167563954' 'marauded']
 ['22' '140.35705702299623' 'destroyed']
 ['17' '148.86455643733592' 'present']
 ['16' '150.24440556623895' 'present']
 ['19' '152.77851567986224' 'marauded']
 ['15' '154.66116065766684' 'presentdestroyed']
 ['3' '160.3565321800151' 'present']
 ['3' '163.95716964848768' 'present']
 ['8' '164.68284683530553' 'marauded']
 ['13' '171.4223448026216' 'presentdestroyed']
 ['12' '172.8708626403698' 'present']
 ['19' '175.01597859205697' 'present']
 ['3' '177.16188260037302' 'present']
 ['11' '200.17646056775413' 'marauded']
 ['19' '207.36062177048186' 'present']
 ['15' '223.78476409952032' 'present']
 ['22' '255.35315930828298' 'present']
 ['20' '268.8545546919172' 'present']
 ['12' '273.9083314285787' 'present']
 ['20' '279.1878235294152' 'present']
 ['6' '287.246692253621' 'present']
 ['19' '287.51363547345875' 'marauded']
 ['12' '288.6468084793667' 'presentdestroyed']
 ['6' '294.77573636322523' 'present']
 ['11' '314.0114791017075' 'marauded']
 ['6' '319.3356040334438' 'presentdestroyed']
 ['18' '324.38282154334195' 'present']
 ['6' '327.57380107929805' 'marauded']
 ['17' '337.88028976586924' 'present']
 ['23' '338.1790616664911' 'present']
 ['14' '340.75936941734767' 'present']
 ['14' '342.71854810289994' 'present']
 ['11' '345.5123553534045' 'present']
 ['15' '347.3505019374911' 'present']
 ['11' '353.2422992576898' 'present']
 ['13' '355.45285821607354' 'present']
 ['23' '357.98100015426155' 'present']]","[['F180' '14.521992879269686' 'mated']
 ['F213' '93.38558483044561' 'absent']
 ['F168' '112.89347112826799' 'mated']
 ['F212' '155.0554189802506' 'absentdestroyed']
 ['F9' '213.76733228886968' 'mated']
 ['F14' '222.55940889402487' 'mated']
 ['F29' '233.83675248577654' 'mated']
 ['F115' '246.5691922485346' 'mated']
 ['F74' '284.06727510497336' 'mated']
 ['F177' '290.1010347163194' 'destroyed']
 ['F163' '297.5895760347343' 'mated']
 ['F189' '304.85107685372856' 'mated']]",569.0,70.79069011276097,13.703491397170552,1319.0,220.67749317327323,47.48243994590588,397.0,66.81794439994246,14.278001633093188,14.0,1.4000000000000001,0.14000000000000007,81.0,0.3750000000000003,0.0017361111111111095
1,0.054,10,360.12624734685534,"[['16' '0.0023148148148148147' 'present']
 ['8' '2.0755574879216017' 'marauded']
 ['17' '6.567051736788569' 'presentdestroyed']
 ['11' '18.464942950327124' 'marauded']
 ['6' '23.505449296086862' 'presentdestroyed']
 ['17' '29.815186527771385' 'present']
 ['20' '33.32986624570493' 'marauded']
 ['20' '36.2273742251645' 'presentdestroyed']
 ['23' '39.853213822874956' 'presentdestroyed']
 ['17' '45.979392461015806' 'marauded']
 ['3' '52.34951610556009' 'presentdestroyed']
 ['3' '52.78485891743156' 'presentdestroyed']
 ['22' '53.266543255336025' 'present']
 ['12' '57.85393816855491' 'present']
 ['15' '58.23779361315809' 'present']
 ['16' '60.95102230753236' 'present']
 ['17' '64.21970047165418' 'present']
 ['22' '74.39449284248938' 'present']
 ['18' '76.92443917657275' 'present']
 ['7' '77.21791261397118' 'marauded']
 ['12' '80.59546990873737' 'presentdestroyed']
 ['14' '107.45955676793584' 'present']
 ['0' '108.2777137990497' 'present']
 ['18' '113.0569380052655' 'present']
 ['3' '121.58861027793967' 'present']
 ['18' '128.54884795962357' 'marauded']
 ['14' '139.10863276268523' 'present']
 ['14' '139.11326239231485' 'present']
 ['6' '140.80248521964842' 'present']
 ['13' '142.89629365396374' 'present']
 ['3' '146.09864098017292' 'present']
 ['13' '150.66162996950354' 'present']
 ['19' '151.44208435546315' 'present']
 ['3' '169.32143015901795' 'marauded']
 ['20' '170.91871460159078' 'presentdestroyed']
 ['16' '182.65738358779333' 'present']
 ['12' '183.0877106898348' 'marauded']
 ['13' '197.91876224369076' 'present']
 ['19' '199.65457081519932' 'present']
 ['19' '199.65920044482894' 'present']
 ['17' '206.9805336954004' 'present']
 ['13' '207.45166615726978' 'present']
 ['18' '218.07019433267817' 'present']
 ['12' '222.2823299568579' 'present']
 ['17' '222.46312438432182' 'marauded']
 ['15' '226.02547938159526' 'presentdestroyed']
 ['0' '232.91618098385388' 'present']
 ['13' '233.18932063816874' 'present']
 ['22' '233.30987050658428' 'present']
 ['23' '249.48010991293128' 'present']
 ['23' '249.7296021099859' 'present']
 ['9' '251.6702340926677' 'present']
 ['22' '254.48869972789907' 'present']
 ['12' '257.5134541477679' 'present']
 ['7' '263.03239873816585' 'present']
 ['0' '270.6310532283127' 'present']
 ['13' '272.1458363729166' 'present']
 ['18' '274.621922431053' 'present']
 ['9' '286.0000190204155' 'present']
 ['6' '292.949207394852' 'present']
 ['16' '298.9919581467847' 'marauded']
 ['22' '300.85838356093376' 'presentdestroyed']
 ['22' '316.25579412499627' 'present']
 ['3' '323.0424754181273' 'present']
 ['0' '323.0751076317418' 'present']
 ['15' '324.93435197938055' 'present']
 ['11' '335.1503449168531' 'present']
 ['20' '339.0026334255238' 'present']
 ['8' '351.75354366641375' 'present']
 ['6' '352.41119470105093' 'present']
 ['6' '353.26691386873694' 'present']
 ['7' '358.9415073268214' 'present']]","[['F150' '123.49440566736463' 'mated']
 ['F190' '162.5975445029882' 'mated']
 ['F199' '165.58096572972923' 'mated']
 ['F12' '177.4703977690959' 'absent']
 ['F178' '190.53229349591186' 'mated']
 ['F33' '190.99507639429564' 'mated']
 ['F109' '210.43349116173667' 'mated']
 ['F69' '237.2057976025143' 'mated']
 ['F174' '239.25873724779504' 'mated']
 ['F48' '284.87553629188193' 'mated']
 ['F99' '308.95827086310754' 'mated']]",555.0,70.97353633427679,14.501161533984233,1357.0,226.70959049122152,48.29317443674694,370.0,61.27126270314067,12.515989287231948,7.0,0.7,0.07,78.0,0.3611111111111113,0.0016718106995884758
2,0.0,10,360.8566517361257,"[['0' '15.224386140961387' 'marauded']
 ['22' '21.776683954452537' 'presentdestroyed']
 ['17' '27.419726148103454' 'present']
 ['3' '50.228504438649104' 'present']
 ['16' '63.20197024481088' 'present']
 ['17' '65.58535610379114' 'present']
 ['7' '76.83347239771508' 'present']
 ['22' '77.9384849436016' 'present']
 ['20' '78.00177543483376' 'present']
 ['7' '81.59070922187937' 'present']
 ['20' '82.78066643408344' 'present']
 ['16' '85.67552568530225' 'present']
 ['13' '95.32412243883299' 'present']
 ['9' '97.42492328144803' 'present']
 ['12' '99.41236225924885' 'marauded']
 ['9' '101.58880772910561' 'presentdestroyed']
 ['22' '107.52650564727178' 'marauded']
 ['17' '122.97128572652683' 'present']
 ['8' '135.41197228525547' 'present']
 ['11' '136.51490163855803' 'present']
 ['8' '147.71600321821433' 'present']
 ['3' '149.81703950475088' 'present']
 ['20' '157.01728975642226' 'present']
 ['7' '163.40500634365614' 'present']
 ['6' '166.04082261933598' 'present']
 ['23' '193.05514852709715' 'present']
 ['12' '193.93657887920187' 'present']
 ['8' '194.42913521066524' 'present']
 ['19' '195.05403271925675' 'marauded']
 ['19' '202.33180522500535' 'presentdestroyed']
 ['18' '203.09232772718858' 'present']
 ['1' '203.5944951126099' 'present']
 ['15' '208.84722935852437' 'marauded']
 ['7' '233.02110994988263' 'marauded']
 ['8' '235.7631174488638' 'presentdestroyed']
 ['19' '240.25163934621355' 'present']
 ['20' '250.2404088798478' 'present']
 ['8' '251.39095653951946' 'present']
 ['1' '253.7638349409798' 'present']
 ['3' '254.50887662554635' 'present']
 ['9' '259.74688629602787' 'present']
 ['13' '267.04080208342674' 'present']
 ['1' '269.7754665010283' 'present']
 ['1' '270.0156024461612' 'present']
 ['3' '273.7636847693186' 'present']
 ['22' '281.8484135129575' 'present']
 ['3' '286.2707802229891' 'present']
 ['17' '286.7269806529857' 'present']
 ['11' '296.59582752546845' 'present']
 ['8' '305.2017510878264' 'present']
 ['16' '310.44930303881705' 'present']
 ['23' '318.49111484455915' 'present']
 ['18' '327.10759002779804' 'marauded']
 ['19' '327.5675990315247' 'presentdestroyed']
 ['16' '328.3767896486778' 'presentdestroyed']
 ['7' '329.00902418871755' 'presentdestroyed']
 ['18' '329.57056570100474' 'presentdestroyed']
 ['14' '333.6590171019209' 'presentdestroyed']
 ['0' '335.05195795764644' 'present']
 ['19' '338.0744092986093' 'marauded']
 ['11' '343.87648983268485' 'presentdestroyed']
 ['14' '344.0122012996415' 'presentdestroyed']
 ['9' '347.5239845010151' 'marauded']]","[['F54' '80.48802037648815' 'mated']
 ['F173' '98.5924018636511' 'mated']
 ['F38' '112.66667850751834' 'destroyed']
 ['F42' '117.5312014072135' 'mated']
 ['F88' '137.09969799239263' 'mated']
 ['F80' '180.15269236894534' 'mated']
 ['F57' '190.5245061792264' 'mated']
 ['F66' '192.43546786963535' 'mated']
 ['F200' '222.58957525396997' 'mated']
 ['F29' '233.83212285614692' 'destroyed']
 ['F184' '310.2213970399394' 'mated']
 ['F67' '325.5182230126425' 'mated']
 ['F89' '341.61197652058127' 'destroyed']]",567.0,69.83828971097473,14.62515433297622,1405.0,235.5215542796574,50.277984023501155,316.0,54.94853504331106,12.15911674027732,0.0,0.0,0.0,0.0,0.0,0.0
3,0.054,11,360.34267362812636,"[['20' '5.956702413908448' 'present']
 ['22' '11.137338725193256' 'marauded']
 ['1' '17.17800836963154' 'presentdestroyed']
 ['15' '25.123146003383443' 'marauded']
 ['6' '25.503729102116342' 'presentdestroyed']
 ['11' '25.6900849849904' 'presentdestroyed']
 ['11' '25.827768348741376' 'presentdestroyed']
 ['17' '29.462726044677726' 'destroyed']
 ['22' '31.738568619004678' 'presentdestroyed']
 ['17' '47.58424297994514' 'present']
 ['11' '48.46528852972999' 'present']
 ['13' '50.83315864944884' 'present']
 ['18' '54.54406590695541' 'present']
 ['19' '62.653447107698064' 'present']
 ['19' '72.44623844796456' 'present']
 ['17' '80.77832214208736' 'present']
 ['16' '85.77355333183442' 'present']
 ['12' '98.76464400069672' 'present']
 ['17' '119.779720331941' 'present']
 ['19' '122.5343255696286' 'present']
 ['22' '126.15308715699568' 'present']
 ['15' '130.09520013646025' 'present']
 ['18' '136.60842582896177' 'present']
 ['17' '139.07414019768586' 'present']
 ['22' '142.82822607826063' 'present']
 ['9' '145.58831507224977' 'present']
 ['7' '146.1566505555569' 'present']
 ['13' '149.11414459540137' 'present']
 ['17' '150.27430443298738' 'present']
 ['19' '152.58477396162093' 'marauded']
 ['22' '162.2461040190693' 'present']
 ['6' '171.01116091819443' 'present']
 ['17' '184.36561122538163' 'present']
 ['19' '186.84045250876022' 'present']
 ['12' '190.37924419670165' 'present']
 ['1' '199.515081300155' 'present']
 ['17' '203.14127572588333' 'present']
 ['17' '204.9070261476152' 'present']
 ['8' '206.51533245919777' 'present']
 ['13' '208.3411345841925' 'marauded']
 ['20' '210.55741286496618' 'destroyed']
 ['13' '217.7486766845196' 'present']
 ['6' '224.57511555001744' 'present']
 ['16' '225.60332049815145' 'present']
 ['8' '228.95515728696932' 'present']
 ['22' '238.75700678011427' 'present']
 ['12' '244.56743446023063' 'present']
 ['15' '244.62070731004567' 'present']
 ['16' '259.25278759306616' 'present']
 ['22' '261.87525144332017' 'marauded']
 ['0' '264.78410669040125' 'presentdestroyed']
 ['1' '278.0189720269014' 'present']
 ['18' '279.0833230191595' 'present']
 ['1' '283.58772085953683' 'present']
 ['16' '286.3778783447546' 'present']
 ['20' '294.4611896672758' 'present']
 ['16' '296.32947750368606' 'present']
 ['23' '308.57910303322353' 'present']
 ['18' '311.8854153222225' 'present']
 ['6' '314.0717124462269' 'marauded']
 ['7' '317.52773463332124' 'presentdestroyed']
 ['13' '335.44102347653023' 'present']
 ['11' '339.3415110591495' 'present']
 ['9' '343.88793277873924' 'marauded']
 ['22' '346.87166193793377' 'presentdestroyed']
 ['9' '347.06975988733814' 'destroyed']
 ['20' '347.7352367872124' 'destroyed']
 ['1' '357.4745633267151' 'present']]","[['F104' '82.20756121045497' 'mated']
 ['F85' '86.5938309151871' 'mated']
 ['F36' '100.54206604214328' 'mated']
 ['F195' '105.18942151588907' 'mated']
 ['F126' '117.38864578076637' 'mated']
 ['F39' '122.22499199035488' 'mated']
 ['F71' '187.88383798939188' 'mated']
 ['F18' '214.17004508425808' 'destroyed']
 ['F160' '217.13064891848265' 'mated']
 ['F207' '227.5564963747961' 'mated']
 ['F214' '248.73923225833994' 'mated']
 ['F4' '306.60390243153734' 'mated']]",566.0,71.0383368399161,14.436610625964617,1449.0,244.8272016347132,52.14845689952502,266.0,42.31190495288584,8.500107713078014,14.0,1.4000000000000001,0.14000000000000007,93.0,0.4305555555555561,0.0019933127572016444
4,0.0,9,360.0445393052806,"[['3' '1.6011652038798725' 'present']
 ['18' '12.078101597921243' 'present']
 ['22' '32.37607648900719' 'present']
 ['11' '33.81936292708706' 'present']
 ['17' '53.4405608715876' 'present']
 ['9' '55.0953334128673' 'present']
 ['18' '59.90626341007121' 'present']
 ['11' '72.07344878054944' 'marauded']
 ['14' '72.6219716465944' 'presentdestroyed']
 ['11' '85.10962289661079' 'present']
 ['6' '91.70985948932363' 'present']
 ['12' '104.10607414055082' 'marauded']
 ['23' '104.77027503495273' 'presentdestroyed']
 ['1' '109.00171105363209' 'destroyed']
 ['19' '113.9074841771688' 'marauded']
 ['3' '119.05514032809577' 'presentdestroyed']
 ['3' '120.18744798514406' 'presentdestroyed']
 ['18' '122.46153964833525' 'marauded']
 ['7' '127.40124052116762' 'destroyed']
 ['1' '151.74231066102197' 'present']
 ['12' '155.97373368569149' 'present']
 ['12' '165.6646490513707' 'present']
 ['19' '167.03966234450644' 'present']
 ['1' '178.11175685444698' 'marauded']
 ['20' '184.64024949674334' 'presentdestroyed']
 ['0' '193.50435285321322' 'present']
 ['7' '193.56640057274603' 'present']
 ['16' '193.84676817532036' 'present']
 ['18' '198.55881686429706' 'present']
 ['7' '202.40937316921114' 'present']
 ['20' '203.74068476804337' 'present']
 ['9' '208.06049718817502' 'present']
 ['17' '212.75330953087763' 'present']
 ['20' '224.38827448850202' 'present']
 ['7' '229.84456978342033' 'present']
 ['12' '236.63175103721622' 'present']
 ['9' '243.22419058646292' 'marauded']
 ['23' '246.34616958794078' 'presentdestroyed']
 ['15' '250.26054025823865' 'presentdestroyed']
 ['22' '252.84257150278643' 'marauded']
 ['6' '253.04799560988297' 'presentdestroyed']
 ['1' '262.70892410891565' 'present']
 ['20' '265.8901951037313' 'marauded']
 ['23' '268.25641805882765' 'presentdestroyed']
 ['13' '273.2943953488228' 'destroyed']
 ['16' '280.90747026736597' 'present']
 ['3' '289.7094713699717' 'present']
 ['7' '291.0173261536208' 'present']
 ['15' '294.9875642847686' 'present']
 ['23' '296.975935310423' 'present']
 ['18' '309.2003253843946' 'marauded']
 ['14' '321.2253834651585' 'marauded']
 ['15' '322.57805892806795' 'presentdestroyed']
 ['14' '328.9330997113742' 'present']
 ['17' '337.570489985817' 'present']
 ['11' '348.97284232093097' 'marauded']
 ['3' '352.59560839601403' 'presentdestroyed']
 ['11' '353.23766962806013' 'presentdestroyed']]","[['F84' '51.614202435906414' 'mated']
 ['F111' '60.45286954981323' 'mated']
 ['F165' '81.64156017024612' 'mated']
 ['F41' '97.26847392919908' 'mated']
 ['F45' '103.12462595643994' 'absent']
 ['F45' '103.13388521569918' 'absent']
 ['F128' '117.5512575999692' 'destroyed']
 ['F64' '141.94691602401937' 'mated']
 ['F201' '143.05463938110307' 'mated']
 ['F114' '152.73177164543384' 'mated']
 ['F161' '153.0495027113359' 'mated']
 ['F143' '166.8835304452504' 'absent']
 ['F7' '211.42577108268117' 'absent']
 ['F202' '218.91982031881733' 'mated']
 ['F131' '222.24902676607834' 'absent']
 ['F67' '325.5159081978277' 'destroyed']]",576.0,68.18239451009178,12.591348282225011,1355.0,224.54509928105062,47.41293378955392,404.0,67.3734913045093,14.004591518952545,0.0,0.0,0.0,0.0,0.0,0.0
5,0.0,9,360.2132217307692,"[['8' '0.0023148148148148147' 'present']
 ['15' '6.807681705700059' 'marauded']
 ['18' '21.43912631705718' 'present']
 ['23' '34.94650441938311' 'marauded']
 ['9' '42.9935119696674' 'present']
 ['16' '45.543296125250386' 'present']
 ['14' '51.41035001186074' 'marauded']
 ['0' '53.20246568518531' 'presentdestroyed']
 ['22' '57.60892728299993' 'destroyed']
 ['22' '72.62923155967475' 'present']
 ['6' '73.06532969323546' 'present']
 ['16' '76.06891568848339' 'present']
 ['22' '97.28027738813778' 'present']
 ['15' '97.80366000121914' 'present']
 ['8' '102.00994877059324' 'present']
 ['8' '102.41735576350582' 'present']
 ['15' '112.1509513732496' 'present']
 ['23' '117.3735715663274' 'marauded']
 ['3' '119.57830970589148' 'presentdestroyed']
 ['22' '123.80753879555843' 'destroyed']
 ['7' '132.02442934255788' 'present']
 ['14' '132.6448870822283' 'present']
 ['17' '133.38818058023534' 'marauded']
 ['16' '138.8163895253722' 'presentdestroyed']
 ['16' '139.00826066577827' 'destroyed']
 ['6' '160.41242427387238' 'present']
 ['17' '166.97912033409008' 'present']
 ['12' '168.8102969999016' 'marauded']
 ['3' '169.22749703509336' 'presentdestroyed']
 ['16' '169.72677143137335' 'destroyed']
 ['14' '172.89891470106423' 'destroyed']
 ['13' '174.11422497267492' 'presentdestroyed']
 ['12' '182.56960898057946' 'present']
 ['3' '188.61765571123325' 'present']
 ['18' '194.9331018688908' 'present']
 ['14' '194.93606275831476' 'present']
 ['18' '209.98039112165205' 'present']
 ['16' '214.07989122221787' 'present']
 ['19' '217.3279577304801' 'present']
 ['14' '223.19922590440092' 'marauded']
 ['9' '224.16278341900588' 'presentdestroyed']
 ['9' '233.2555335978933' 'marauded']
 ['14' '233.8397335396788' 'presentdestroyed']
 ['14' '238.22655162894964' 'presentdestroyed']
 ['17' '251.28774371525006' 'present']
 ['8' '254.3642388167393' 'present']
 ['23' '260.6468261526472' 'present']
 ['13' '281.06109836044357' 'present']
 ['3' '293.2497203870171' 'present']
 ['7' '296.62016565063107' 'marauded']
 ['11' '297.4426769638669' 'presentdestroyed']
 ['8' '303.7545206903357' 'destroyed']
 ['19' '320.25652056800067' 'present']
 ['6' '332.59216863381477' 'present']
 ['15' '338.676421727383' 'present']
 ['6' '339.86768292488756' 'present']
 ['0' '341.03993981409366' 'marauded']
 ['12' '346.79418287060474' 'destroyed']
 ['1' '347.34615455767045' 'presentdestroyed']
 ['14' '348.42685157763157' 'present']
 ['17' '356.8064612094631' 'present']]","[['F2' '19.012128989264514' 'mated']
 ['F146' '71.43851182151874' 'mated']
 ['F55' '82.30512382960256' 'mated']
 ['F38' '112.67130813714796' 'mated']
 ['F101' '116.49464535230524' 'mated']
 ['F120' '129.96913795812776' 'mated']
 ['F148' '132.82656145244474' 'absent']
 ['F32' '152.38442541697623' 'absent']
 ['F15' '238.36475444092406' 'absentdestroyed']
 ['F22' '271.3609557684169' 'absent']
 ['F142' '271.83277700790893' 'mated']
 ['F179' '272.143474573365' 'mated']
 ['F20' '277.3922633337691' 'absent']
 ['F21' '282.6824600752514' 'mated']
 ['F177' '290.0987199015046' 'absent']]",555.0,73.25275494960835,16.48619247522489,1272.0,225.4826077398151,49.190698966384,372.0,61.38228811786578,13.0106146688669,0.0,0.0,0.0,0.0,0.0,0.0
6,0.054,8,359.6390490142556,"[['8' '0.059270679646071134' 'present']
 ['13' '2.2081606042975457' 'marauded']
 ['12' '9.752840381493344' 'destroyed']
 ['1' '10.08660268704797' 'present']
 ['19' '21.41791602151307' 'present']
 ['15' '22.488789325927936' 'present']
 ['19' '34.8085880019503' 'marauded']
 ['12' '35.78344716245314' 'presentdestroyed']
 ['15' '38.5121159865056' 'presentdestroyed']
 ['14' '48.02455839380861' 'marauded']
 ['13' '53.53337659259542' 'presentdestroyed']
 ['9' '72.01755195951802' 'present']
 ['0' '76.79888130569492' 'present']
 ['23' '84.27839601765997' 'present']
 ['1' '90.89021562447356' 'present']
 ['22' '91.94103716158259' 'present']
 ['9' '95.90678288612321' 'marauded']
 ['12' '98.89495609380995' 'presentdestroyed']
 ['1' '99.98711000430531' 'presentdestroyed']
 ['3' '104.18804879197047' 'present']
 ['20' '109.5716158028453' 'present']
 ['11' '110.00481328357131' 'present']
 ['9' '110.78195794141261' 'present']
 ['9' '112.97175763286032' 'marauded']
 ['16' '113.28491687528346' 'presentdestroyed']
 ['12' '115.31703719164591' 'presentdestroyed']
 ['22' '117.26283480464278' 'presentdestroyed']
 ['17' '118.92026947851647' 'presentdestroyed']
 ['18' '129.9363266391775' 'present']
 ['22' '133.84200826426542' 'present']
 ['12' '138.89613231649287' 'present']
 ['23' '151.51000076919559' 'marauded']
 ['20' '156.33428029356097' 'presentdestroyed']
 ['1' '159.4379181588838' 'present']
 ['3' '172.03197584743995' 'present']
 ['1' '179.73057308733135' 'marauded']
 ['14' '181.8648945272542' 'destroyed']
 ['1' '182.5116027267611' 'destroyed']
 ['17' '182.82103086099633' 'presentdestroyed']
 ['19' '192.4528673169303' 'present']
 ['23' '198.0521861660571' 'marauded']
 ['17' '202.0998932385047' 'presentdestroyed']
 ['22' '206.16656038521467' 'marauded']
 ['12' '209.53380349839446' 'presentdestroyed']
 ['19' '209.8885830266334' 'presentdestroyed']
 ['11' '243.87322670762762' 'marauded']
 ['0' '247.36163066688965' 'destroyed']
 ['16' '247.62015387476816' 'presentdestroyed']
 ['22' '257.77481813752814' 'present']
 ['8' '262.49670104287446' 'present']
 ['20' '264.2518927810361' 'present']
 ['8' '284.5495842996585' 'present']
 ['15' '285.7104651813939' 'present']
 ['1' '293.71360795310596' 'present']
 ['16' '323.3222783296481' 'present']
 ['14' '333.0251553944597' 'present']
 ['0' '336.8700818181145' 'present']
 ['0' '348.03596772873647' 'present']
 ['17' '351.8102725261407' 'present']
 ['9' '355.1365072537217' 'marauded']
 ['16' '355.4871583936236' 'presentdestroyed']
 ['11' '355.69466668099847' 'presentdestroyed']
 ['3' '357.6629403136574' 'destroyed']
 ['14' '357.8598621984043' 'presentdestroyed']
 ['14' '358.4324840825153' 'destroyed']]","[['F187' '55.71819114338868' 'mated']
 ['F46' '63.84739040693605' 'mated']
 ['F167' '71.36765145306279' 'mated']
 ['F0' '84.7707078615246' 'mated']
 ['F193' '122.01882200935108' 'mated']
 ['F148' '132.82887626725955' 'mated']
 ['F205' '213.52329597670555' 'absentdestroyed']
 ['F119' '223.25609334767282' 'mated']
 ['F15' '238.36243962610925' 'absent']
 ['F17' '278.86485150456247' 'mated']]",552.0,66.81475188409122,13.552365468215518,1310.0,226.15664332975362,49.0798542335003,379.0,65.31759667429922,14.222990313606868,14.0,1.4000000000000001,0.14000000000000007,79.0,0.365740740740741,0.0016932441700960204
7,0.054,12,360.0766987195726,"[['12' '0.0023148148148148147' 'present']
 ['9' '12.551700881073959' 'marauded']
 ['1' '13.62116911640605' 'presentdestroyed']
 ['6' '15.240505862268842' 'presentdestroyed']
 ['23' '18.826738266363826' 'presentdestroyed']
 ['23' '20.900236322214298' 'present']
 ['6' '21.815489135082384' 'present']
 ['8' '22.941111964899378' 'present']
 ['0' '25.369056970931783' 'marauded']
 ['11' '34.69355723730657' 'present']
 ['12' '37.225627577069694' 'present']
 ['0' '38.882646827126116' 'present']
 ['23' '41.31897242567869' 'present']
 ['17' '45.24495385551025' 'present']
 ['8' '46.18155839953026' 'present']
 ['3' '53.053261044537095' 'present']
 ['17' '56.08243167109302' 'present']
 ['8' '56.10417966164187' 'present']
 ['13' '64.2761902380626' 'present']
 ['19' '64.90584213119337' 'present']
 ['1' '66.52075474754915' 'present']
 ['1' '74.04598214063965' 'present']
 ['16' '83.18675428757203' 'present']
 ['12' '84.50552367189663' 'present']
 ['20' '86.69374333542964' 'present']
 ['1' '103.12723145629678' 'present']
 ['9' '105.21932837669196' 'present']
 ['9' '106.63194026522879' 'present']
 ['12' '110.97390315409848' 'present']
 ['13' '113.18405353805656' 'present']
 ['15' '118.1796099260019' 'present']
 ['1' '122.18382647083156' 'present']
 ['3' '129.0015478468465' 'present']
 ['17' '129.788405685548' 'present']
 ['20' '130.16504601659437' 'present']
 ['17' '131.97900176360235' 'present']
 ['19' '132.49931122017915' 'present']
 ['11' '153.70745169099615' 'present']
 ['13' '157.87174848912872' 'present']
 ['16' '166.98107220336402' 'present']
 ['11' '170.88221195269884' 'present']
 ['13' '171.75317160441378' 'present']
 ['3' '175.37702501142923' 'marauded']
 ['19' '188.49942547285568' 'present']
 ['15' '189.4690042778065' 'present']
 ['14' '194.51611654919108' 'present']
 ['19' '197.88446661184676' 'present']
 ['13' '198.8718336942344' 'present']
 ['0' '209.5546561614807' 'present']
 ['17' '225.93738395994632' 'present']
 ['13' '231.20777231487074' 'present']
 ['15' '231.57055809411398' 'present']
 ['9' '234.377686226953' 'marauded']
 ['6' '235.87358402128982' 'presentdestroyed']
 ['12' '236.6271214075866' 'presentdestroyed']
 ['17' '237.8037492076702' 'presentdestroyed']
 ['13' '239.7111987869495' 'presentdestroyed']
 ['12' '241.3566864887603' 'presentdestroyed']
 ['14' '244.3525175633159' 'present']
 ['16' '246.09377316871704' 'present']
 ['16' '247.0435814845012' 'present']
 ['22' '249.92620263383833' 'present']
 ['8' '253.57828927422892' 'present']
 ['23' '263.28117911126435' 'present']
 ['9' '264.6383473332161' 'present']
 ['8' '270.39166405525145' 'marauded']
 ['23' '272.78682365907514' 'presentdestroyed']
 ['16' '274.8494578024702' 'destroyed']
 ['3' '275.4634799232307' 'presentdestroyed']
 ['6' '277.37725852851366' 'destroyed']
 ['22' '278.8175164275734' 'marauded']
 ['22' '281.5818684958028' 'presentdestroyed']
 ['17' '295.72352451459363' 'present']
 ['8' '297.4779779526289' 'marauded']
 ['9' '301.4841669414768' 'presentdestroyed']
 ['13' '304.54474712564036' 'presentdestroyed']
 ['11' '317.5404287053783' 'present']
 ['18' '317.6453968510213' 'present']
 ['14' '336.7287271505831' 'present']
 ['14' '337.9229314546262' 'present']
 ['0' '339.93094476659894' 'marauded']
 ['22' '343.54606441457474' 'presentdestroyed']
 ['6' '344.9017215367046' 'presentdestroyed']
 ['17' '348.419241591633' 'present']
 ['0' '357.2203146019446' 'present']
 ['0' '359.0710440273886' 'present']]","[['F108' '60.847529965887965' 'absent']
 ['F30' '75.90074364279867' 'mated']
 ['F28' '134.01598810086918' 'mated']
 ['F73' '141.12207314184545' 'mated']
 ['F159' '147.71270517037104' 'mated']
 ['F143' '166.8858452600652' 'mated']
 ['F70' '167.62122410225328' 'mated']
 ['F139' '171.57359899352215' 'mated']
 ['F194' '171.68588083900477' 'mated']
 ['F56' '179.34861188139712' 'destroyed']
 ['F121' '189.14127832356698' 'mated']
 ['F118' '189.42259064475863' 'mated']
 ['F27' '216.9331667749548' 'mated']
 ['F202' '218.9151906891877' 'absent']
 ['F51' '219.1032401262848' 'mated']
 ['F75' '346.7163601622408' 'destroyed']]",572.0,65.3532640607438,12.590958102581805,1458.0,244.04144974746433,52.53425660239727,284.0,48.967034715877425,10.628420618575774,13.0,1.3,0.13000000000000006,80.0,0.3703703703703706,0.001714677640603565
8,0.054,11,360.4608331674164,"[['19' '3.0397493807447917' 'present']
 ['0' '14.003390388044844' 'present']
 ['6' '21.82011876471201' 'present']
 ['14' '23.02828368844991' 'present']
 ['0' '23.233278513880837' 'present']
 ['22' '34.65569856009237' 'present']
 ['12' '35.49192204149993' 'marauded']
 ['11' '45.04837491741309' 'present']
 ['11' '54.93913529093215' 'present']
 ['13' '58.91186760776143' 'present']
 ['9' '65.73285035956813' 'present']
 ['7' '65.96350023519256' 'marauded']
 ['9' '84.16508693209443' 'marauded']
 ['15' '114.37084800979098' 'present']
 ['12' '120.65219018475213' 'present']
 ['1' '122.56364673072662' 'present']
 ['16' '127.18388197360562' 'present']
 ['3' '128.11078983349978' 'present']
 ['9' '141.25700452583348' 'present']
 ['17' '147.031669621224' 'present']
 ['9' '157.84513301312936' 'present']
 ['16' '162.9637699510596' 'present']
 ['0' '174.25204228291034' 'marauded']
 ['20' '179.0971814133372' 'presentdestroyed']
 ['16' '179.22221692441738' 'presentdestroyed']
 ['16' '179.40478288770353' 'presentdestroyed']
 ['17' '186.07389026692377' 'present']
 ['0' '197.1635099997025' 'present']
 ['1' '207.2285300103082' 'present']
 ['17' '220.82164501836786' 'marauded']
 ['0' '228.30257554077204' 'destroyed']
 ['14' '242.39666968951744' 'present']
 ['9' '246.08014543388947' 'present']
 ['17' '253.56694945763354' 'present']
 ['13' '254.91678258546915' 'present']
 ['16' '260.1388684396774' 'present']
 ['23' '265.2827929039491' 'present']
 ['17' '265.4289570090035' 'present']
 ['7' '266.2316184532332' 'present']
 ['6' '273.0272222220819' 'present']
 ['12' '274.1165639308715' 'present']
 ['20' '274.89388055146514' 'marauded']
 ['20' '287.05384958019414' 'present']
 ['6' '297.08084822382386' 'present']
 ['19' '305.2501034986779' 'present']
 ['22' '305.4690631618761' 'present']
 ['6' '307.7866941852177' 'marauded']
 ['23' '307.9989583803961' 'presentdestroyed']
 ['1' '314.1576695057242' 'presentdestroyed']
 ['9' '320.9014798257281' 'present']
 ['15' '330.27177582609625' 'present']
 ['14' '330.8406002274131' 'marauded']
 ['11' '335.2657728587616' 'destroyed']
 ['17' '339.44116020252784' 'present']
 ['23' '340.5500635042887' 'marauded']
 ['15' '344.4843262488965' 'presentdestroyed']
 ['1' '352.5329599531395' 'marauded']
 ['23' '357.2886389117824' 'presentdestroyed']
 ['12' '358.248542467942' 'presentdestroyed']
 ['3' '358.7151512382169' 'destroyed']]","[['F43' '151.86483634368503' 'mated']
 ['F215' '165.8140354699348' 'mated']
 ['F78' '173.6033006428174' 'mated']
 ['F58' '193.29876375968598' 'mated']
 ['F186' '201.66946558611392' 'mated']
 ['F205' '213.52792560633517' 'mated']
 ['F172' '241.71673486622055' 'mated']
 ['F103' '267.77142729157543' 'mated']
 ['F72' '277.0453626154279' 'destroyed']
 ['F183' '295.8532309285501' 'mated']
 ['F197' '297.21678835988763' 'mated']
 ['F16' '318.329617732304' 'mated']
 ['F75' '346.7186749770556' 'absentdestroyed']]",573.0,70.85146988171715,13.864071086691546,1352.0,226.0230598028826,47.48742957606287,346.0,61.093061038232385,13.223525669843477,18.0,1.8000000000000005,0.1800000000000001,76.0,0.351851851851852,0.0016289437585733867
9,0.054,14,360.3400712967788,"[['3' '4.092368564518073' 'present']
 ['7' '5.146313487156789' 'present']
 ['1' '17.80688199644625' 'present']
 ['11' '22.256933553370946' 'marauded']
 ['17' '31.09907419177187' 'present']
 ['11' '35.63732999445536' 'present']
 ['16' '42.059848103818624' 'present']
 ['15' '42.31083646900547' 'present']
 ['17' '47.16578872716246' 'present']
 ['12' '51.47989754790424' 'present']
 ['23' '56.491232671900775' 'present']
 ['20' '59.20034390965986' 'present']
 ['0' '60.978566739481565' 'present']
 ['3' '65.37572152906746' 'present']
 ['14' '72.18237475902548' 'present']
 ['15' '76.18446462129957' 'marauded']
 ['12' '87.59926672507434' 'marauded']
 ['22' '106.09997682780954' 'present']
 ['11' '112.0957747768555' 'present']
 ['0' '124.49760308831327' 'present']
 ['8' '135.40734265562585' 'present']
 ['3' '136.12836056674666' 'present']
 ['3' '136.8777001358954' 'present']
 ['7' '142.8681549949129' 'present']
 ['7' '145.2848131539332' 'present']
 ['1' '149.40864795089553' 'present']
 ['11' '149.95387282844533' 'present']
 ['16' '155.38007765661098' 'present']
 ['7' '159.6968308690416' 'marauded']
 ['1' '161.3293899625044' 'presentdestroyed']
 ['3' '168.8474117627891' 'marauded']
 ['22' '178.9982633736709' 'present']
 ['6' '179.26616152841146' 'present']
 ['12' '188.4098887772376' 'present']
 ['18' '189.64674994733673' 'marauded']
 ['15' '193.02550599194907' 'destroyed']
 ['0' '193.5147798541935' 'presentdestroyed']
 ['22' '206.9212127484031' 'present']
 ['14' '210.6756174935341' 'present']
 ['15' '225.5893195925079' 'present']
 ['14' '240.5551855767311' 'present']
 ['23' '250.31697918990656' 'present']
 ['22' '250.46066113017616' 'present']
 ['18' '263.33387159059714' 'present']
 ['7' '265.4004040807165' 'present']
 ['17' '268.32513727483297' 'marauded']
 ['20' '276.7624472179559' 'marauded']
 ['13' '284.2845676033448' 'presentdestroyed']
 ['16' '287.56941084550675' 'present']
 ['12' '306.0692203670616' 'marauded']
 ['11' '315.1784223478368' 'present']
 ['15' '328.11982164802504' 'marauded']
 ['22' '330.0163769207692' 'presentdestroyed']
 ['19' '336.7850859409084' 'present']
 ['13' '338.62336676392005' 'present']
 ['6' '339.87231255451724' 'present']
 ['1' '355.86114005091895' 'present']]","[['F53' '61.787885079174124' 'mated']
 ['F153' '94.79481458361154' '']
 ['F94' '112.01464010334293' 'mated']
 ['F39' '122.22267717554007' 'absent']
 ['F100' '139.65539091580277' 'mated']
 ['F145' '148.37478696470663' 'mated']
 ['F143' '166.88121563043558' 'destroyed']
 ['F192' '173.5595159230533' 'absentdestroyed']
 ['F176' '177.44634206838685' 'mated']
 ['F12' '177.47271258391072' 'mated']
 ['F56' '179.35324151102674' 'mated']
 ['F157' '188.54057540700387' 'mated']
 ['F15' '238.36706925573887' 'mated']
 ['F156' '250.14991787725776' 'mated']
 ['F98' '250.69436697088787' 'absent']
 ['F113' '267.6696357024478' 'mated']
 ['F74' '272.0557010308992' 'absentdestroyed']
 ['F107' '275.989597798966' '']
 ['F20' '277.39457814858395' 'destroyed']
 ['F206' '290.6721979643509' 'mated']
 ['F102' '321.3524898659348' 'mated']
 ['F79' '346.54522068203653' 'mated']]",545.0,71.54214306472845,15.507202106431873,1337.0,226.02242054788826,47.762170352060494,363.0,60.816290101731404,12.847969339857384,13.0,1.3,0.13000000000000006,74.0,0.3425925925925927,0.0015860768175582976
10,0.0,8,360.6952782372168,"[['14' '0.15615239806770304' 'present']
 ['8' '6.19065564135531' 'present']
 ['6' '12.81063768759992' 'present']
 ['23' '20.168951305203066' 'present']
 ['18' '21.443755946686807' 'present']
 ['7' '23.07055653047796' 'present']
 ['6' '31.80928457117097' 'present']
 ['17' '33.256004120498844' 'marauded']
 ['7' '43.77242340070204' 'present']
 ['11' '45.0868981341012' 'present']
 ['8' '65.79067705964705' 'marauded']
 ['3' '69.60114157089305' 'presentdestroyed']
 ['14' '80.06419565283954' 'present']
 ['16' '81.24467108351676' 'present']
 ['11' '82.23251936353007' 'present']
 ['7' '91.19848404383144' 'present']
 ['0' '91.23586055810605' 'present']
 ['16' '91.47908367626916' 'present']
 ['18' '112.33138288372761' 'present']
 ['22' '118.8776540673998' 'present']
 ['18' '126.0844403968974' 'present']
 ['14' '126.30598697182691' 'marauded']
 ['18' '129.9316970095479' 'presentdestroyed']
 ['3' '182.92780735921127' 'marauded']
 ['16' '185.47145921964767' 'destroyed']
 ['3' '185.92280768129265' 'presentdestroyed']
 ['18' '194.41356813614001' 'present']
 ['22' '194.42008581853452' 'present']
 ['1' '200.64057701745782' 'present']
 ['8' '203.9101987580574' 'present']
 ['8' '205.1806383090701' 'marauded']
 ['20' '207.50659170765007' 'presentdestroyed']
 ['23' '208.24080398537987' 'destroyed']
 ['13' '211.07238467101422' 'presentdestroyed']
 ['6' '216.16511405634694' 'present']
 ['1' '219.0407536495423' 'present']
 ['7' '221.52470936230634' 'present']
 ['12' '233.08044299956998' 'present']
 ['23' '236.17675911559635' 'present']
 ['11' '237.5541198795325' 'marauded']
 ['20' '240.61210505888613' 'presentdestroyed']
 ['18' '248.70377020370486' 'marauded']
 ['17' '269.6519965984748' 'marauded']
 ['19' '270.0106150613615' 'presentdestroyed']
 ['8' '270.94117936556313' 'presentdestroyed']
 ['16' '273.5094817784691' 'presentdestroyed']
 ['16' '283.8982229678939' 'present']
 ['16' '293.651490694554' 'marauded']
 ['11' '299.1457464448273' 'destroyed']
 ['8' '300.2548968739549' 'presentdestroyed']
 ['13' '303.34255446247' 'present']
 ['16' '307.21372189419833' 'present']
 ['23' '311.0961998813338' 'marauded']
 ['22' '316.75554552741954' 'presentdestroyed']
 ['17' '317.6261869876851' 'presentdestroyed']
 ['17' '317.98781015866876' 'present']
 ['8' '318.14741425306687' 'present']
 ['6' '331.29019840737834' 'present']
 ['22' '331.59973073733556' 'present']
 ['22' '351.90108283661925' 'marauded']
 ['23' '357.23510465777804' 'presentdestroyed']]","[['F8' '86.12015359250238' 'mated']
 ['F213' '93.38789964526042' 'mated']
 ['F208' '117.98665820808372' 'mated']
 ['F65' '128.93153519744553' 'destroyed']
 ['F135' '161.118648476888' 'mated']
 ['F90' '162.17967086468616' 'mated']
 ['F12' '177.4657681394663' 'absent']
 ['F121' '189.13896350875217' 'destroyed']
 ['F5' '222.26062488515524' 'mated']
 ['F196' '229.36705211587534' 'mated']
 ['F162' '291.9640382449938' 'mated']]",574.0,71.57110893868708,14.628751094646772,1335.0,221.3146363376632,46.48481943156885,409.0,67.15955749346327,14.038476383178585,0.0,0.0,0.0,0.0,0.0,0.0
11,0.054,5,359.8445052549252,"[['3' '1.6057948335095023' 'marauded']
 ['17' '3.417466270038062' 'presentdestroyed']
 ['13' '8.037737789051864' 'presentdestroyed']
 ['14' '8.121931598081133' 'presentdestroyed']
 ['22' '8.232331135483795' 'destroyed']
 ['7' '10.16789629358879' 'marauded']
 ['17' '10.85501327779926' 'presentdestroyed']
 ['18' '20.899166752761875' 'present']
 ['7' '33.26363692257058' 'present']
 ['14' '34.15608484302193' 'present']
 ['12' '34.66653108331466' 'present']
 ['20' '39.497669094597235' 'present']
 ['19' '46.49288602247175' 'present']
 ['18' '60.31702907293733' 'present']
 ['13' '64.80772405016869' 'present']
 ['16' '65.60076930821519' 'present']
 ['13' '66.36140367077778' 'present']
 ['6' '90.09693554672788' 'present']
 ['9' '103.89594321000042' 'present']
 ['20' '114.06906675710148' 'present']
 ['1' '117.16285106261215' 'present']
 ['12' '121.53205100532186' 'present']
 ['8' '122.72828751889297' 'present']
 ['16' '133.37186750485589' 'present']
 ['8' '138.75162632654514' 'present']
 ['8' '140.6043263298088' 'marauded']
 ['6' '143.64992663839087' 'presentdestroyed']
 ['17' '145.0651811253633' 'presentdestroyed']
 ['8' '148.3082769224242' 'destroyed']
 ['12' '155.4317432891343' 'marauded']
 ['17' '161.69301959168456' 'presentdestroyed']
 ['0' '163.03283928609648' 'marauded']
 ['15' '169.11610417487063' 'presentdestroyed']
 ['8' '174.1906176862254' 'marauded']
 ['3' '186.62202195626648' 'present']
 ['20' '191.28758810114428' 'marauded']
 ['1' '196.10238638312407' 'presentdestroyed']
 ['23' '197.63271449944085' 'presentdestroyed']
 ['19' '197.88909624147638' 'presentdestroyed']
 ['20' '197.91812642585515' 'presentdestroyed']
 ['16' '199.84502804277037' 'present']
 ['20' '205.71256987947473' 'present']
 ['0' '209.13000121541674' 'marauded']
 ['19' '212.0023802741394' 'presentdestroyed']
 ['20' '213.44485047158616' 'presentdestroyed']
 ['14' '213.48983325867425' 'presentdestroyed']
 ['19' '218.54824265174176' 'marauded']
 ['20' '225.11522596300435' 'presentdestroyed']
 ['9' '229.59273812932466' 'present']
 ['8' '250.69749690323934' 'marauded']
 ['8' '252.13534401096945' 'presentdestroyed']
 ['0' '252.72688216904606' 'presentdestroyed']
 ['9' '255.89086696084894' 'presentdestroyed']
 ['7' '256.1843726267227' 'presentdestroyed']
 ['20' '258.5335742220936' 'present']
 ['6' '266.1814654614363' 'marauded']
 ['0' '268.30961927428467' 'presentdestroyed']
 ['22' '287.4722846837943' 'present']
 ['1' '287.71758337900576' 'present']
 ['16' '302.28735517382705' 'present']
 ['16' '306.3080448270241' 'marauded']
 ['1' '308.78861515261116' 'destroyed']
 ['18' '313.5733144529907' 'present']
 ['6' '318.4608492911507' 'marauded']
 ['18' '323.4834575273051' 'presentdestroyed']
 ['15' '343.85853099089013' 'present']
 ['9' '347.36877867022156' 'present']
 ['15' '348.5834945998083' 'present']
 ['0' '353.1351164995662' 'present']
 ['0' '356.85798143737514' 'marauded']
 ['13' '359.81984139130964' 'presentdestroyed']]","[['F111' '48.44361029055396' 'absent']
 ['F137' '162.1993837009329' 'destroyed']
 ['F136' '188.28527751784318' 'mated']
 ['F202' '218.9128758743729' 'destroyed']
 ['F86' '232.2578801793087' 'mated']
 ['F142' '271.8304621930941' 'absentdestroyed']
 ['F74' '272.0626454753437' 'destroyed']
 ['F179' '272.13653012892047' 'destroyed']
 ['F44' '277.14440627176776' 'mated']
 ['F177' '290.1056643459491' 'mated']
 ['F62' '300.5700421268703' 'absent']
 ['F198' '336.41968075511375' 'mated']]",568.0,72.08736050804825,15.993333369042547,1216.0,204.35903723550402,43.53632834137513,486.0,81.70100793724481,17.690189117866073,16.0,1.6000000000000003,0.1600000000000001,70.0,0.3240740740740741,0.0015003429355281194
12,0.054,9,360.51136146637594,"[['3' '6.246661760271442' 'present']
 ['15' '10.40436663343867' 'marauded']
 ['0' '17.478488953117555' 'presentdestroyed']
 ['15' '20.27589061767071' 'present']
 ['13' '20.96399763432708' 'present']
 ['14' '24.05218281738183' 'present']
 ['8' '25.54773566390493' 'marauded']
 ['23' '28.467579928548453' 'destroyed']
 ['17' '29.618435305621745' 'presentdestroyed']
 ['6' '33.111412244451294' 'present']
 ['16' '42.18037502252671' 'present']
 ['3' '50.53202742801621' 'present']
 ['3' '59.09306167560891' 'marauded']
 ['19' '60.13910490673545' 'presentdestroyed']
 ['16' '61.50223032659753' 'destroyed']
 ['9' '61.86389898860696' 'presentdestroyed']
 ['19' '80.21365017931825' 'present']
 ['9' '101.8660659095306' 'present']
 ['11' '111.34139956740879' 'present']
 ['11' '115.99550058892638' 'present']
 ['23' '137.28023128857672' 'present']
 ['8' '140.19382750371003' 'present']
 ['7' '141.66905133379697' 'present']
 ['13' '142.2160210221025' 'marauded']
 ['6' '175.04026359979656' 'present']
 ['18' '177.96984706924135' 'present']
 ['19' '190.4145285593035' 'present']
 ['0' '196.7359590289563' 'marauded']
 ['9' '200.40465768511618' 'destroyed']
 ['19' '211.09749413030735' 'present']
 ['19' '214.38173495884487' 'present']
 ['15' '217.20554062267894' 'present']
 ['7' '221.97501464088901' 'present']
 ['7' '222.99661593464305' 'present']
 ['7' '224.21800764383295' 'marauded']
 ['3' '224.90896206071307' 'presentdestroyed']
 ['15' '225.5846899628783' 'presentdestroyed']
 ['6' '228.97656535285645' 'presentdestroyed']
 ['18' '246.4220073497616' 'marauded']
 ['9' '246.58171526475192' 'presentdestroyed']
 ['0' '249.35465770038766' 'presentdestroyed']
 ['18' '260.0522748649845' 'marauded']
 ['16' '263.4969687278061' 'presentdestroyed']
 ['1' '270.01097281653153' 'present']
 ['13' '278.79691215541123' 'marauded']
 ['14' '287.8645938515862' 'present']
 ['7' '289.66323537683553' 'marauded']
 ['14' '289.7525229202774' 'destroyed']
 ['20' '298.02619116334034' 'marauded']
 ['22' '305.58072641710436' 'present']
 ['19' '311.1006112097309' 'present']
 ['22' '317.1127748823783' 'present']
 ['7' '318.5234219132477' 'marauded']
 ['15' '318.9013859983935' 'presentdestroyed']
 ['19' '325.6175736407112' 'presentdestroyed']
 ['1' '332.49539335680623' 'present']
 ['15' '349.2593525601716' 'marauded']
 ['22' '349.59413903623' 'presentdestroyed']
 ['1' '350.51364569239945' 'presentdestroyed']
 ['18' '355.84275055097766' 'presentdestroyed']
 ['17' '359.2696111142197' 'present']]","[['F149' '95.11907057252171' 'mated']
 ['F38' '112.66899332233315' 'absent']
 ['F45' '115.13620003051399' 'mated']
 ['F123' '126.16371635201236' 'mated']
 ['F132' '144.174104811602' 'destroyed']
 ['F212' '155.05773379506542' 'mated']
 ['F95' '160.8879596327764' 'mated']
 ['F136' '188.28296270302837' 'absent']
 ['F6' '196.85438831226938' 'destroyed']
 ['F131' '222.25134158089315' 'mated']
 ['F29' '233.83443767096173' 'absent']
 ['F110' '243.3523069234174' 'mated']
 ['F203' '256.0085395038361' 'mated']
 ['F154' '270.45732748398035' 'mated']
 ['F206' '290.6698831495361' 'absentdestroyed']
 ['F197' '297.2144735450728' 'absent']
 ['F34' '305.26427158078286' 'destroyed']]",561.0,74.5753749514941,17.5447786713204,1197.0,204.57343818237314,44.30524957271057,481.0,79.35486426689596,16.61835167629185,12.0,1.2,0.12000000000000005,73.0,0.3379629629629631,0.001564643347050753
13,0.054,9,359.9916068327829,"[['6' '13.544679313844556' 'marauded']
 ['15' '15.112414121873648' 'presentdestroyed']
 ['15' '25.83648970741761' 'present']
 ['20' '42.26920942747922' 'present']
 ['8' '54.164337666625485' 'present']
 ['7' '68.95312318746171' 'present']
 ['17' '79.24751012110835' 'marauded']
 ['17' '80.9634357803973' 'presentdestroyed']
 ['15' '88.12719614458551' 'present']
 ['0' '103.19688452897753' 'marauded']
 ['9' '112.40758069937154' 'present']
 ['0' '113.31040820743583' 'present']
 ['12' '120.65681981438175' 'present']
 ['20' '121.23025525242863' 'marauded']
 ['3' '131.08919532068617' 'present']
 ['22' '134.5318205892471' 'present']
 ['7' '138.96573673190397' 'present']
 ['0' '147.34374551961264' 'present']
 ['3' '151.20437847244165' 'present']
 ['3' '151.55242757429454' 'present']
 ['0' '162.16004480956616' 'present']
 ['15' '168.33338058664665' 'present']
 ['8' '168.74553970416972' 'present']
 ['17' '187.94276290339917' 'present']
 ['1' '193.14800446268725' 'present']
 ['20' '205.51320582718603' 'present']
 ['0' '207.79852186741402' 'present']
 ['15' '209.70738030269135' 'present']
 ['9' '226.10522340137248' 'present']
 ['0' '233.3933649877096' 'present']
 ['15' '243.73431800984864' 'present']
 ['23' '244.38304393077718' 'present']
 ['23' '244.3876735604068' 'present']
 ['8' '248.7437594442618' 'present']
 ['8' '249.8489174041337' 'present']
 ['9' '257.14726461583933' 'marauded']
 ['19' '261.0540435901849' 'presentdestroyed']
 ['7' '266.0071720682865' 'present']
 ['16' '273.1877158833708' 'present']
 ['19' '295.0739915650076' 'present']
 ['16' '296.1019642966196' 'present']
 ['17' '299.9493602959706' 'present']
 ['6' '309.1599146313824' 'present']
 ['22' '310.079666974205' 'present']
 ['19' '310.282827706352' 'marauded']
 ['14' '319.2843903627363' 'present']
 ['12' '331.9778523759861' 'present']
 ['1' '343.22555847630673' 'present']
 ['20' '344.3274643782897' 'marauded']
 ['12' '347.6747831057694' 'presentdestroyed']
 ['6' '351.5342829815218' 'destroyed']
 ['3' '352.4586196212745' 'present']
 ['0' '354.4735007958948' 'present']
 ['1' '357.4791929563448' 'present']
 ['15' '359.8627454071753' 'present']]","[['F185' '48.510094839143' 'mated']
 ['F65' '128.93385001226034' 'mated']
 ['F133' '135.61902627505194' 'mated']
 ['F132' '144.17873444123163' 'mated']
 ['F140' '158.2215611185355' 'mated']
 ['F81' '187.40945672430692' 'mated']
 ['F83' '213.15140063914023' 'mated']
 ['F51' '219.09629568184036' 'absent']
 ['F130' '224.18781563203368' 'mated']
 ['F172' '241.71442005140574' 'absent']
 ['F211' '255.79247594660094' 'mated']]",576.0,74.2645932658642,15.167919568677869,1421.0,241.0813886907195,52.001997468722,261.0,42.96669549354222,9.211408175307998,14.0,1.4000000000000001,0.14000000000000007,89.0,0.4120370370370375,0.001907578875171466
14,0.054,9,360.7173636902691,"[['15' '0.03489632229235097' 'present']
 ['9' '5.181732873057292' 'present']
 ['22' '9.57772050648442' 'marauded']
 ['13' '20.959368004697453' 'present']
 ['9' '21.236726832310357' 'present']
 ['13' '23.99936666184928' 'present']
 ['0' '24.286746418377838' 'marauded']
 ['17' '35.30851019890877' 'marauded']
 ['12' '40.04629314548977' 'destroyed']
 ['9' '40.48690769453039' 'presentdestroyed']
 ['16' '45.54792575488002' 'present']
 ['0' '49.67923691309119' 'present']
 ['13' '54.060219359165636' 'present']
 ['7' '54.75541885440848' 'present']
 ['18' '58.36060168313341' 'present']
 ['3' '59.94813569833615' 'present']
 ['23' '61.386587080437565' 'marauded']
 ['8' '80.86232797511451' 'present']
 ['17' '81.73548997113173' 'marauded']
 ['19' '82.3510594677996' 'presentdestroyed']
 ['6' '87.34486767237318' 'destroyed']
 ['13' '92.61688784235793' 'present']
 ['16' '100.23346108969916' 'present']
 ['1' '100.93030869525651' 'present']
 ['11' '102.61985921119985' 'present']
 ['11' '120.61822701684288' 'present']
 ['7' '124.34861259993673' 'present']
 ['7' '131.25387295324066' 'present']
 ['19' '132.50394084980877' 'present']
 ['18' '133.50094402050513' 'present']
 ['16' '134.30777737425277' 'present']
 ['7' '143.28302425802372' 'present']
 ['9' '157.35273938563827' 'present']
 ['8' '159.1121936603719' 'marauded']
 ['17' '160.1941097268349' 'presentdestroyed']
 ['3' '172.38257814061149' 'present']
 ['20' '173.93218857951456' 'present']
 ['22' '185.40405677021243' 'present']
 ['3' '188.17912140607535' 'present']
 ['19' '189.17542471058096' 'present']
 ['17' '191.81217961926288' 'present']
 ['8' '196.46231326427176' 'present']
 ['7' '213.79503569341338' 'present']
 ['7' '247.3114379657256' 'present']
 ['18' '247.94782823628898' 'marauded']
 ['0' '251.13062829905016' 'presentdestroyed']
 ['22' '251.72925431396695' 'presentdestroyed']
 ['1' '258.12979125062526' 'present']
 ['6' '279.03451753592884' 'marauded']
 ['6' '282.2773237846281' 'destroyed']
 ['19' '284.9023729976062' 'destroyed']
 ['7' '292.743210461671' 'present']
 ['20' '297.35995051695863' 'marauded']
 ['11' '298.0897707812498' 'presentdestroyed']
 ['17' '298.40321106904736' 'presentdestroyed']
 ['22' '298.46622585324343' 'presentdestroyed']
 ['8' '301.00955807697255' 'presentdestroyed']
 ['22' '304.49505718888884' 'present']
 ['22' '307.7179432972373' 'marauded']
 ['16' '308.3112160284977' 'presentdestroyed']
 ['6' '311.21181864740026' 'presentdestroyed']
 ['11' '315.6504798221857' 'destroyed']
 ['8' '329.12425898658245' 'present']
 ['0' '343.8492851939589' 'present']
 ['16' '345.9397186112478' 'present']]","[['F124' '2.38485218132792' 'mated']
 ['F175' '93.01844876407559' 'mated']
 ['F3' '133.94957760262346' 'mated']
 ['F32' '152.38674023179104' 'mated']
 ['F125' '177.90647230211354' 'mated']
 ['F1' '197.91113695599554' 'mated']
 ['F109' '210.43117634692186' 'absent']
 ['F144' '213.1048383910019' 'mated']
 ['F93' '239.8538919628874' 'mated']
 ['F98' '250.69668178570268' 'destroyed']
 ['F96' '274.82903899826005' 'absent']
 ['F24' '280.2594811248069' 'destroyed']
 ['F63' '328.6333114817183' 'mated']]",551.0,68.5715662721366,13.770350633008167,1365.0,228.8392478908898,48.617561024281486,366.0,61.14337298360609,13.0768506844565,11.0,1.0999999999999999,0.11000000000000004,75.0,0.3472222222222224,0.0016075102880658422
15,0.054,13,360.36197091051275,"[['7' '22.683708999804523' 'present']
 ['16' '29.014298026867955' 'present']
 ['17' '65.74801214572129' 'marauded']
 ['0' '71.92942005869013' 'presentdestroyed']
 ['22' '86.48891088187143' 'present']
 ['11' '89.86418235533854' 'present']
 ['0' '91.79679242050199' 'present']
 ['7' '92.09200695730505' 'present']
 ['16' '111.78818917704126' 'present']
 ['9' '130.02978166368158' 'present']
 ['6' '138.37457745697054' 'present']
 ['11' '151.52888413298905' 'present']
 ['16' '161.85801056001563' 'present']
 ['6' '171.17305662756414' 'present']
 ['13' '171.417715172992' 'present']
 ['16' '172.85534209866975' 'present']
 ['17' '180.48205009180668' 'marauded']
 ['7' '191.3415793472963' 'present']
 ['23' '198.66370003518455' 'present']
 ['17' '224.32201632685624' 'present']
 ['14' '233.83510391004918' 'present']
 ['19' '239.38247610698096' 'present']
 ['14' '244.50597252480014' 'present']
 ['17' '260.16801976921704' 'marauded']
 ['18' '264.06693178400917' 'presentdestroyed']
 ['3' '270.1402917939224' 'present']
 ['13' '270.4200118988026' 'present']
 ['3' '270.5615712329464' 'present']
 ['3' '271.32622067423273' 'present']
 ['1' '283.8733397137683' 'present']
 ['14' '291.1573474197386' 'present']
 ['13' '300.0544096255495' 'marauded']
 ['3' '300.32405903279295' 'presentdestroyed']
 ['22' '309.31951035985384' 'present']
 ['22' '327.56600046288713' 'present']
 ['8' '350.4203651895022' 'present']
 ['7' '352.14875005016614' 'present']
 ['17' '354.84012436526393' 'present']
 ['18' '356.0587724975818' 'present']
 ['13' '358.9147014134013' 'present']
 ['3' '359.4717411284057' 'present']
 ['17' '359.5069784134801' 'present']]","[['F170' '14.108158111297234' 'mated']
 ['F153' '94.79712939842635' 'mated']
 ['F134' '96.6374901801574' 'mated']
 ['F128' '117.55357241478401' 'mated']
 ['F13' '153.72918217027672' 'mated']
 ['F192' '173.56183073786812' 'mated']
 ['F209' '177.32218115574062' 'mated']
 ['F116' '212.46324046086747' 'mated']
 ['F205' '213.52561079152036' 'absent']
 ['F204' '223.60931632589197' 'mated']
 ['F107' '275.99422742859565' 'mated']
 ['F99' '308.9559560482927' '']
 ['F127' '328.9305481730567' 'mated']
 ['F75' '346.72098979187047' 'mated']
 ['F26' '350.125387599926' 'mated']]",574.0,70.29155824571156,13.733747291464937,1548.0,263.3680762525747,56.70210529460711,140.0,24.582344204702554,5.144716142293614,14.0,1.4000000000000001,0.14000000000000007,84.0,0.38888888888888923,0.0018004115226337432
16,0.054,7,359.9214811231286,"[['19' '2.090614957534134' 'present']
 ['22' '3.546617584701486' 'present']
 ['12' '9.877776843413214' 'marauded']
 ['13' '23.331406363284607' 'present']
 ['1' '25.820747344134706' 'present']
 ['20' '30.020740015540042' 'present']
 ['18' '38.282539700242914' 'present']
 ['13' '42.372786919766526' 'present']
 ['15' '44.47093112403326' 'present']
 ['15' '53.38091413718048' 'marauded']
 ['23' '53.5917229143748' 'presentdestroyed']
 ['7' '57.28182557505642' 'presentdestroyed']
 ['6' '61.23413320724336' 'present']
 ['22' '66.83456883482344' 'marauded']
 ['8' '76.72657161424944' 'present']
 ['7' '78.81182159729498' 'present']
 ['17' '83.47861430018908' 'present']
 ['1' '98.07821414820508' 'present']
 ['6' '103.73052123350668' 'present']
 ['11' '113.8583221268461' 'present']
 ['0' '115.19898838396533' 'marauded']
 ['0' '119.79197268119519' 'destroyed']
 ['18' '121.55222634220304' 'presentdestroyed']
 ['6' '129.06448302746827' 'present']
 ['3' '134.76609606058904' 'present']
 ['18' '146.30918955521545' 'present']
 ['3' '161.57388456498407' 'present']
 ['13' '176.42698729360606' 'present']
 ['1' '176.44045740214784' 'present']
 ['1' '177.6666944122041' 'present']
 ['0' '185.5425050059128' 'present']
 ['19' '195.7717501823888' 'present']
 ['1' '196.5507649437559' 'present']
 ['11' '202.51710439479157' 'marauded']
 ['15' '203.7403267827789' 'presentdestroyed']
 ['18' '216.2564048265253' 'marauded']
 ['12' '240.12312643346948' 'present']
 ['22' '245.83115925146228' 'present']
 ['13' '246.69575298246926' 'present']
 ['11' '250.3465562736127' 'marauded']
 ['17' '264.8709027154365' 'marauded']
 ['12' '272.0726536875693' 'presentdestroyed']
 ['23' '273.7709892698677' 'present']
 ['3' '273.838413073703' 'present']
 ['6' '301.37902086463725' 'present']
 ['19' '313.91920238496914' 'present']
 ['23' '315.2577266966253' 'marauded']
 ['7' '335.3297813141857' 'present']
 ['8' '351.7581732960434' 'present']
 ['11' '351.853714310137' 'present']]","[['F180' '14.51967806445487' 'destroyed']
 ['F111' '48.441295475739146' 'absent']
 ['F111' '48.44592510536878' 'absent']
 ['F111' '48.45055473499841' 'absent']
 ['F23' '95.39642126305863' 'mated']
 ['F87' '141.74460126456475' 'mated']
 ['F52' '187.30278652448223' 'mated']
 ['F69' '237.2011679728847' 'absent']
 ['F74' '272.06033066052885' 'destroyed']
 ['F72' '277.04767743024274' 'mated']
 ['F20' '277.3968929633988' 'mated']
 ['F34' '305.26890121041254' 'mated']
 ['F155' '331.35233471847886' 'mated']]",566.0,70.03017434250935,15.022697333862544,1362.0,233.9572637551869,50.54970472763058,329.0,54.945434060263516,11.489277121515261,7.0,0.7,0.07,91.0,0.4212962962962968,0.001950445816186555
17,0.054,9,360.10858045757215,"[['19' '2.8686860512861325' 'present']
 ['0' '17.373859323487927' 'marauded']
 ['9' '29.789156860149404' 'present']
 ['19' '32.18143765266329' 'present']
 ['15' '42.30620683937584' 'present']
 ['9' '45.52088780848016' 'present']
 ['22' '51.50639087723885' 'present']
 ['7' '52.14408892656656' 'present']
 ['11' '54.934505661302516' 'present']
 ['22' '58.4332464693' 'present']
 ['23' '65.96119539931146' 'present']
 ['0' '75.763601069378' 'present']
 ['8' '76.29845693875089' 'present']
 ['23' '83.20788908539372' 'present']
 ['15' '88.23219712930205' 'present']
 ['16' '95.20330433070988' 'present']
 ['22' '96.27642821744708' 'marauded']
 ['11' '105.92882040118795' 'present']
 ['11' '109.04127477457595' 'marauded']
 ['11' '110.00018365394169' 'presentdestroyed']
 ['12' '119.11219522740792' 'present']
 ['13' '143.21639533122' 'present']
 ['3' '143.7944887696464' 'present']
 ['20' '162.69286893384054' 'present']
 ['8' '165.98925319730364' 'present']
 ['11' '170.88684158232846' 'marauded']
 ['0' '172.8615815202627' 'destroyed']
 ['0' '174.47614501051373' 'presentdestroyed']
 ['12' '193.5984379240759' 'present']
 ['16' '200.7989711663605' 'present']
 ['7' '205.64605309765662' 'present']
 ['19' '210.54310820296237' 'present']
 ['13' '226.50517541598506' 'present']
 ['22' '237.552960423876' 'present']
 ['7' '242.2043904540872' 'present']
 ['15' '244.24600274727902' 'marauded']
 ['19' '245.82031404539518' 'presentdestroyed']
 ['0' '259.62858272285655' 'present']
 ['23' '260.9049444108895' 'present']
 ['9' '264.53266608479487' 'present']
 ['13' '273.2897657191931' 'present']
 ['6' '275.1408746736685' 'marauded']
 ['22' '277.3559115955145' 'presentdestroyed']
 ['16' '285.12076786531304' 'present']
 ['22' '285.9781586714936' 'present']
 ['19' '286.77749297126303' 'present']
 ['19' '299.4970247132968' 'present']
 ['6' '300.85334038896065' 'marauded']
 ['3' '302.1450166128632' 'presentdestroyed']
 ['12' '305.5894057453958' 'presentdestroyed']
 ['14' '320.2287085915006' 'marauded']
 ['3' '327.2157634568404' 'destroyed']
 ['9' '327.77542924730784' 'present']
 ['12' '329.7562736436948' 'present']
 ['6' '340.42235914057807' 'present']
 ['14' '343.0897590186529' 'present']
 ['16' '343.4973077422881' 'present']
 ['22' '343.5506940442044' 'present']]","[['F77' '9.74788716281663' 'mated']
 ['F108' '60.84984478070278' 'mated']
 ['F91' '83.5763990588218' 'mated']
 ['F188' '89.2499178917226' 'mated']
 ['F112' '139.14118541314866' 'mated']
 ['F137' '162.1970688861181' 'absent']
 ['F117' '165.18767519524522' 'mated']
 ['F169' '170.7774468858492' 'mated']
 ['F12' '177.4680829542811' 'destroyed']
 ['F6' '196.8567031270842' 'mated']
 ['F51' '219.09398086702555' 'absent']
 ['F115' '246.56687743371978' 'absentdestroyed']
 ['F105' '246.86615899167097' 'destroyed']
 ['F17' '278.8625366897476' 'destroyed']
 ['F191' '293.85620076900886' 'mated']]",556.0,73.07615639852293,16.422783643239352,1381.0,236.357961921286,51.01696002822615,293.0,48.51348681252073,10.193315936728304,18.0,1.8000000000000005,0.1800000000000001,104.0,0.48148148148148223,0.002229080932784637
18,0.054,5,359.94736041830254,"[['6' '1.5276359061633566' 'present']
 ['0' '1.668570585301474' 'present']
 ['22' '2.347627540551518' 'marauded']
 ['23' '5.023770194232051' 'presentdestroyed']
 ['8' '9.166763311419714' 'presentdestroyed']
 ['1' '9.712601671797946' 'presentdestroyed']
 ['22' '12.56091801070611' 'marauded']
 ['13' '12.763450058537313' 'presentdestroyed']
 ['15' '12.819616900373127' 'presentdestroyed']
 ['14' '20.7761151265696' 'present']
 ['20' '25.482064003421883' 'present']
 ['20' '39.0495110900161' 'marauded']
 ['16' '51.555264553266795' 'present']
 ['13' '52.17473287138791' 'present']
 ['9' '70.00121277766401' 'present']
 ['14' '77.50964030244606' 'marauded']
 ['15' '87.9412426284138' 'present']
 ['0' '88.39482103611441' 'present']
 ['17' '90.95154841340597' 'present']
 ['8' '101.57274420184675' 'present']
 ['16' '108.7590513446244' 'present']
 ['9' '115.46978896559155' 'present']
 ['17' '117.63199275649777' 'present']
 ['15' '118.18423955563152' 'present']
 ['12' '122.27184556168197' 'present']
 ['14' '128.76797227084964' 'present']
 ['3' '136.42666938555578' 'present']
 ['23' '138.6794234010905' 'marauded']
 ['7' '144.47469095371363' 'presentdestroyed']
 ['13' '149.118774225031' 'marauded']
 ['3' '152.00452057277' 'presentdestroyed']
 ['20' '155.66567440374928' 'presentdestroyed']
 ['15' '158.26923365710502' 'marauded']
 ['23' '160.88076537611317' 'presentdestroyed']
 ['1' '165.22692331186383' 'destroyed']
 ['8' '167.8597287884762' 'marauded']
 ['12' '177.1515226607439' 'present']
 ['17' '186.23483171098334' 'present']
 ['15' '196.0328852973723' 'present']
 ['13' '199.61000246649405' 'present']
 ['12' '205.29729572859816' 'present']
 ['15' '223.94823172462952' 'present']
 ['3' '225.22509228751844' 'marauded']
 ['0' '226.74971908360394' 'presentdestroyed']
 ['14' '228.35505618709144' 'presentdestroyed']
 ['15' '232.30000118695332' 'presentdestroyed']
 ['20' '236.4204199099809' 'marauded']
 ['17' '237.8083788372998' 'presentdestroyed']
 ['14' '240.68984777875662' 'presentdestroyed']
 ['19' '242.61263192931412' 'presentdestroyed']
 ['20' '253.8301491150073' 'present']
 ['14' '262.5039382406024' 'present']
 ['20' '263.1420066332734' 'present']
 ['8' '264.8857731353353' 'marauded']
 ['1' '265.4601143651944' 'presentdestroyed']
 ['7' '267.7201915235657' 'presentdestroyed']
 ['23' '274.9045394170548' 'present']
 ['13' '279.55662493697787' 'marauded']
 ['11' '280.5312442384804' 'presentdestroyed']
 ['3' '284.784374427981' 'presentdestroyed']
 ['1' '287.7129537493761' 'present']
 ['8' '288.00166330815' 'marauded']
 ['1' '291.2055102779582' 'presentdestroyed']
 ['17' '309.4168935995144' 'present']
 ['15' '312.99595029902275' 'present']
 ['12' '317.00163370458756' 'present']
 ['8' '324.38689625072203' 'present']
 ['0' '327.0359422062049' 'present']
 ['19' '331.0827269553811' 'present']
 ['16' '333.3168018930492' 'marauded']
 ['23' '338.1836912961208' 'presentdestroyed']
 ['20' '340.7330874977783' 'present']
 ['7' '348.3876306183957' 'present']
 ['19' '352.8844771913423' 'present']
 ['13' '353.66524202168785' 'present']
 ['1' '355.32770175959695' 'present']
 ['3' '357.6583106840277' 'present']]","[['F61' '24.693793943375713' 'mated']
 ['F76' '78.56501152711377' 'destroyed']
 ['F141' '179.20484701190497' 'mated']
 ['F181' '205.40826498566494' 'mated']
 ['F18' '214.1723598990729' 'mated']
 ['F179' '272.1388449437353' 'destroyed']
 ['F17' '278.8602218749328' 'absent']
 ['F89' '341.6142913353961' 'mated']
 ['F79' '346.5429058672217' 'absent']
 ['F138' '352.2463584633963' 'absent']]",572.0,67.40572321036696,12.658202627662419,1181.0,205.36412795493777,44.84973580981841,500.0,85.8105704433076,18.915079800563756,12.0,1.2,0.12000000000000005,70.0,0.3240740740740741,0.0015003429355281194
19,0.054,8,360.1575445878258,"[['16' '1.1376348062312545' 'present']
 ['12' '9.757470011122974' 'present']
 ['13' '10.756331473205293' 'marauded']
 ['17' '11.023241372857848' 'presentdestroyed']
 ['15' '14.236937363516237' 'presentdestroyed']
 ['6' '17.857620415985267' 'presentdestroyed']
 ['15' '34.858904455596075' 'marauded']
 ['15' '35.14321629519235' 'destroyed']
 ['3' '39.89177751013437' 'presentdestroyed']
 ['3' '46.79377160788699' 'present']
 ['9' '47.582257953458374' 'present']
 ['14' '54.552797779646454' 'present']
 ['0' '57.92082482676398' 'present']
 ['13' '58.592425947791554' 'present']
 ['7' '69.43946294146919' 'present']
 ['8' '80.00547501522875' 'present']
 ['12' '85.43309730810049' 'present']
 ['7' '94.69254117108152' 'marauded']
 ['16' '95.2079339603395' 'presentdestroyed']
 ['13' '99.10442632468141' 'destroyed']
 ['8' '104.6453052635707' 'marauded']
 ['9' '105.88607615162304' 'presentdestroyed']
 ['6' '107.17450435264828' 'presentdestroyed']
 ['15' '114.78326010750891' 'marauded']
 ['23' '118.39352692098394' 'presentdestroyed']
 ['9' '121.86433731485405' 'presentdestroyed']
 ['23' '123.58001671902208' 'present']
 ['18' '133.50557365013475' 'present']
 ['22' '133.8373786346358' 'present']
 ['9' '134.6216000285271' 'present']
 ['14' '136.9949029537474' 'marauded']
 ['23' '137.82811468252072' 'presentdestroyed']
 ['22' '141.52501090168235' 'destroyed']
 ['12' '141.87253550286098' 'presentdestroyed']
 ['12' '155.5363729187639' 'present']
 ['14' '169.49777088007212' 'present']
 ['14' '176.55661848378804' 'marauded']
 ['20' '176.65108611950103' 'presentdestroyed']
 ['18' '177.96521743961173' 'presentdestroyed']
 ['14' '182.96763370899626' 'presentdestroyed']
 ['0' '185.53787537628318' 'present']
 ['3' '203.0565963878158' 'present']
 ['15' '214.13230604143135' 'present']
 ['22' '220.92829076936277' 'present']
 ['9' '222.23366017476047' 'present']
 ['11' '227.57717550921842' 'present']
 ['20' '227.65453379982054' 'present']
 ['6' '231.4305644710627' 'marauded']
 ['13' '247.82714688619282' 'present']
 ['3' '249.1361555210278' 'marauded']
 ['22' '251.9684182851973' 'presentdestroyed']
 ['17' '252.23438795767558' 'destroyed']
 ['17' '252.26328558575653' 'destroyed']
 ['17' '265.4335866386332' 'present']
 ['13' '272.7231466310092' 'marauded']
 ['22' '286.25177181703344' 'present']
 ['6' '294.4367177814057' 'present']
 ['0' '295.7195796817134' 'present']
 ['1' '296.70596418630026' 'present']
 ['20' '311.86932043100506' 'present']
 ['1' '331.3530408810745' 'present']
 ['14' '337.6045962280313' 'present']
 ['14' '342.58635067899525' 'marauded']
 ['6' '348.28733502911547' 'destroyed']
 ['17' '350.79868732093405' 'present']
 ['7' '352.3297638855246' 'present']]","[['F111' '48.448239920183596' 'absent']
 ['F45' '103.12694077125475' 'absent']
 ['F42' '117.52888659239869' 'destroyed']
 ['F88' '137.09738317757783' 'destroyed']
 ['F112' '139.13887059833385' 'destroyed']
 ['F132' '144.17641962641682' 'destroyed']
 ['F137' '162.20169851574772' 'mated']
 ['F35' '176.27020917470034' 'mated']
 ['F209' '177.3198663409258' 'destroyed']
 ['F56' '179.35092669621193' 'absentdestroyed']
 ['F25' '214.22060485735958' 'mated']
 ['F27' '216.93085196014' 'absent']
 ['F202' '218.91750550400252' 'absent']
 ['F69' '237.2034827876995' 'destroyed']
 ['F19' '241.02300622329793' 'mated']
 ['F105' '246.86847380648578' 'mated']
 ['F47' '261.27297515127907' 'mated']
 ['F74' '272.058015845714' 'absent']
 ['F107' '275.9919126137808' 'destroyed']
 ['F17' '278.85790706011795' 'absentdestroyed']
 ['F106' '289.88518097265893' 'mated']
 ['F206' '290.66756833472124' 'absent']
 ['F191' '293.853885954194' 'absent']
 ['F129' '315.9188191146604' 'mated']]",552.0,69.21221513452552,13.951013129828223,1334.0,222.73935899760926,46.869274532802685,393.0,66.69587180842753,14.319602118225516,11.0,1.0999999999999999,0.11000000000000004,79.0,0.365740740740741,0.0016932441700960204
20,0.054,9,360.42514580133553,"[['17' '0.1902885704426384' 'present']
 ['9' '0.40608491202050434' 'present']
 ['16' '3.3594481593563215' 'present']
 ['17' '7.827661274840473' 'present']
 ['8' '10.422410186952188' 'present']
 ['22' '11.241968354822886' 'present']
 ['8' '28.362694457799602' 'present']
 ['7' '32.51773160227564' 'present']
 ['15' '43.44802832617802' 'marauded']
 ['22' '44.86820870403827' 'destroyed']
 ['16' '46.53601627286555' 'presentdestroyed']
 ['17' '48.25682664499601' 'presentdestroyed']
 ['0' '49.48020434195293' 'presentdestroyed']
 ['22' '50.55425314399669' 'marauded']
 ['15' '52.84924652267954' 'presentdestroyed']
 ['11' '60.185131577677375' 'marauded']
 ['17' '60.777048839248884' 'presentdestroyed']
 ['11' '63.91298303971769' 'destroyed']
 ['1' '69.57077446147763' 'present']
 ['19' '69.99499722037731' 'marauded']
 ['15' '75.6947399744642' 'presentdestroyed']
 ['0' '80.26622848161942' 'present']
 ['1' '92.69548059430274' 'present']
 ['3' '94.90771231232743' 'marauded']
 ['3' '96.86345818672257' 'presentdestroyed']
 ['15' '109.58967733770177' 'present']
 ['16' '113.28028724565384' 'present']
 ['18' '115.54835119347915' 'present']
 ['23' '121.29715910027498' 'marauded']
 ['22' '130.89159402467166' 'marauded']
 ['16' '133.53533750453056' 'destroyed']
 ['13' '133.65712728242286' 'destroyed']
 ['13' '138.24011705132008' 'presentdestroyed']
 ['1' '141.2900141463443' 'marauded']
 ['6' '144.63246315000004' 'presentdestroyed']
 ['3' '165.06542793334543' 'present']
 ['3' '174.90047451161288' 'present']
 ['3' '179.76166500048708' 'present']
 ['9' '181.56342331890355' 'present']
 ['18' '191.92261024524188' 'present']
 ['15' '197.28054117590344' 'present']
 ['11' '204.8302561334037' 'present']
 ['19' '207.71918104968884' 'present']
 ['17' '209.2493891209025' 'present']
 ['0' '213.0218942185324' 'present']
 ['6' '214.84043187240303' 'marauded']
 ['9' '215.26974041748517' 'presentdestroyed']
 ['7' '216.4942332621315' 'presentdestroyed']
 ['18' '218.4746264542704' 'presentdestroyed']
 ['1' '219.4720918019593' 'presentdestroyed']
 ['23' '220.50144845240726' 'destroyed']
 ['22' '221.09294692590868' 'presentdestroyed']
 ['15' '236.54321717785712' 'present']
 ['18' '251.80395630685246' 'present']
 ['14' '258.7707055154216' 'present']
 ['18' '263.7165769004701' 'present']
 ['0' '287.1724925075331' 'present']
 ['3' '295.94643667857366' 'present']
 ['12' '297.22142028285447' 'present']
 ['3' '298.6067488158354' 'marauded']
 ['7' '316.70661176712525' 'present']
 ['18' '324.0897651298193' 'present']
 ['11' '326.7234670017037' 'marauded']
 ['17' '330.24451594671586' 'destroyed']
 ['15' '335.60405418665675' 'present']
 ['6' '337.5655091949143' 'present']
 ['12' '342.35712575590776' 'present']
 ['22' '344.64041573037963' 'present']
 ['0' '344.7042400706194' 'present']
 ['3' '353.42925247042115' 'marauded']
 ['1' '353.9941927863218' 'presentdestroyed']
 ['19' '356.6509170534162' 'presentdestroyed']
 ['9' '359.1061388769174' 'presentdestroyed']]","[['F158' '41.72552487303154' 'mated']
 ['F187' '55.71587632857386' 'destroyed']
 ['F37' '90.21314281852533' 'mated']
 ['F82' '120.97633800647523' 'mated']
 ['F193' '122.01650719453627' 'destroyed']
 ['F40' '152.460807910088' 'mated']
 ['F49' '204.57523602975792' 'mated']
 ['F50' '214.52834464913937' 'mated']
 ['F51' '219.10092531146998' 'destroyed']
 ['F97' '228.44269034063342' 'absent']
 ['F152' '253.91269138523788' 'mated']
 ['F68' '260.8111988031063' 'mated']
 ['F113' '267.66732088763297' 'absent']
 ['F74' '272.0649602901585' 'absent']
 ['F179' '272.14115975855015' 'absent']
 ['F24' '280.2617959396217' 'mated']]",566.0,70.68020293852311,14.740732513271933,1270.0,214.83318245878627,45.64968376322182,431.0,72.91870973873029,15.750422232392621,13.0,1.3,0.13000000000000006,67.0,0.3101851851851852,0.0014360425240054857
21,0.0,6,360.17716824452776,"[['13' '7.811757316421958' 'present']
 ['20' '14.460819899061184' 'marauded']
 ['13' '26.383951897359143' 'present']
 ['22' '27.025243696148774' 'present']
 ['18' '33.04754745452852' 'present']
 ['16' '34.88721551027887' 'marauded']
 ['12' '35.38930323244931' 'presentdestroyed']
 ['9' '40.95333526081266' 'presentdestroyed']
 ['11' '41.99506406433226' 'present']
 ['14' '43.90434438470558' 'present']
 ['17' '44.36758710752711' 'marauded']
 ['17' '48.50641726584164' 'presentdestroyed']
 ['13' '50.837788279078474' 'presentdestroyed']
 ['16' '50.84113923256419' 'presentdestroyed']
 ['1' '55.06297328160555' 'marauded']
 ['22' '58.59159634310088' 'destroyed']
 ['13' '64.8123536797983' 'present']
 ['6' '68.22389964928223' 'present']
 ['16' '85.68015531493187' 'present']
 ['6' '91.71448911895325' 'present']
 ['7' '92.09663658693466' 'present']
 ['22' '94.22941911899956' 'present']
 ['9' '101.75311105293876' 'present']
 ['16' '105.01654982105701' 'present']
 ['7' '122.89875467903623' 'present']
 ['22' '127.68950735076808' 'present']
 ['18' '132.56420425746157' 'present']
 ['7' '134.04060996614214' 'present']
 ['6' '134.1045176991384' 'marauded']
 ['14' '137.7020351213935' 'presentdestroyed']
 ['20' '139.09789211869105' 'presentdestroyed']
 ['16' '148.24157176570884' 'present']
 ['22' '160.69305906520108' 'present']
 ['6' '161.82430249109444' 'present']
 ['1' '162.4130906569778' 'present']
 ['13' '166.37883055412735' 'present']
 ['8' '171.78039475431265' 'present']
 ['20' '177.61469001766645' 'present']
 ['18' '181.3844970208698' 'present']
 ['1' '193.4112674757974' 'present']
 ['6' '194.83847332883735' 'marauded']
 ['23' '194.89872544023206' 'destroyed']
 ['0' '199.79666564774683' 'presentdestroyed']
 ['13' '207.4562957868994' 'present']
 ['9' '207.90611777546246' 'present']
 ['20' '213.04145180353433' 'present']
 ['12' '220.13933792872243' 'marauded']
 ['13' '235.59741320969945' 'marauded']
 ['3' '252.31312534104353' 'present']
 ['22' '255.34852967865336' 'present']
 ['19' '259.57414349084524' 'present']
 ['15' '259.7707748985559' 'present']
 ['19' '260.06549611869656' 'present']
 ['1' '260.2618815791061' 'present']
 ['19' '261.3710977903412' 'present']
 ['22' '263.5455454736009' 'present']
 ['22' '277.3605412251442' 'present']
 ['11' '282.90128755574347' 'present']
 ['3' '287.76915366759135' 'present']
 ['3' '288.991408418198' 'marauded']
 ['23' '289.6594252375374' 'destroyed']
 ['3' '298.0226160226334' 'present']
 ['11' '299.1411168151976' 'present']
 ['17' '309.41226396988475' 'present']
 ['22' '316.75091589778987' 'present']
 ['1' '330.17413756350624' 'present']
 ['7' '332.82971245543825' 'marauded']]","[['F31' '0.6108705283610386' 'mated']
 ['F10' '74.6279761148108' 'mated']
 ['F11' '115.70591142654303' 'mated']
 ['F208' '117.98434339326892' 'absent']
 ['F164' '124.02252246457266' 'mated']
 ['F92' '250.09923739031265' 'mated']
 ['F147' '358.67277567868206' 'mated']]",572.0,70.8191649763732,14.510128578448938,1331.0,228.55261946781297,50.19649162596243,359.0,60.81205209042708,13.174911384432134,0.0,0.0,0.0,0.0,0.0,0.0
22,0.054,9,360.63056963443387,"[['8' '3.963050411230207' 'present']
 ['15' '37.40205905367623' 'marauded']
 ['3' '39.600748005104386' 'presentdestroyed']
 ['16' '41.37446578595054' 'presentdestroyed']
 ['20' '42.264579797849585' 'destroyed']
 ['23' '45.622656442689326' 'present']
 ['9' '49.51216171701467' 'present']
 ['11' '53.620513340309586' 'present']
 ['17' '91.95813798375752' 'present']
 ['13' '92.68027903689566' 'present']
 ['13' '93.71576527114014' 'present']
 ['7' '99.20740856631119' 'present']
 ['9' '101.59343735873523' 'present']
 ['8' '107.86496555836936' 'marauded']
 ['17' '119.04315201465869' 'present']
 ['14' '127.60906302551484' 'present']
 ['6' '128.6502896782267' 'present']
 ['7' '145.653775756418' 'marauded']
 ['18' '147.33884070829882' 'presentdestroyed']
 ['13' '162.7133269757161' 'present']
 ['8' '163.5180257340673' 'marauded']
 ['18' '194.41819776576963' 'marauded']
 ['8' '200.67308146695174' 'presentdestroyed']
 ['15' '203.0682422560192' 'present']
 ['20' '205.90361931068117' 'present']
 ['7' '208.71944697186575' 'present']
 ['1' '213.21297734172543' 'present']
 ['1' '213.53514404408685' 'marauded']
 ['7' '214.23621619887066' 'presentdestroyed']
 ['15' '215.44212743435585' 'presentdestroyed']
 ['17' '219.5697630235222' 'presentdestroyed']
 ['13' '219.80144998421503' 'presentdestroyed']
 ['18' '220.22077495326144' 'presentdestroyed']
 ['3' '221.3602012190133' 'present']
 ['3' '223.03090617996003' 'present']
 ['13' '228.41809415249017' 'present']
 ['16' '230.8006138737647' 'present']
 ['8' '234.80587381132472' 'present']
 ['0' '234.98045699984053' 'present']
 ['0' '243.3518386102089' 'present']
 ['19' '248.33023759497434' 'present']
 ['18' '255.23791302294347' 'present']
 ['17' '260.51787862574156' 'present']
 ['0' '264.4873437184796' 'present']
 ['1' '264.69164722422653' 'present']
 ['7' '265.7822545588863' 'present']
 ['12' '271.3076611841613' 'present']
 ['8' '284.14305495541333' 'present']
 ['1' '287.9575649774778' 'marauded']
 ['16' '294.16465704199885' 'presentdestroyed']
 ['14' '297.22176222922343' 'present']
 ['1' '317.5020097436709' 'present']
 ['23' '318.93824358413536' 'present']
 ['19' '319.2783709980706' 'marauded']
 ['3' '324.12087280907195' 'destroyed']
 ['14' '328.92847008174454' 'present']
 ['20' '335.9615039250658' 'marauded']
 ['13' '342.2339582039106' 'presentdestroyed']
 ['9' '347.77749725606276' 'present']
 ['18' '353.546680065965' 'marauded']
 ['1' '353.8406104010772' 'presentdestroyed']]","[['F76' '78.56732634192858' 'mated']
 ['F122' '86.16624621072293' 'mated']
 ['F182' '102.60729808071001' 'mated']
 ['F45' '103.13157040088437' 'absent']
 ['F38' '112.66436369270353' 'absentdestroyed']
 ['F166' '155.64389114743844' 'mated']
 ['F60' '192.17695038240154' 'mated']
 ['F210' '193.11157610363517' 'mated']
 ['F59' '207.7076924252976' 'mated']
 ['F51' '219.09861049665517' 'destroyed']
 ['F97' '228.44500515544823' 'mated']
 ['F34' '305.2665863955977' 'absent']
 ['F89' '341.6096617057664' 'destroyed']
 ['F138' '352.24867327821113' 'mated']]",555.0,66.19509899480622,13.192872891073014,1356.0,231.79772841956986,50.122773000518954,369.0,60.12621385898846,12.545423150993626,15.0,1.5000000000000002,0.15000000000000008,97.0,0.4490740740740747,0.0020790466392318235
23,0.054,7,360.52404699626436,"[['13' '9.862737996312518' 'marauded']
 ['17' '26.684729207987452' 'present']
 ['9' '29.784527230519778' 'present']
 ['6' '42.443324788010806' 'present']
 ['3' '46.11142382485092' 'marauded']
 ['6' '47.54941523874211' 'presentdestroyed']
 ['7' '55.67693103727857' 'present']
 ['8' '56.108809291271506' 'present']
 ['16' '66.02609813486761' 'present']
 ['7' '71.10783103307493' 'marauded']
 ['19' '72.19191530275279' 'presentdestroyed']
 ['3' '83.60709892101616' 'present']
 ['12' '85.25738397025177' 'marauded']
 ['0' '93.82614785717074' 'present']
 ['17' '95.68644009153769' 'marauded']
 ['11' '99.81642331822162' 'destroyed']
 ['8' '105.6657519400843' 'marauded']
 ['12' '106.74006082541807' 'destroyed']
 ['3' '109.89071010889279' 'presentdestroyed']
 ['20' '114.0736963867311' 'present']
 ['3' '126.43465076191532' 'marauded']
 ['0' '126.71303104577011' 'presentdestroyed']
 ['0' '132.83876238109178' 'destroyed']
 ['15' '134.17759341995728' 'present']
 ['13' '139.70151415025146' 'marauded']
 ['13' '161.21247712714657' 'marauded']
 ['20' '163.84275080753582' 'presentdestroyed']
 ['11' '172.83672251289426' 'marauded']
 ['14' '175.7963934646226' 'destroyed']
 ['18' '180.2056445262984' 'presentdestroyed']
 ['18' '182.42767561874226' 'present']
 ['0' '183.7541921562418' 'marauded']
 ['0' '185.21802379228333' 'presentdestroyed']
 ['22' '187.87424662467527' 'presentdestroyed']
 ['0' '193.68164595685394' 'present']
 ['19' '196.41085223075012' 'present']
 ['17' '201.24749173559306' 'marauded']
 ['14' '204.26357298252498' 'presentdestroyed']
 ['13' '213.67143952066075' 'present']
 ['18' '222.31282139280802' 'present']
 ['17' '225.12891743381508' 'marauded']
 ['15' '227.04521512319474' 'destroyed']
 ['7' '231.23108355421726' 'presentdestroyed']
 ['7' '233.016480320253' 'present']
 ['15' '245.81220826788686' 'present']
 ['16' '246.08914353908742' 'present']
 ['13' '251.052930591512' 'present']
 ['15' '254.08770228832333' 'present']
 ['17' '254.56789023354642' 'present']
 ['7' '261.32706556012965' 'present']
 ['15' '268.5742885496672' 'present']
 ['19' '269.9395131907654' 'present']
 ['11' '275.4779854245548' 'marauded']
 ['14' '288.4127690473171' 'present']
 ['14' '297.3611004684307' 'present']
 ['16' '297.6804357729406' 'present']
 ['13' '297.70059233368386' 'present']
 ['6' '299.06654205482437' 'present']
 ['6' '307.8913238148474' 'present']
 ['18' '312.9430080242354' 'present']
 ['9' '321.83611423446075' 'marauded']
 ['12' '341.36578417656006' 'marauded']
 ['18' '343.6632850190904' 'presentdestroyed']
 ['6' '349.2898106525665' 'destroyed']]","[['F151' '38.87987670586825' 'mated']
 ['F182' '102.6049832658952' 'destroyed']
 ['F45' '103.12925558606956' 'destroyed']
 ['F120' '129.96682314331295' 'destroyed']
 ['F125' '177.90415748729873' 'destroyed']
 ['F7' '211.42808589749598' 'mated']
 ['F171' '222.47287158589603' 'mated']
 ['F98' '250.6989966005175' 'mated']
 ['F203' '256.0062246890213' 'absent']
 ['F22' '271.3632705832317' 'mated']
 ['F96' '274.8313538130749' 'mated']
 ['F177' '290.10334953113426' 'absent']
 ['F62' '300.57235694168514' 'mated']
 ['F75' '346.71404534742595' 'destroyed']]",568.0,72.42457089525016,14.977664299481791,1121.0,188.06206320108143,40.01454238666984,584.0,98.23542679022862,20.89948917283216,10.0,0.9999999999999999,0.10000000000000003,62.0,0.2870370370370369,0.001328875171467763
