id,probability_maraud,successful_mating,next_foraging_time,mar_attempts,mate_attempts,foraging_events,foraging_hrs,foraging_sqhrs,staying_events,staying_hrs,staying_sqhrs,repairing_events,repairing_hrs,repairing_sqhrs,marauding_events,marauding_hrs,marauding_sqhrs,traveling_events,traveling_hrs,traveling_sqhrs
0,0.0,7,360.2722059560706,"[['2' '2.516245030701502' 'present']
 ['21' '10.950556437709176' 'present']
 ['15' '13.346093189898534' 'marauded']
 ['18' '19.990432445216694' 'presentdestroyed']
 ['6' '21.51098349351763' 'present']
 ['9' '23.479947175045254' 'present']
 ['1' '24.66842111178658' 'present']
 ['9' '27.910579378871258' 'present']
 ['5' '57.6774787331949' 'present']
 ['1' '60.125520181039946' 'present']
 ['5' '66.95948663643051' 'present']
 ['12' '75.71241038513708' 'present']
 ['7' '81.84189031866985' 'present']
 ['20' '81.93762345286466' 'present']
 ['5' '89.38357293610231' 'marauded']
 ['11' '92.35821246713705' 'presentdestroyed']
 ['11' '117.56447102869087' 'present']
 ['16' '137.88244357121462' 'present']
 ['18' '145.49077209209895' 'marauded']
 ['14' '146.323289204605' 'presentdestroyed']
 ['2' '151.28218397154043' 'presentdestroyed']
 ['17' '153.15126559305088' 'present']
 ['1' '157.22811186068856' 'present']
 ['5' '167.619932674383' 'present']
 ['1' '167.78448458476598' 'present']
 ['16' '177.43660275908996' 'present']
 ['1' '177.99516459203687' 'present']
 ['2' '186.67688388609432' 'present']
 ['17' '188.08142108641593' 'present']
 ['20' '196.57410520475028' 'present']
 ['5' '212.14491837138848' 'present']
 ['18' '214.52538180208003' 'present']
 ['17' '217.7428693409518' 'marauded']
 ['12' '219.51148275488933' 'presentdestroyed']
 ['12' '225.86670622219998' 'present']
 ['16' '228.047875716292' 'present']
 ['8' '230.9395721047214' 'present']
 ['6' '244.30954631464434' 'marauded']
 ['1' '247.83518780290515' 'presentdestroyed']
 ['21' '249.08692455634065' 'presentdestroyed']
 ['18' '249.22161018353708' 'presentdestroyed']
 ['11' '250.13657202858994' 'presentdestroyed']
 ['23' '253.44917619556205' 'present']
 ['6' '256.2594701355398' 'present']
 ['20' '262.77920710787055' 'present']
 ['5' '273.19704252111' 'marauded']
 ['17' '278.383716053397' 'presentdestroyed']
 ['21' '282.2258859346641' 'present']
 ['12' '283.6528737269463' 'present']
 ['14' '292.3925431689816' 'present']
 ['22' '300.6756114615698' 'present']
 ['7' '305.521938076674' 'present']
 ['7' '308.420933136981' 'present']
 ['21' '315.6535681934625' 'present']
 ['7' '323.73253186418856' 'present']
 ['16' '328.5973709902274' 'present']
 ['20' '330.20930956094026' 'present']
 ['2' '332.50257027205237' 'present']
 ['3' '337.87716236010937' 'marauded']
 ['2' '339.8169826821757' 'presentdestroyed']
 ['11' '344.5645014401164' 'destroyed']
 ['8' '351.39526270671064' 'present']]","[['F104' '68.64402050552484' 'mated']
 ['F64' '154.3643174971389' 'absent']
 ['F37' '174.12404215610593' 'mated']
 ['F5' '211.13614645918378' 'mated']
 ['F41' '239.67665597472637' 'absent']
 ['F181' '242.6967964282575' 'mated']
 ['F6' '260.6190767672467' 'absent']
 ['F27' '279.34667741239457' 'destroyed']
 ['F176' '282.44253810160797' 'mated']
 ['F170' '298.5500489416631' 'mated']
 ['F167' '323.6029755269115' 'mated']]",577.0,70.46268274529973,14.225935938201102,1503.0,247.05387859859786,51.316110024304116,249.0,42.8100210900322,9.168394929005224,0.0,0.0,0.0,0.0,0.0,0.0
1,0.054,13,360.6289033956521,"[['8' '0.35270177160183774' 'present']
 ['21' '5.630203394413011' 'present']
 ['11' '9.178600661992972' 'present']
 ['6' '10.247782866483911' 'marauded']
 ['18' '17.16184843641464' 'presentdestroyed']
 ['2' '20.75482962565586' 'present']
 ['17' '28.409968495587957' 'marauded']
 ['17' '37.427778038156575' 'marauded']
 ['2' '50.1826596907135' 'present']
 ['17' '50.885979550320094' 'present']
 ['2' '51.44449481965072' 'present']
 ['11' '74.98292165187561' 'present']
 ['16' '83.14565162729329' 'present']
 ['20' '95.22684026268941' 'present']
 ['8' '96.02121551539967' 'present']
 ['6' '96.16785399338352' 'marauded']
 ['2' '106.4019223327187' 'present']
 ['11' '107.4278793121975' 'present']
 ['22' '114.67950709791312' 'present']
 ['7' '123.41949516112088' 'present']
 ['12' '131.16272754640937' 'present']
 ['21' '131.38777410834692' 'present']
 ['15' '137.98824638623762' 'present']
 ['22' '137.99517350760172' 'present']
 ['17' '156.42868009565703' 'present']
 ['18' '157.51211897100245' 'present']
 ['14' '159.6775054109187' 'present']
 ['12' '188.82582841956594' 'present']
 ['17' '204.31815356633837' 'present']
 ['3' '208.89009904118822' 'present']
 ['5' '210.00598249967118' 'present']
 ['16' '212.37390787081202' 'marauded']
 ['23' '216.68199254719644' 'presentdestroyed']
 ['12' '220.80235583086045' 'present']
 ['20' '224.2321376247153' 'marauded']
 ['11' '229.49154906515736' 'presentdestroyed']
 ['18' '229.84428135575183' 'presentdestroyed']
 ['18' '232.27496159239797' 'present']
 ['5' '242.78633130054692' 'present']
 ['15' '248.18556430824214' 'present']
 ['7' '252.0017528152107' 'present']
 ['16' '259.56127588615936' 'present']
 ['3' '260.7201797311425' 'marauded']
 ['14' '261.3258418540495' 'destroyed']
 ['12' '273.52732584129757' 'present']
 ['18' '280.2962362030473' 'present']
 ['7' '282.67548052639046' 'present']
 ['6' '285.2589788054964' 'present']
 ['7' '287.54801977429935' 'present']
 ['21' '287.997308120452' 'present']
 ['3' '301.22968368850337' 'present']
 ['12' '306.08354741526426' 'present']
 ['7' '312.3049739013117' 'present']
 ['7' '313.01389927623285' 'present']
 ['3' '322.46622117145876' 'marauded']
 ['5' '339.5971674726528' 'present']
 ['14' '352.2889125572016' 'present']]","[['F20' '40.145332224625186' 'absentdestroyed']
 ['F160' '153.03374564153273' 'mated']
 ['F24' '169.4659431774257' 'absent']
 ['F91' '174.43351365144824' 'mated']
 ['F30' '190.23362294117274' 'mated']
 ['F211' '192.4934262616322' 'mated']
 ['F31' '199.74657774997212' 'mated']
 ['F158' '203.35496773247579' 'mated']
 ['F196' '206.04705590889995' 'mated']
 ['F155' '221.32548897742757' 'mated']
 ['F128' '232.22482798677504' 'mated']
 ['F89' '237.257205340723' 'absent']
 ['F149' '239.17232807435775' 'mated']
 ['F27' '279.3489922272094' 'mated']
 ['F26' '289.79492677044493' 'mated']
 ['F157' '315.0028859665222' 'mated']
 ['F164' '327.5829127573253' 'destroyed']
 ['F92' '359.60315440858' 'absent']]",563.0,70.24803490767884,15.083611420793476,1418.0,239.12003868290392,51.42186767097914,288.0,48.793866513563614,10.244912492603806,16.0,1.6000000000000003,0.1600000000000001,81.0,0.3750000000000003,0.0017361111111111095
2,0.054,17,360.30247234746787,"[['6' '1.751753548674119' 'present']
 ['8' '3.298746733214515' 'marauded']
 ['11' '7.066825007066531' 'presentdestroyed']
 ['21' '9.21531743832686' 'presentdestroyed']
 ['22' '15.139618303311584' 'present']
 ['9' '35.21118573002111' 'marauded']
 ['7' '37.84580842375103' 'presentdestroyed']
 ['9' '39.29415646604341' 'presentdestroyed']
 ['14' '47.60532384997666' 'present']
 ['20' '50.993777543055145' 'present']
 ['9' '53.985051278935664' 'present']
 ['7' '67.25743615956554' 'present']
 ['12' '67.31203724272447' 'present']
 ['20' '74.15340597440152' 'present']
 ['8' '78.38185279914188' 'present']
 ['12' '80.4255054361251' 'marauded']
 ['1' '81.9930541363105' 'presentdestroyed']
 ['21' '95.73569305294237' 'present']
 ['5' '101.6873331102163' 'present']
 ['9' '106.07563580756184' 'present']
 ['3' '112.1999260935356' 'present']
 ['8' '121.22060343474998' 'present']
 ['20' '123.48698684113361' 'marauded']
 ['15' '127.07417379799462' 'destroyed']
 ['21' '137.2670431914073' 'present']
 ['23' '142.97616136611617' 'marauded']
 ['15' '147.75783468758002' 'presentdestroyed']
 ['14' '151.8432084350969' 'present']
 ['23' '164.086426832724' 'present']
 ['22' '167.87539317537195' 'present']
 ['7' '168.00815476298212' 'present']
 ['6' '169.20104534861184' 'present']
 ['23' '173.61365839643085' 'present']
 ['7' '180.33269073237062' 'present']
 ['7' '181.2044752343822' 'present']
 ['1' '183.76392926892836' 'present']
 ['20' '187.62719210648225' 'present']
 ['7' '187.93813651258458' 'present']
 ['15' '202.964524812186' 'present']
 ['21' '212.18362344319414' 'present']
 ['15' '215.1890518511137' 'present']
 ['6' '215.49693279972786' 'present']
 ['8' '216.92680675882744' 'present']
 ['6' '223.92098297671208' 'present']
 ['8' '224.08487804429495' 'marauded']
 ['23' '232.21419852595818' 'present']
 ['18' '232.613155070563' 'present']
 ['20' '237.61291653943513' 'present']
 ['14' '240.6622025975257' 'present']
 ['1' '246.9179681746181' 'present']
 ['6' '260.81759587547367' 'present']
 ['7' '269.64669772736937' 'present']
 ['18' '280.5239657677097' 'present']
 ['20' '283.5029999343986' 'present']
 ['23' '284.5365332876918' 'present']
 ['5' '285.54711337450357' 'present']
 ['23' '287.5551928550301' 'present']
 ['17' '307.6959571771142' 'present']
 ['7' '316.7235094381843' 'present']
 ['12' '327.3989119934857' 'present']
 ['16' '344.43504895573665' 'present']
 ['18' '358.09120260155726' 'present']]","[['F204' '23.62895344085604' 'mated']
 ['F175' '47.07936654519043' 'mated']
 ['F55' '70.62398929119114' 'mated']
 ['F171' '72.19320520475044' 'absent']
 ['F188' '77.6272035430798' 'mated']
 ['F125' '90.77638262054859' 'mated']
 ['F124' '148.19486534550816' 'destroyed']
 ['F88' '153.31236260253135' 'mated']
 ['F169' '169.34998015770122' 'mated']
 ['F86' '184.66952411901616' 'mated']
 ['F58' '187.09507818524202' 'mated']
 ['F133' '202.23966100585534' 'mated']
 ['F63' '204.47714498852739' 'absent']
 ['F45' '210.3831030077679' 'absent']
 ['F139' '227.86499713557419' 'destroyed']
 ['F38' '258.48086715257665' 'mated']
 ['F6' '260.62139158206156' 'mated']
 ['F25' '262.3200231190473' 'mated']
 ['F209' '283.5504316372512' 'mated']
 ['F70' '307.624823270483' 'mated']
 ['F39' '329.2599924801826' 'mated']
 ['F108' '337.01051303527464' 'mated']]",566.0,68.99136970296422,13.907934880474466,1511.0,252.077275356313,53.347710177992,220.0,36.63731387856924,7.712502494932109,20.0,2.0000000000000004,0.20000000000000012,96.0,0.44444444444444503,0.0020576131687242787
3,0.054,10,359.97672016280086,"[['9' '10.126392306547807' 'present']
 ['12' '12.160822410082258' 'present']
 ['21' '16.460403103999393' 'marauded']
 ['22' '16.66483789169775' 'presentdestroyed']
 ['2' '18.793848448533414' 'destroyed']
 ['2' '26.806733618632947' 'present']
 ['22' '36.559848717038584' 'marauded']
 ['6' '41.680959045290166' 'presentdestroyed']
 ['5' '44.30655978421116' 'present']
 ['8' '58.14736560103331' 'present']
 ['7' '62.76424506926558' 'present']
 ['12' '65.58127516992158' 'marauded']
 ['5' '75.11600368926788' 'present']
 ['12' '82.19229846951116' 'present']
 ['8' '94.29528520849435' 'present']
 ['8' '96.01658588577006' 'present']
 ['1' '113.51732743940327' 'marauded']
 ['22' '130.1933983933676' 'present']
 ['6' '132.50847013773136' 'marauded']
 ['21' '133.3969407811133' 'presentdestroyed']
 ['16' '138.77500384321436' 'destroyed']
 ['1' '144.91076203702454' 'present']
 ['21' '145.0017429587763' 'present']
 ['7' '145.86865366230356' 'marauded']
 ['18' '150.75344755510227' 'destroyed']
 ['17' '156.15975987610105' 'present']
 ['15' '159.00104181831492' 'present']
 ['11' '185.12098766565254' 'marauded']
 ['20' '199.22713995029372' 'present']
 ['18' '200.17042934440755' 'present']
 ['5' '210.78991930434205' 'present']
 ['16' '214.59867036710784' 'present']
 ['17' '217.27396899905793' 'present']
 ['11' '219.97033715689338' 'present']
 ['16' '220.03396129913264' 'present']
 ['9' '220.7882149826762' 'present']
 ['21' '222.060625021966' 'present']
 ['16' '224.35955327492962' 'present']
 ['18' '224.71479016074986' 'marauded']
 ['17' '225.04625334725367' 'presentdestroyed']
 ['14' '225.96456344030872' 'presentdestroyed']
 ['16' '226.74795276581267' 'presentdestroyed']
 ['15' '234.9673402081246' 'present']
 ['11' '237.7759469549336' 'marauded']
 ['15' '237.84919101852316' 'destroyed']
 ['5' '250.31149194838918' 'present']
 ['22' '252.85232826546124' 'present']
 ['17' '253.2434094225161' 'present']
 ['18' '259.7195936919653' 'present']
 ['11' '266.30770179065496' 'marauded']
 ['8' '268.51357869640185' 'presentdestroyed']
 ['2' '270.82072049861165' 'presentdestroyed']
 ['5' '285.88837677021223' 'present']
 ['6' '293.75321253260006' 'present']
 ['12' '294.48989260736664' 'present']
 ['23' '301.9189806615846' 'present']
 ['2' '313.8108017664906' 'marauded']
 ['22' '314.21469831987343' 'presentdestroyed']
 ['6' '318.6035165989367' 'presentdestroyed']
 ['7' '319.6514409905407' 'destroyed']
 ['2' '345.7929475223254' 'marauded']
 ['15' '352.5678973657543' 'presentdestroyed']]","[['F67' '14.14884161217359' 'mated']
 ['F104' '68.6347612462656' 'destroyed']
 ['F57' '91.83443178074147' 'mated']
 ['F187' '95.19691340992009' 'mated']
 ['F186' '99.94038457702712' 'mated']
 ['F36' '114.82822651589866' 'absentdestroyed']
 ['F146' '122.22375866500482' 'absent']
 ['F47' '125.77542570656556' 'mated']
 ['F165' '172.79124546843914' 'mated']
 ['F199' '199.8481101991011' 'mated']
 ['F111' '208.75429271928638' 'mated']
 ['F109' '252.79020268470148' 'mated']
 ['F209' '283.5481168224364' 'absent']
 ['F157' '315.00057115170733' 'destroyed']
 ['F173' '355.4220564654515' 'mated']]",568.0,71.5374438148347,14.947515459970083,1295.0,213.79964509245127,44.04085469196399,445.0,73.33719609344182,15.372591445736887,11.0,1.0999999999999999,0.11000000000000004,63.0,0.2916666666666666,0.0013503086419753075
4,0.0,5,360.0868232807886,"[['20' '10.470437772646203' 'present']
 ['12' '14.996262447522572' 'present']
 ['5' '16.206801646163814' 'marauded']
 ['22' '30.233010291159076' 'present']
 ['12' '32.143279279612905' 'marauded']
 ['17' '35.147574096037175' 'presentdestroyed']
 ['17' '35.878135283585316' 'destroyed']
 ['11' '45.17946057296917' 'present']
 ['11' '53.92293999657848' 'present']
 ['23' '54.22173204985155' 'marauded']
 ['20' '55.04097997980704' 'presentdestroyed']
 ['11' '55.18871541387919' 'presentdestroyed']
 ['2' '58.389883900471894' 'presentdestroyed']
 ['1' '79.08107834379956' 'present']
 ['1' '92.6489610340066' 'marauded']
 ['23' '101.71307261963062' 'marauded']
 ['12' '108.81395269060296' 'presentdestroyed']
 ['20' '112.87124724848105' 'present']
 ['23' '117.56270577026423' 'present']
 ['18' '120.32912290369326' 'present']
 ['11' '121.43645879180556' 'present']
 ['2' '122.3267801950046' 'present']
 ['12' '125.78048813420956' 'marauded']
 ['3' '130.25631586101122' 'presentdestroyed']
 ['5' '133.01167069240984' 'destroyed']
 ['12' '133.76255136550577' 'destroyed']
 ['7' '142.63634923629027' 'present']
 ['16' '158.71196228908943' 'present']
 ['3' '181.6918595753213' 'present']
 ['21' '190.01821260953355' 'present']
 ['17' '190.9544205438514' 'present']
 ['1' '193.06382184444612' 'marauded']
 ['11' '199.38642140780522' 'presentdestroyed']
 ['11' '199.39105103743483' 'presentdestroyed']
 ['15' '199.75769038710163' 'presentdestroyed']
 ['14' '205.2624420803481' 'present']
 ['17' '214.32063644961667' 'present']
 ['2' '220.59500999842064' 'present']
 ['18' '231.53630445149304' 'present']
 ['21' '235.4972654189788' 'marauded']
 ['2' '237.51345758917117' 'destroyed']
 ['11' '238.05813656943067' 'presentdestroyed']
 ['9' '245.70872218763364' 'present']
 ['6' '247.41239913730448' 'marauded']
 ['3' '251.90355633339763' 'presentdestroyed']
 ['8' '254.71755840210594' 'marauded']
 ['17' '254.9923044829222' 'presentdestroyed']
 ['20' '261.8529196730551' 'presentdestroyed']
 ['5' '268.79659746796693' 'marauded']
 ['21' '284.0319761825933' 'marauded']
 ['3' '284.3531391139087' 'presentdestroyed']
 ['23' '287.18539046935797' 'presentdestroyed']
 ['9' '287.20232585464544' 'presentdestroyed']
 ['11' '288.3732424944985' 'presentdestroyed']
 ['18' '303.183835783306' 'present']
 ['1' '308.1139046054105' 'present']
 ['15' '310.6660176283531' 'marauded']
 ['12' '315.28803973259033' 'presentdestroyed']
 ['16' '321.99507620166617' 'present']
 ['14' '335.1855711154947' 'present']]","[['F36' '114.83054133071347' 'absent']
 ['F124' '148.19718016032297' 'mated']
 ['F64' '154.3666323119537' 'mated']
 ['F114' '199.9035065812734' 'destroyed']
 ['F194' '235.22493196042763' 'mated']
 ['F71' '255.55566452261755' 'destroyed']
 ['F107' '303.75862486437603' 'mated']
 ['F48' '308.4653904520815' 'absent']
 ['F73' '333.0597419064099' 'mated']]",572.0,68.4283136987198,13.28696784647481,1225.0,211.82632175607623,46.13294207061106,485.0,79.80622548468696,16.82032907194285,0.0,0.0,0.0,0.0,0.0,0.0
5,0.054,8,359.81442399789813,"[['23' '2.3919831540064638' 'present']
 ['16' '8.135468173099586' 'present']
 ['7' '8.399641777483357' 'present']
 ['3' '9.491077566058733' 'present']
 ['17' '20.129072400093794' 'marauded']
 ['18' '48.24625225203035' 'present']
 ['6' '51.190923147358085' 'present']
 ['22' '67.90863241453943' 'marauded']
 ['12' '71.4825843326097' 'presentdestroyed']
 ['12' '73.45712557267608' 'presentdestroyed']
 ['7' '75.03792825011631' 'present']
 ['17' '76.53424968425387' 'present']
 ['16' '101.75580625508279' 'present']
 ['22' '103.96716335627255' 'marauded']
 ['3' '106.92948499536921' 'destroyed']
 ['20' '110.62078902273902' 'presentdestroyed']
 ['15' '112.07587024565292' 'present']
 ['20' '112.19271369986896' 'present']
 ['14' '114.8500281241589' 'present']
 ['14' '116.80241142091863' 'marauded']
 ['14' '119.67989122550388' 'presentdestroyed']
 ['11' '121.60074482077405' 'presentdestroyed']
 ['1' '137.0245659302692' 'present']
 ['16' '139.25881213427053' 'present']
 ['8' '139.31000504076886' 'present']
 ['23' '146.17431664382948' 'present']
 ['15' '148.56869989857182' 'present']
 ['16' '149.6812719712647' 'marauded']
 ['8' '154.09668350791168' 'presentdestroyed']
 ['21' '156.13475061538077' 'presentdestroyed']
 ['3' '158.49276724071038' 'present']
 ['12' '164.97298587227564' 'present']
 ['15' '169.58352348165764' 'present']
 ['7' '169.66149856505257' 'present']
 ['11' '170.79039700294572' 'present']
 ['21' '174.74328316471448' 'present']
 ['17' '175.6607112415033' 'present']
 ['20' '182.13914139755514' 'marauded']
 ['6' '212.203271667044' 'present']
 ['12' '215.3683459865175' 'present']
 ['18' '216.711922156905' 'marauded']
 ['22' '218.9367118866719' 'presentdestroyed']
 ['6' '220.84495994487648' 'presentdestroyed']
 ['9' '231.22236253730944' 'present']
 ['11' '231.4252365846245' 'present']
 ['12' '242.97171398239556' 'present']
 ['12' '243.70671147688617' 'present']
 ['14' '250.77119791766157' 'present']
 ['16' '252.3217783707871' 'marauded']
 ['16' '252.9945817554705' 'presentdestroyed']
 ['11' '256.13853002058744' 'presentdestroyed']
 ['17' '257.5552693536945' 'destroyed']
 ['23' '269.38074507335205' 'present']
 ['15' '275.4207360784071' 'present']
 ['8' '276.2903932931507' 'marauded']
 ['20' '283.2138871080788' 'presentdestroyed']
 ['17' '286.8992941466875' 'present']
 ['23' '288.289601754252' 'present']
 ['23' '297.7383930792509' 'present']
 ['11' '302.70575239978825' 'present']
 ['6' '312.660326738896' 'present']
 ['7' '313.0185289058625' 'present']
 ['12' '314.5854158924373' 'present']
 ['16' '323.68368094314764' 'marauded']
 ['8' '325.26937798700806' 'presentdestroyed']
 ['17' '328.3725485227659' 'presentdestroyed']
 ['7' '328.8238811714855' 'presentdestroyed']
 ['3' '341.00900531032136' 'present']
 ['6' '356.1052980876557' 'present']
 ['2' '357.0100685645542' 'present']]","[['F104' '68.64170569071003' 'destroyed']
 ['F118' '91.05407818320136' 'mated']
 ['F135' '101.30634994249048' 'mated']
 ['F206' '105.65300632659913' 'destroyed']
 ['F9' '148.9411864574625' 'mated']
 ['F115' '181.58301453718988' 'mated']
 ['F95' '207.7764739783572' 'absent']
 ['F80' '208.66337903430167' 'mated']
 ['F143' '210.31598541173975' 'mated']
 ['F210' '249.57574996690687' 'mated']
 ['F38' '258.4785523377618' 'destroyed']
 ['F27' '279.34436259757973' 'absentdestroyed']
 ['F48' '308.46770526689636' 'mated']]",566.0,73.53171875970509,16.355052469033808,1332.0,223.75277277820578,48.11959426854197,364.0,61.19763249264355,13.198218614651998,11.0,1.0999999999999999,0.11000000000000004,92.0,0.42592592592592643,0.0019718792866940996
6,0.054,9,360.79913371540437,"[['18' '3.661114114059874' 'present']
 ['15' '18.146555832464724' 'present']
 ['21' '21.843574901059267' 'present']
 ['12' '30.866345464412554' 'present']
 ['14' '32.02346769665388' 'marauded']
 ['2' '34.61566318696698' 'presentdestroyed']
 ['17' '36.52037400017509' 'destroyed']
 ['20' '51.52395028170186' 'present']
 ['21' '54.18024985192644' 'marauded']
 ['20' '54.2669776307129' 'presentdestroyed']
 ['8' '57.093425356267694' 'destroyed']
 ['1' '65.0178603447345' 'marauded']
 ['20' '72.44454327764734' 'present']
 ['20' '73.69603328092224' 'marauded']
 ['9' '76.4925148538125' 'presentdestroyed']
 ['7' '85.13960563055817' 'marauded']
 ['2' '89.93469793645865' 'presentdestroyed']
 ['11' '100.68334199391266' 'present']
 ['2' '110.38993696107595' 'present']
 ['18' '112.15537110122682' 'marauded']
 ['7' '122.49736860134463' 'present']
 ['22' '130.14388999910096' 'present']
 ['2' '131.7989090983844' 'present']
 ['16' '144.1447818708197' 'marauded']
 ['21' '145.48459371532093' 'presentdestroyed']
 ['18' '153.36066058761415' 'present']
 ['16' '154.10666725220273' 'present']
 ['16' '159.68153315254477' 'present']
 ['20' '165.98007466626584' 'present']
 ['3' '174.3699008724362' 'present']
 ['16' '176.2988153493581' 'present']
 ['12' '183.0810677589897' 'present']
 ['7' '189.1923727752727' 'present']
 ['5' '203.15901888984902' 'marauded']
 ['15' '207.82247388389203' 'presentdestroyed']
 ['8' '210.4473099787131' 'present']
 ['15' '212.82647448263629' 'present']
 ['20' '221.11894172478156' 'present']
 ['17' '221.3453363330107' 'present']
 ['14' '240.1508603275703' 'present']
 ['15' '241.63825347964752' 'present']
 ['7' '248.11940382784684' 'present']
 ['2' '257.6768110807918' 'present']
 ['11' '259.74414076592495' 'present']
 ['22' '267.0615753301263' 'present']
 ['1' '305.61689132092476' 'present']
 ['8' '320.386994094758' 'marauded']
 ['7' '320.7209221930143' 'presentdestroyed']
 ['22' '322.2871143513447' 'destroyed']
 ['11' '323.31983743209713' 'presentdestroyed']
 ['14' '324.41914740856566' 'presentdestroyed']
 ['18' '325.4558642143328' 'destroyed']
 ['16' '331.35046575994096' 'present']
 ['17' '337.33178937482216' 'marauded']
 ['23' '338.50560534345925' 'presentdestroyed']
 ['11' '346.11737078476597' 'present']
 ['16' '348.15276848180787' 'present']
 ['1' '355.10897146781497' 'present']
 ['15' '357.7773676996628' 'present']]","[['F12' '156.7347977477743' 'mated']
 ['F13' '157.68866223109117' 'mated']
 ['F33' '185.90110467268724' 'mated']
 ['F94' '193.09609699433457' 'mated']
 ['F214' '196.4063014454272' 'mated']
 ['F3' '211.9029735491825' 'mated']
 ['F129' '229.56854459630796' 'mated']
 ['F193' '260.1867573480418' 'mated']
 ['F92' '359.60546922339483' 'mated']]",576.0,71.68848451666818,15.361589683730898,1330.0,226.10899884720132,48.908240621750494,367.0,61.27107699537872,12.894304356552347,9.0,0.8999999999999999,0.09000000000000002,87.0,0.4027777777777782,0.0018647119341563768
7,0.054,7,359.79930351735317,"[['1' '2.2808298622350978' 'present']
 ['6' '18.22362976773743' 'marauded']
 ['5' '32.95405598710605' 'present']
 ['5' '33.14345734122052' 'present']
 ['21' '45.65528722650815' 'marauded']
 ['14' '46.78942197716682' 'presentdestroyed']
 ['12' '49.795636368102386' 'destroyed']
 ['12' '51.83951984139794' 'presentdestroyed']
 ['2' '69.66257812036046' 'present']
 ['21' '77.46451421129875' 'present']
 ['23' '77.87727415048144' 'present']
 ['18' '86.96387595763554' 'present']
 ['14' '93.57726052285612' 'present']
 ['21' '95.74032268257199' 'present']
 ['1' '107.26886739880462' 'marauded']
 ['1' '113.51269780977366' 'presentdestroyed']
 ['8' '117.45021502880027' 'present']
 ['23' '119.4007428705917' 'present']
 ['16' '124.1961116217885' 'present']
 ['23' '145.08179703411872' 'present']
 ['1' '148.30855333450717' 'present']
 ['5' '158.42119298613727' 'present']
 ['11' '167.63219816707385' 'present']
 ['20' '168.5520851053944' 'present']
 ['1' '186.4584672452321' 'present']
 ['2' '191.44274930417407' 'marauded']
 ['20' '191.4921910996518' 'presentdestroyed']
 ['17' '192.50338966469383' 'presentdestroyed']
 ['2' '193.12601118750743' 'presentdestroyed']
 ['3' '193.51340202311428' 'presentdestroyed']
 ['6' '194.93143701441906' 'destroyed']
 ['6' '195.202829249621' 'presentdestroyed']
 ['2' '203.02626482270387' 'present']
 ['18' '204.77497326227885' 'present']
 ['22' '207.2740587660981' 'marauded']
 ['23' '208.5251954266589' 'destroyed']
 ['9' '208.70348067061875' 'presentdestroyed']
 ['9' '213.4846893696542' 'presentdestroyed']
 ['3' '216.45707033152777' 'present']
 ['14' '217.3590478305372' 'present']
 ['21' '220.67743896380455' 'marauded']
 ['22' '230.17139296806417' 'present']
 ['23' '232.2188281555878' 'present']
 ['8' '235.55387144736622' 'marauded']
 ['2' '242.2592147148075' 'presentdestroyed']
 ['3' '251.23290095980266' 'present']
 ['6' '254.80019779504877' 'present']
 ['11' '255.4699308214563' 'present']
 ['15' '257.42492781164054' 'present']
 ['2' '257.8718442379113' 'marauded']
 ['6' '279.0660811199639' 'present']
 ['1' '282.8030284035752' 'present']
 ['3' '288.67068034491064' 'present']
 ['15' '297.3332802311711' 'present']
 ['2' '312.3777146036401' 'present']
 ['3' '325.1461148991479' 'present']
 ['15' '330.5295681894006' 'marauded']
 ['16' '349.4800675238458' 'present']
 ['17' '350.3072654231586' 'present']
 ['22' '359.6202294392714' 'present']]","[['F74' '20.910537658866563' 'absentdestroyed']
 ['F83' '51.736966044014544' 'destroyed']
 ['F113' '68.33328813758331' 'mated']
 ['F130' '144.40039080572913' 'mated']
 ['F212' '153.46720751756698' 'mated']
 ['F53' '200.44071346507303' 'absent']
 ['F28' '204.35712964090789' 'absent']
 ['F63' '204.4840894329718' 'mated']
 ['F172' '210.36612105014638' 'destroyed']
 ['F139' '227.86268232075938' 'destroyed']
 ['F181' '242.69216679862788' 'destroyed']
 ['F147' '252.5474253231151' 'mated']
 ['F192' '287.16824017809955' 'mated']
 ['F16' '310.82068647394493' 'mated']]",563.0,68.84849228153176,14.465016764965615,1427.0,234.62318982131086,49.593246604723454,319.0,55.306854516369235,11.975137855567912,9.0,0.8999999999999999,0.09000000000000002,85.0,0.3935185185185189,0.0018218449931412877
8,0.054,10,360.1747974015843,"[['22' '7.180437774869631' 'present']
 ['6' '8.939878238639086' 'present']
 ['7' '12.62057410301959' 'marauded']
 ['21' '21.387437160395095' 'marauded']
 ['11' '33.66092526739674' 'present']
 ['21' '47.47390459941138' 'present']
 ['21' '61.205639903348874' 'marauded']
 ['17' '70.02716578973325' 'present']
 ['15' '72.99754187588734' 'present']
 ['12' '83.25261468662077' 'present']
 ['21' '85.56063911534936' 'present']
 ['14' '90.99618111621885' 'present']
 ['2' '98.74985754274446' 'present']
 ['16' '101.75117662545317' 'present']
 ['20' '103.29033561594007' 'present']
 ['18' '109.47345754788577' 'present']
 ['21' '116.59833181027197' 'present']
 ['14' '116.79778179128901' 'present']
 ['2' '118.68887786865496' 'present']
 ['16' '120.71291254259614' 'present']
 ['16' '124.20074125141812' 'marauded']
 ['6' '127.92740743723246' 'presentdestroyed']
 ['5' '129.2985040729888' 'destroyed']
 ['6' '131.17903359668531' 'presentdestroyed']
 ['12' '134.0766175206031' 'present']
 ['2' '140.39988225829794' 'present']
 ['18' '145.44051166551847' 'present']
 ['12' '155.6469724528528' 'present']
 ['1' '159.3013399690253' 'present']
 ['2' '164.51216063915746' 'present']
 ['1' '180.79685193819742' 'present']
 ['17' '183.60001052878022' 'present']
 ['9' '188.94952011171563' 'present']
 ['2' '193.85793916668308' 'present']
 ['6' '193.91153245100364' 'present']
 ['15' '198.75874580460658' 'marauded']
 ['15' '203.01841437308346' 'presentdestroyed']
 ['14' '205.81096488872424' 'presentdestroyed']
 ['11' '211.52786601690323' 'present']
 ['11' '221.4455908339168' 'present']
 ['18' '227.74318614919784' 'present']
 ['11' '228.8056057491401' 'present']
 ['9' '241.0496248664414' 'present']
 ['17' '241.52980765161305' 'present']
 ['3' '257.0564311800123' 'present']
 ['22' '258.2155357631211' 'present']
 ['23' '265.1969047951818' 'present']
 ['20' '272.09959915195225' 'present']
 ['12' '272.6304966633536' 'present']
 ['6' '276.9034233421805' 'present']
 ['6' '284.46882776241057' 'present']
 ['2' '285.5255418029564' 'present']
 ['14' '293.5550069473767' 'present']
 ['18' '294.1371925542233' 'present']
 ['3' '299.4564192458921' 'present']
 ['7' '300.9545716822315' 'marauded']
 ['16' '304.6217165343054' 'presentdestroyed']
 ['17' '309.85937279584243' 'present']
 ['18' '312.0934200407874' 'present']
 ['7' '314.4326760859347' 'present']
 ['18' '340.1999600726206' 'present']
 ['14' '341.60169496736415' 'marauded']
 ['2' '345.38575367338285' 'presentdestroyed']
 ['15' '353.8381019739307' 'present']
 ['6' '356.10992771728536' 'present']]","[['F74' '20.91516728849619' 'mated']
 ['F104' '68.6370760610804' '']
 ['F14' '107.53944973681581' 'mated']
 ['F44' '111.85445725070217' 'absent']
 ['F117' '112.98659637699588' 'mated']
 ['F52' '125.19334064763194' 'destroyed']
 ['F32' '129.23839096833646' 'absentdestroyed']
 ['F40' '140.63234011498048' 'mated']
 ['F15' '142.6185088950458' 'mated']
 ['F42' '194.5820743987108' 'mated']
 ['F28' '204.35481482609308' 'absentdestroyed']
 ['F63' '204.481774618157' 'destroyed']
 ['F45' '210.3854178225827' 'mated']
 ['F183' '241.84620174508208' 'mated']
 ['F17' '246.00143201205196' 'mated']
 ['F107' '303.75399523474636' 'destroyed']
 ['F122' '336.39875639608084' 'mated']]",557.0,69.19198777035855,15.196142294034038,1435.0,246.0420571892004,53.545954754298556,249.0,42.90181423664377,9.437166332974845,16.0,1.6000000000000003,0.1600000000000001,82.0,0.3796296296296299,0.001757544581618654
9,0.054,7,359.85338083402,"[['5' '15.25300352775221' 'present']
 ['1' '23.357643071602713' 'present']
 ['16' '24.166977012112177' 'present']
 ['1' '47.35036986246606' 'present']
 ['8' '55.88430697535168' 'present']
 ['7' '65.67535800633912' 'present']
 ['15' '68.4365254443997' 'present']
 ['2' '68.51570177372209' 'present']
 ['22' '74.42054808583065' 'present']
 ['8' '84.39498960941673' 'present']
 ['1' '86.99207749522131' 'marauded']
 ['14' '88.66234285690683' 'presentdestroyed']
 ['17' '93.83555857319661' 'presentdestroyed']
 ['6' '101.44860026639289' 'present']
 ['6' '105.10209575535875' 'present']
 ['2' '106.65840644889758' 'present']
 ['15' '114.37448057727863' 'present']
 ['14' '116.10487789569748' 'present']
 ['21' '118.02864877625224' 'marauded']
 ['15' '127.92191472951087' 'present']
 ['5' '129.8073717457434' 'marauded']
 ['1' '135.57432800845837' 'presentdestroyed']
 ['1' '136.11108115209927' 'presentdestroyed']
 ['7' '140.12507295543182' 'marauded']
 ['5' '141.15953567872333' 'presentdestroyed']
 ['7' '142.05669450379128' 'presentdestroyed']
 ['18' '145.43588203588885' 'presentdestroyed']
 ['2' '164.76721072930832' 'present']
 ['5' '165.18525724254232' 'present']
 ['15' '166.99732519271905' 'present']
 ['23' '175.30733812629597' 'present']
 ['5' '175.74765910615614' 'present']
 ['11' '177.06671231031433' 'present']
 ['7' '177.3493807426831' 'present']
 ['2' '191.08775013699582' 'present']
 ['12' '195.34020928268555' 'marauded']
 ['6' '197.46663134373364' 'destroyed']
 ['22' '202.5257311091383' 'presentdestroyed']
 ['16' '206.05775417864902' 'present']
 ['17' '217.26389200135495' 'present']
 ['21' '217.33505709601693' 'present']
 ['1' '223.1758734854647' 'marauded']
 ['22' '226.1740964079821' 'presentdestroyed']
 ['7' '232.180252349915' 'present']
 ['20' '248.0776650625657' 'marauded']
 ['20' '268.02285839562273' 'present']
 ['12' '273.9124808560303' 'marauded']
 ['2' '277.7394608148328' 'presentdestroyed']
 ['21' '282.20950949430255' 'present']
 ['20' '289.8409269192092' 'present']
 ['1' '293.2397702865492' 'present']
 ['23' '293.9681135924115' 'marauded']
 ['17' '305.67923286033533' 'marauded']
 ['23' '312.1641565291808' 'presentdestroyed']
 ['21' '316.3630052307251' 'marauded']
 ['11' '325.7912424442863' 'present']
 ['2' '335.26485569516285' 'marauded']
 ['18' '338.7200586773799' 'presentdestroyed']
 ['23' '350.69355700518264' 'present']
 ['5' '351.802355192199' 'marauded']
 ['11' '353.8071420012039' 'destroyed']]","[['F134' '46.361614313885646' 'mated']
 ['F126' '65.77952131784517' 'mated']
 ['F215' '91.75224263069921' 'destroyed']
 ['F103' '140.46818345312946' 'absentdestroyed']
 ['F7' '145.6588251636492' 'destroyed']
 ['F121' '195.10260435924454' 'mated']
 ['F63' '204.4794598033422' 'absent']
 ['F95' '207.778788793172' 'mated']
 ['F45' '210.38078819295308' 'absent']
 ['F139' '227.867311950389' 'destroyed']
 ['F153' '240.19176786027444' 'mated']
 ['F205' '263.70684201958557' 'mated']
 ['F119' '329.1694092448092' 'mated']]",570.0,70.5954571159732,14.419312222634355,1192.0,209.13883436559215,46.646996566688166,461.0,79.4312109701307,17.458725707732842,8.0,0.7999999999999999,0.08000000000000002,51.0,0.23611111111111086,0.0010931069958847728
10,0.0,11,360.048900318236,"[['22' '7.649528540820629' 'marauded']
 ['7' '8.677790034179045' 'presentdestroyed']
 ['5' '9.008266689825767' 'destroyed']
 ['18' '18.03817247162085' 'present']
 ['12' '51.107053141728535' 'present']
 ['12' '60.99909194619246' 'present']
 ['3' '64.41244066998254' 'present']
 ['2' '67.37146980808009' 'marauded']
 ['22' '70.22138470806185' 'presentdestroyed']
 ['17' '74.7016218167834' 'presentdestroyed']
 ['16' '83.15028125692291' 'present']
 ['16' '90.9884260796471' 'present']
 ['11' '105.81744055447605' 'present']
 ['9' '109.04012426097057' 'marauded']
 ['23' '114.28165264239627' 'presentdestroyed']
 ['23' '117.34525740033781' 'present']
 ['23' '120.14121047087937' 'present']
 ['22' '120.44285499405318' 'present']
 ['12' '128.07009073843048' 'present']
 ['5' '130.8802211227316' 'present']
 ['7' '135.87789592549044' 'present']
 ['18' '146.83171096986803' 'present']
 ['8' '154.1013131375413' 'present']
 ['7' '161.5190845123811' 'present']
 ['3' '162.6362526872293' 'present']
 ['16' '176.83939915395803' 'present']
 ['3' '177.30679518396263' 'present']
 ['16' '183.2264169164054' 'marauded']
 ['16' '184.12115736856342' 'presentdestroyed']
 ['2' '192.49951088288756' 'present']
 ['11' '206.42587469715858' 'present']
 ['8' '216.51641624012484' 'present']
 ['15' '220.6677410389947' 'present']
 ['21' '221.1525927504229' 'present']
 ['6' '237.4780346193161' 'present']
 ['23' '238.19976929265835' 'marauded']
 ['11' '248.20697485808543' 'present']
 ['16' '255.5944813382847' 'present']
 ['21' '259.5286540145001' 'present']
 ['3' '262.9794967481363' 'marauded']
 ['18' '268.80811139155304' 'presentdestroyed']
 ['23' '268.86804151175335' 'destroyed']
 ['20' '273.29923342801584' 'present']
 ['16' '278.9947662172448' 'present']
 ['23' '279.1540338307087' 'present']
 ['17' '288.66733387315435' 'marauded']
 ['6' '305.2812588640869' 'present']
 ['12' '305.5195324290064' 'present']
 ['2' '333.87799552989316' 'present']
 ['12' '353.490493760542' 'present']
 ['5' '358.9117597369657' 'marauded']
 ['18' '358.93492695011236' 'presentdestroyed']]","[['F74' '20.912852473681376' 'absent']
 ['F104' '68.63939087589522' 'absentdestroyed']
 ['F140' '77.41891169434646' 'mated']
 ['F21' '109.70541178346328' 'destroyed']
 ['F36' '114.83285614552828' 'destroyed']
 ['F22' '182.93200451607754' 'mated']
 ['F200' '192.51223960885665' 'mated']
 ['F172' '210.370750679776' 'mated']
 ['F79' '212.6855621735527' 'mated']
 ['F68' '214.37211423187378' 'absent']
 ['F99' '232.9951814749837' 'mated']
 ['F19' '254.20603717605465' 'mated']
 ['F71' '255.56029415224717' 'mated']
 ['F193' '260.18444253322696' 'absent']
 ['F191' '275.640434310696' 'mated']
 ['F178' '297.82094196089565' 'mated']
 ['F18' '320.0134153841363' 'mated']]",550.0,72.39795323068284,16.505297388149305,1432.0,243.9645684183497,52.38835760616856,260.0,43.71322538932989,9.321191791326335,0.0,0.0,0.0,0.0,0.0,0.0
11,0.054,12,360.46873287940787,"[['14' '7.573215321737065' 'present']
 ['12' '43.685564311577586' 'present']
 ['12' '57.01788189021836' 'marauded']
 ['2' '58.39451353010153' 'presentdestroyed']
 ['17' '62.86724019964673' 'presentdestroyed']
 ['18' '65.35747751974583' 'present']
 ['15' '67.83700642513088' 'present']
 ['7' '75.74445735342952' 'present']
 ['14' '82.6171442968109' 'present']
 ['23' '87.63147555301884' 'present']
 ['20' '96.31139805698783' 'present']
 ['9' '98.34003139931838' 'present']
 ['3' '103.46231488536449' 'present']
 ['16' '120.56196620352443' 'present']
 ['8' '123.76314164874756' 'present']
 ['17' '129.2905318346164' 'present']
 ['5' '133.87272453233427' 'present']
 ['2' '138.02028301898596' 'present']
 ['6' '142.48172635793023' 'present']
 ['15' '149.8555080820266' 'marauded']
 ['23' '153.49770372581597' 'presentdestroyed']
 ['17' '159.1062963289187' 'present']
 ['16' '179.7867966325995' 'present']
 ['22' '181.13766824871823' 'present']
 ['17' '182.60993017221307' 'present']
 ['18' '188.55602954779474' 'marauded']
 ['20' '188.85913703283208' 'presentdestroyed']
 ['17' '195.70539058143487' 'presentdestroyed']
 ['22' '206.39305498053977' 'present']
 ['17' '208.96843589497155' 'present']
 ['5' '212.24205309055225' 'present']
 ['8' '216.52104586975446' 'present']
 ['22' '220.60423511277762' 'present']
 ['20' '221.07267500032697' 'present']
 ['18' '232.61778470019263' 'present']
 ['8' '240.13433105583775' 'present']
 ['2' '241.75320321984944' 'present']
 ['22' '244.71138058446672' 'present']
 ['17' '249.80283493109502' 'present']
 ['7' '250.1523313912903' 'present']
 ['3' '261.4039734930593' 'present']
 ['22' '270.38512879739335' 'marauded']
 ['15' '271.5134613783931' 'destroyed']
 ['23' '274.02778692856174' 'destroyed']
 ['8' '276.98619929612386' 'presentdestroyed']
 ['17' '281.7944696977932' 'present']
 ['1' '285.64746652675245' 'present']
 ['21' '288.7265301427748' 'present']
 ['18' '291.5293303034211' 'marauded']
 ['16' '303.86971334721886' 'present']
 ['9' '305.4972254471914' 'present']
 ['12' '323.3873813543636' 'present']
 ['12' '336.3767961300254' 'present']
 ['5' '340.9422622396369' 'present']
 ['14' '350.31252450376735' 'present']
 ['17' '354.0940260673788' 'present']
 ['17' '355.3970241545999' 'present']]","[['F182' '4.3401443426727315' 'mated']
 ['F62' '95.22384917087658' 'mated']
 ['F44' '111.85677206551698' 'absent']
 ['F146' '122.22607347981963' 'mated']
 ['F185' '132.9124976121547' 'mated']
 ['F7' '145.661139978464' 'mated']
 ['F81' '169.20169723384294' 'absent']
 ['F24' '169.4682579922405' 'mated']
 ['F46' '180.40267752074809' 'mated']
 ['F87' '203.21986097997754' 'mated']
 ['F141' '207.49641941351092' 'mated']
 ['F90' '223.62630532603728' 'mated']
 ['F35' '226.39201817879143' 'mated']
 ['F93' '251.5885283207885' 'mated']]",557.0,70.7269702151764,15.234107402621113,1497.0,257.25121998803877,55.18990157085545,182.0,30.422848133971712,6.376104223080002,12.0,1.2,0.12000000000000005,91.0,0.4212962962962968,0.001950445816186555
12,0.054,8,360.4530020122273,"[['9' '6.393724541107043' 'present']
 ['11' '10.659623458073606' 'present']
 ['20' '15.992276703953111' 'present']
 ['18' '21.706446523541473' 'present']
 ['21' '22.742467121828316' 'present']
 ['21' '25.39644144781064' 'present']
 ['11' '37.82101220615625' 'present']
 ['23' '52.96407987533117' 'present']
 ['7' '57.5263740380981' 'present']
 ['3' '58.69092304800742' 'present']
 ['20' '68.19913154431215' 'present']
 ['14' '83.48904434111722' 'present']
 ['1' '89.94171045983744' 'marauded']
 ['15' '93.85710283544054' 'presentdestroyed']
 ['6' '95.88037936541177' 'presentdestroyed']
 ['23' '98.84622411407757' 'marauded']
 ['23' '98.95085374370719' 'presentdestroyed']
 ['5' '102.50418026788878' 'presentdestroyed']
 ['23' '104.11561165019575' 'presentdestroyed']
 ['6' '121.70884237360954' 'present']
 ['18' '121.97905472100629' 'present']
 ['6' '123.43862160357001' 'present']
 ['1' '130.82219206759925' 'present']
 ['15' '131.24752023949145' 'present']
 ['6' '135.488248718691' 'present']
 ['11' '136.00570114665692' 'marauded']
 ['11' '138.88379741636717' 'presentdestroyed']
 ['16' '139.77226281030164' 'destroyed']
 ['7' '144.25622841594682' 'present']
 ['16' '145.6595475227969' 'present']
 ['7' '146.02388648333792' 'marauded']
 ['5' '148.78194835522714' 'presentdestroyed']
 ['18' '152.67877504319878' 'presentdestroyed']
 ['3' '154.12721484919823' 'present']
 ['16' '154.5271072750637' 'present']
 ['5' '160.19775922910804' 'present']
 ['5' '164.8121484087638' 'present']
 ['9' '165.77993284779285' 'present']
 ['8' '170.9804127838209' 'marauded']
 ['11' '176.45119624843855' 'destroyed']
 ['6' '179.31737799963457' 'present']
 ['9' '181.56485269923115' 'present']
 ['7' '184.57040082455993' 'present']
 ['8' '196.1474885142157' 'marauded']
 ['7' '199.1602565348167' 'destroyed']
 ['18' '203.44719358454643' 'present']
 ['5' '207.67499444176212' 'marauded']
 ['18' '207.82637241451948' 'presentdestroyed']
 ['1' '221.18632417225814' 'present']
 ['3' '223.9770511070138' 'present']
 ['20' '225.1553049259721' 'present']
 ['9' '231.2708959477554' 'marauded']
 ['20' '234.36285540761978' 'presentdestroyed']
 ['5' '247.66229540845478' 'present']
 ['11' '253.12455023935286' 'present']
 ['21' '257.19973058908005' 'present']
 ['21' '271.4330663930083' 'present']
 ['11' '284.172859823878' 'marauded']
 ['11' '284.84287465335046' 'presentdestroyed']
 ['6' '284.9062100553643' 'presentdestroyed']
 ['5' '285.8930063998419' 'presentdestroyed']
 ['17' '287.1050009373546' 'presentdestroyed']
 ['23' '293.07142914877124' 'present']
 ['14' '294.75434369616266' 'marauded']
 ['3' '299.0379130789575' 'presentdestroyed']
 ['7' '301.39077578486445' 'presentdestroyed']
 ['2' '319.7533534567281' 'present']
 ['3' '326.8532224876218' 'present']
 ['17' '328.3679188931362' 'present']
 ['11' '328.6133456609334' 'present']
 ['21' '331.6655117233773' 'present']
 ['2' '348.77656935203584' 'present']
 ['5' '352.54476921922713' 'present']
 ['6' '353.82074165379413' 'marauded']]","[['F120' '78.84145602634567' 'mated']
 ['F166' '82.30663677998746' 'mated']
 ['F98' '159.14980611147715' 'mated']
 ['F1' '161.3029355036657' 'mated']
 ['F85' '170.68864311171762' 'mated']
 ['F211' '192.4911114468174' 'absent']
 ['F114' '199.90582139608821' 'absentdestroyed']
 ['F143' '210.31367059692494' 'absentdestroyed']
 ['F172' '210.36843586496119' 'absentdestroyed']
 ['F139' '227.8696267652038' 'mated']
 ['F190' '229.09537310095374' 'mated']
 ['F69' '259.70640711165333' 'mated']
 ['F61' '286.1062177925814' 'destroyed']
 ['F61' '286.11084742221107' 'destroyed']]",566.0,72.42983704683459,15.727558253317062,1323.0,220.2028370346807,46.05681121165855,387.0,65.74082755952034,13.974173099609875,13.0,1.3,0.13000000000000006,86.0,0.39814814814814853,0.0018432784636488323
13,0.0,11,360.1707238611121,"[['14' '17.3246183661891' 'present']
 ['22' '20.788842824199442' 'present']
 ['6' '26.319611594992235' 'present']
 ['14' '26.720970622910844' 'present']
 ['3' '51.74255466390135' 'marauded']
 ['1' '53.9510747152716' 'presentdestroyed']
 ['12' '54.75952312470389' 'destroyed']
 ['23' '55.527432707826236' 'presentdestroyed']
 ['8' '60.298476187533666' 'present']
 ['15' '61.640269801285235' 'present']
 ['17' '62.762610570017095' 'marauded']
 ['17' '64.39260112277478' 'destroyed']
 ['1' '68.16117351762263' 'presentdestroyed']
 ['22' '70.22601433769147' 'marauded']
 ['18' '79.57770858046132' 'present']
 ['9' '82.54746432412448' 'marauded']
 ['20' '83.0699279964031' 'presentdestroyed']
 ['8' '86.5585972923952' 'presentdestroyed']
 ['14' '86.58220446929262' 'presentdestroyed']
 ['8' '92.45306000938979' 'present']
 ['20' '101.92941194771967' 'marauded']
 ['1' '106.3750517202146' 'presentdestroyed']
 ['22' '126.90268236896742' 'present']
 ['5' '131.86738498397656' 'present']
 ['8' '138.24075529203884' 'present']
 ['18' '146.8270813402384' 'present']
 ['2' '155.7211273599943' 'present']
 ['1' '162.37391117481013' 'present']
 ['3' '168.91802621269437' 'present']
 ['2' '172.74138257851723' 'present']
 ['14' '174.7360402123352' 'present']
 ['11' '183.0887630540848' 'marauded']
 ['6' '184.3933090484487' 'presentdestroyed']
 ['17' '191.8759053294827' 'present']
 ['5' '215.29141989995986' 'present']
 ['9' '216.2437580033713' 'present']
 ['15' '224.0930275643434' 'present']
 ['22' '233.95273168785255' 'present']
 ['21' '234.47762439672854' 'present']
 ['5' '234.9560091404416' 'present']
 ['9' '240.44382392701277' 'present']
 ['18' '244.1036171120243' 'present']
 ['15' '246.99336395010164' 'present']
 ['11' '248.21160448771505' 'present']
 ['12' '250.542341546684' 'present']
 ['18' '267.6709034114776' 'present']
 ['14' '270.4947685077642' 'marauded']
 ['23' '272.8387980922015' 'presentdestroyed']
 ['21' '284.564644083869' 'present']
 ['20' '297.63352961336153' 'present']
 ['18' '304.3684175837083' 'marauded']
 ['22' '317.9602797666771' 'marauded']
 ['20' '318.6317312086397' 'presentdestroyed']
 ['22' '322.98820588874725' 'presentdestroyed']
 ['6' '332.970573521789' 'present']
 ['8' '338.43651520566635' 'present']
 ['3' '341.3017523851663' 'present']
 ['14' '351.5170457939191' 'present']
 ['6' '352.28385189912234' 'present']
 ['11' '355.62474973932285' 'present']
 ['7' '357.18325819521203' 'marauded']
 ['11' '357.8417662410683' 'presentdestroyed']]","[['F102' '14.441329474861766' 'mated']
 ['F145' '21.429896349359158' 'mated']
 ['F208' '37.13334660002199' 'mated']
 ['F162' '81.09580913980923' 'mated']
 ['F14' '107.537134922001' 'destroyed']
 ['F51' '118.97281155025141' 'mated']
 ['F180' '145.95282524803886' 'mated']
 ['F11' '238.17008761116435' 'mated']
 ['F148' '253.75045260794084' 'mated']
 ['F138' '254.62473495792915' 'mated']
 ['F184' '260.11083534241516' 'mated']
 ['F61' '286.1131622370259' 'mated']]",560.0,70.46160434212574,14.294885368320593,1386.0,232.726421869201,49.541070880799126,345.0,56.93813924574282,12.07757421388245,0.0,0.0,0.0,0.0,0.0,0.0
14,0.054,12,359.82527034530597,"[['3' '3.962238276217927' 'present']
 ['20' '28.35895424294551' 'present']
 ['5' '41.22872172775284' 'present']
 ['18' '43.51334587952987' 'present']
 ['20' '50.09801196537509' 'present']
 ['11' '50.91929967731329' 'present']
 ['5' '60.18238644948023' 'present']
 ['21' '65.47792340422123' 'marauded']
 ['12' '65.82323713658654' 'presentdestroyed']
 ['12' '73.36556516630951' 'present']
 ['9' '74.16142185592597' 'marauded']
 ['8' '82.35978138819401' 'present']
 ['21' '85.56526874497898' 'present']
 ['2' '95.51465925584692' 'present']
 ['15' '96.13645106622998' 'present']
 ['5' '99.8305234347022' 'present']
 ['15' '113.87892120385978' 'present']
 ['22' '119.86073682295002' 'present']
 ['20' '121.37763996500057' 'present']
 ['12' '130.41634099272653' 'present']
 ['5' '133.00704106278022' 'present']
 ['23' '135.31813610017687' 'marauded']
 ['20' '138.51589455627604' 'presentdestroyed']
 ['8' '153.15442862283413' 'present']
 ['8' '162.56230014944674' 'present']
 ['1' '172.71331606792342' 'present']
 ['5' '175.74302947652652' 'present']
 ['3' '177.30216555433302' 'present']
 ['5' '178.75876822434682' 'present']
 ['2' '179.26758932295937' 'present']
 ['8' '180.9000143380762' 'present']
 ['8' '185.8581499492335' 'marauded']
 ['7' '186.71463556826487' 'destroyed']
 ['11' '186.87901427978025' 'presentdestroyed']
 ['20' '201.21149646478705' 'present']
 ['17' '208.7096763561775' 'present']
 ['15' '209.34866805072332' 'present']
 ['17' '212.47542398312186' 'present']
 ['1' '221.19095380188776' 'present']
 ['11' '226.15864714672603' 'present']
 ['17' '228.39034636599465' 'present']
 ['12' '229.9184958278251' 'present']
 ['6' '232.27218606455898' 'present']
 ['20' '248.500503736907' 'present']
 ['2' '251.48195527597167' 'marauded']
 ['2' '254.73386231165892' 'presentdestroyed']
 ['9' '256.9554084370581' 'destroyed']
 ['20' '261.5496001328922' 'present']
 ['2' '276.28782321019673' 'present']
 ['8' '276.9815696664942' 'present']
 ['2' '278.03382108808194' 'present']
 ['2' '279.9989359045819' 'marauded']
 ['1' '282.7983987739455' 'presentdestroyed']
 ['7' '284.8443732775538' 'presentdestroyed']
 ['8' '285.9220030300996' 'presentdestroyed']
 ['1' '290.6761664758146' 'present']
 ['16' '291.4780240123234' 'present']
 ['6' '296.415319198448' 'present']
 ['1' '296.9453916503133' 'marauded']
 ['23' '301.6720560060348' 'presentdestroyed']
 ['12' '316.66970988923634' 'present']
 ['18' '316.8221892712671' 'present']
 ['12' '318.0667992781664' 'present']
 ['11' '328.4162687439557' 'present']
 ['23' '346.44840532554923' 'present']
 ['2' '353.85149883146545' 'present']]","[['F171' '72.19089038993563' 'destroyed']
 ['F78' '87.08621361747612' 'mated']
 ['F32' '129.24302059796608' 'mated']
 ['F0' '150.07556562222456' 'mated']
 ['F150' '162.9185509489819' 'mated']
 ['F179' '163.4066465126122' 'mated']
 ['F189' '183.65164607675288' 'mated']
 ['F76' '197.95681206281355' 'mated']
 ['F28' '204.3617592705375' 'mated']
 ['F159' '217.90659653598928' 'mated']
 ['F132' '228.39678730861232' 'mated']
 ['F41' '239.681285604356' 'mated']
 ['F59' '241.6155798005817' 'mated']
 ['F71' '255.55797933743236' 'destroyed']]",575.0,67.23785689965271,12.834896278886474,1466.0,249.08598092316794,53.451715704225045,252.0,42.7402124925263,8.887874460189938,7.0,0.7,0.07,62.0,0.2870370370370369,0.001328875171467763
15,0.054,6,360.1054387598988,"[['21' '3.0907052662579444' 'marauded']
 ['9' '5.664619546988722' 'destroyed']
 ['7' '11.714157950231202' 'present']
 ['23' '28.13358809127155' 'present']
 ['2' '28.42512639631377' 'marauded']
 ['14' '28.803002713604723' 'presentdestroyed']
 ['11' '31.397487349696164' 'presentdestroyed']
 ['11' '37.108282111017076' 'present']
 ['18' '47.518986826394645' 'marauded']
 ['11' '68.51964803173895' 'present']
 ['7' '71.58381396012197' 'present']
 ['7' '94.10050942226408' 'present']
 ['23' '96.88758502835356' 'present']
 ['7' '103.61712676341327' 'marauded']
 ['3' '106.51883114662316' 'presentdestroyed']
 ['18' '106.83994807749075' 'presentdestroyed']
 ['12' '119.97230365232275' 'present']
 ['1' '139.5072386886939' 'marauded']
 ['20' '151.14378416061618' 'marauded']
 ['17' '156.4240504660274' 'presentdestroyed']
 ['1' '157.23274149031818' 'presentdestroyed']
 ['12' '162.15348731562287' 'present']
 ['1' '175.42908599702332' 'present']
 ['1' '176.9207628027978' 'present']
 ['14' '180.63336157249458' 'marauded']
 ['20' '182.7507023768866' 'presentdestroyed']
 ['8' '186.3224079446784' 'presentdestroyed']
 ['17' '186.97352303214402' 'destroyed']
 ['16' '188.2305299299569' 'presentdestroyed']
 ['2' '188.32598764868268' 'presentdestroyed']
 ['9' '190.32174395262408' 'present']
 ['16' '207.03211477980926' 'present']
 ['22' '226.76217177247256' 'marauded']
 ['18' '226.97765378382798' 'presentdestroyed']
 ['21' '235.9996024909142' 'present']
 ['20' '237.0580314558473' 'present']
 ['11' '237.57791325750864' 'present']
 ['14' '240.1462306979407' 'present']
 ['7' '251.39107439161052' 'present']
 ['22' '255.72381066131874' 'present']
 ['11' '256.13390039095776' 'present']
 ['5' '266.35858873021766' 'present']
 ['8' '266.46692654603316' 'present']
 ['20' '271.6620414248485' 'present']
 ['18' '293.35879840578036' 'present']
 ['5' '303.6880357299326' 'present']
 ['6' '315.6967452020956' 'present']
 ['12' '318.21522510020947' 'marauded']
 ['12' '319.14383616793526' 'presentdestroyed']
 ['5' '343.32986817649027' 'marauded']
 ['16' '347.02695529711485' 'presentdestroyed']
 ['8' '349.12724591944266' 'presentdestroyed']
 ['14' '349.6665848757799' 'presentdestroyed']
 ['17' '356.6430572111642' 'present']]","[['F182' '4.337829527857917' 'destroyed']
 ['F43' '36.614721625808166' 'mated']
 ['F105' '77.6184969784906' 'mated']
 ['F57' '91.83211696592666' 'absent']
 ['F52' '125.19565546244675' 'mated']
 ['F84' '158.57836438310122' 'mated']
 ['F10' '219.1759478064436' 'mated']
 ['F34' '239.75204116940398' 'mated']]",554.0,73.20923952525084,15.136645950776453,1324.0,224.61423789916097,48.42108630666657,362.0,61.13279025883712,13.018223389203305,8.0,0.7999999999999999,0.08000000000000002,70.0,0.3240740740740741,0.0015003429355281194
16,0.054,8,360.37878208579997,"[['23' '0.5679902853271789' 'marauded']
 ['17' '1.0348238346949499' 'presentdestroyed']
 ['21' '2.0951878011605483' 'presentdestroyed']
 ['21' '3.1953348958875742' 'presentdestroyed']
 ['18' '5.912944632242625' 'presentdestroyed']
 ['3' '11.352120450312139' 'present']
 ['2' '12.107481656249611' 'marauded']
 ['6' '17.040964168414604' 'presentdestroyed']
 ['6' '28.744746916268976' 'present']
 ['21' '29.923127566094784' 'present']
 ['2' '31.8641875289736' 'present']
 ['11' '32.31793740410116' 'marauded']
 ['8' '33.97989804298163' 'presentdestroyed']
 ['11' '44.157541033340124' 'present']
 ['8' '45.164201842106834' 'marauded']
 ['5' '54.641770295833524' 'present']
 ['8' '55.879677345722044' 'present']
 ['5' '62.667177940472' 'present']
 ['5' '67.21706640190426' 'present']
 ['23' '74.36398837634292' 'marauded']
 ['15' '76.30475169707367' 'destroyed']
 ['6' '81.9633976057594' 'destroyed']
 ['7' '92.4355005104465' 'present']
 ['8' '93.64827560740484' 'marauded']
 ['20' '98.530776162679' 'destroyed']
 ['22' '98.57505783128917' 'destroyed']
 ['8' '106.71746213705805' 'present']
 ['12' '108.80932306097334' 'present']
 ['2' '108.83548084081568' 'present']
 ['23' '119.23963826604654' 'present']
 ['6' '121.23279642978594' 'present']
 ['11' '126.42887560422464' 'present']
 ['2' '134.24124357284092' 'present']
 ['21' '135.69022769128486' 'present']
 ['11' '142.6234444686062' 'present']
 ['14' '143.98159887988785' 'present']
 ['23' '162.82326993617653' 'present']
 ['9' '163.96423692556115' 'marauded']
 ['22' '165.0250576948576' 'presentdestroyed']
 ['2' '167.21862302137245' 'presentdestroyed']
 ['14' '177.6292288597223' 'present']
 ['7' '179.7328913493931' 'present']
 ['7' '187.93350688295496' 'present']
 ['6' '192.88231649340756' 'present']
 ['8' '195.1271545646449' 'marauded']
 ['2' '200.99417533470904' 'destroyed']
 ['3' '202.18481485923712' 'presentdestroyed']
 ['15' '210.33173577051843' 'present']
 ['8' '216.52567549938408' 'present']
 ['23' '233.21343335388005' 'present']
 ['8' '238.31695796352946' 'marauded']
 ['15' '239.62468557146283' 'presentdestroyed']
 ['23' '242.73384803203015' 'presentdestroyed']
 ['5' '243.17274748977593' 'presentdestroyed']
 ['7' '268.99774156603047' 'present']
 ['7' '272.8482326403177' 'present']
 ['12' '273.53195547092724' 'present']
 ['14' '274.00645251494063' 'present']
 ['8' '274.34557203164644' 'present']
 ['23' '275.8923167037532' 'present']
 ['20' '280.94005686746124' 'present']
 ['22' '281.39823414438524' 'present']
 ['20' '289.4386076834597' 'present']
 ['1' '297.95888560428966' 'present']
 ['22' '300.81028330074815' 'present']
 ['17' '310.5783229703447' 'present']
 ['2' '311.31601087386827' 'marauded']
 ['6' '318.2780391110568' 'presentdestroyed']
 ['17' '319.60696298189805' 'present']
 ['7' '325.2495707644456' 'present']
 ['20' '326.97924321457253' 'present']
 ['15' '335.67662301603633' 'present']
 ['11' '336.1159801106065' 'present']
 ['20' '339.1730622076219' 'present']
 ['7' '359.7357058478892' 'present']]","[['F151' '0.26530814372813966' 'mated']
 ['F66' '65.78468300798755' 'mated']
 ['F174' '139.80252045359651' 'mated']
 ['F103' '140.47049826794427' 'absent']
 ['F101' '158.68993255117357' 'mated']
 ['F96' '172.9921411867755' 'mated']
 ['F28' '204.3594444557227' 'absent']
 ['F132' '228.3944724937975' 'absent']
 ['F41' '239.67897078954118' 'destroyed']
 ['F6' '260.6167619524319' 'absent']
 ['F72' '262.8186920199574' 'mated']
 ['F195' '273.8498680817111' 'mated']
 ['F107' '303.7563100495612' 'absent']
 ['F164' '327.5852275721401' 'mated']]",560.0,71.33914835103391,15.139620715793235,1328.0,226.09503355419673,48.49728278638641,366.0,61.164100388662774,12.965116373332188,11.0,1.0999999999999999,0.11000000000000004,79.0,0.365740740740741,0.0016932441700960204
17,0.054,10,359.9068978239747,"[['1' '28.203470631928962' 'present']
 ['7' '36.24454067658775' 'present']
 ['9' '40.50848315872337' 'present']
 ['18' '44.636134220958525' 'present']
 ['14' '52.16332427898386' 'present']
 ['20' '52.282486283513435' 'marauded']
 ['9' '64.14102007339235' 'present']
 ['12' '64.83702129838102' 'present']
 ['1' '64.86705109278034' 'present']
 ['15' '69.58259170594299' 'present']
 ['1' '75.26521821203298' 'present']
 ['15' '75.62656209847063' 'present']
 ['7' '76.62984379322255' 'present']
 ['20' '78.69446146719028' 'present']
 ['20' '79.14789540205146' 'present']
 ['5' '83.52511583035302' 'marauded']
 ['5' '90.43351384388521' 'presentdestroyed']
 ['8' '92.60407816324089' 'present']
 ['14' '92.84279453085185' 'present']
 ['11' '95.60914700166822' 'present']
 ['3' '104.02681682557852' 'present']
 ['23' '104.98636689333391' 'present']
 ['1' '112.79843161440586' 'present']
 ['15' '113.87429157423016' 'present']
 ['7' '116.20564810384606' 'marauded']
 ['11' '129.83282723161565' 'marauded']
 ['5' '130.1859892490314' 'presentdestroyed']
 ['15' '130.43317129141147' 'presentdestroyed']
 ['16' '134.12277906483558' 'presentdestroyed']
 ['6' '139.13311504070037' 'present']
 ['15' '139.1437540763927' 'present']
 ['8' '139.8572392495947' 'marauded']
 ['8' '165.88455133098506' 'present']
 ['3' '168.69899867002826' 'present']
 ['16' '184.38721641091828' 'present']
 ['20' '187.63182173611187' 'present']
 ['22' '197.97716083312292' 'present']
 ['11' '199.1334361673916' 'present']
 ['5' '210.00135287004156' 'present']
 ['22' '210.10870117739606' 'present']
 ['2' '211.51903313949543' 'present']
 ['6' '212.19864203741437' 'present']
 ['18' '228.07443477812993' 'present']
 ['1' '232.11079988259712' 'marauded']
 ['12' '247.4944253486374' 'present']
 ['12' '253.40692377364408' 'present']
 ['16' '254.8967338913652' 'present']
 ['8' '256.7733771132799' 'present']
 ['3' '258.8223895112715' 'marauded']
 ['9' '260.3612057285176' 'presentdestroyed']
 ['5' '260.67394460411487' 'presentdestroyed']
 ['8' '264.92410191224985' 'presentdestroyed']
 ['6' '267.13538030391805' 'presentdestroyed']
 ['6' '268.7363425261483' 'marauded']
 ['8' '274.6161286623514' 'presentdestroyed']
 ['20' '275.4567788263215' 'present']
 ['8' '284.1155549850457' 'present']
 ['21' '287.93360002007887' 'present']
 ['6' '288.9723478756842' 'present']
 ['15' '293.3649871362518' 'marauded']
 ['23' '296.70766127257036' 'presentdestroyed']
 ['1' '308.6869806575939' 'present']
 ['23' '311.0236670936268' 'marauded']
 ['6' '313.290067261872' 'presentdestroyed']
 ['11' '318.60408524090116' 'present']
 ['18' '353.47374195154714' 'present']]","[['F97' '51.030575528470145' 'mated']
 ['F171' '72.19552001956525' 'mated']
 ['F82' '81.11549618625459' 'mated']
 ['F49' '94.01480223216646' 'mated']
 ['F65' '139.255530207066' 'mated']
 ['F198' '166.44542620498734' 'mated']
 ['F85' '170.68632829690281' 'absent']
 ['F77' '181.46078646949587' 'mated']
 ['F168' '191.7704253175097' 'mated']
 ['F68' '214.3744290466886' 'mated']
 ['F184' '260.1062057127855' 'absentdestroyed']
 ['F154' '326.7942445107939' 'mated']]",567.0,70.4003645596208,14.85838894427077,1317.0,226.71927940103834,48.6418291302283,354.0,61.14714617769418,13.723208633291865,14.0,1.4000000000000001,0.14000000000000007,86.0,0.39814814814814853,0.0018432784636488323
18,0.054,9,360.33736118907285,"[['9' '26.699469533606884' 'marauded']
 ['20' '28.363583872575138' 'presentdestroyed']
 ['6' '28.749376545898603' 'presentdestroyed']
 ['9' '35.206556100391474' 'present']
 ['15' '42.303900868350865' 'present']
 ['11' '48.80542474952069' 'marauded']
 ['12' '49.59676021757548' 'presentdestroyed']
 ['9' '50.05120124064224' 'presentdestroyed']
 ['20' '56.50913966678937' 'present']
 ['14' '58.94001476141384' 'present']
 ['17' '65.84514080054659' 'marauded']
 ['8' '70.84910718675198' 'presentdestroyed']
 ['11' '86.5178288968804' 'present']
 ['16' '90.61578543183246' 'present']
 ['16' '93.10853727782803' 'present']
 ['17' '96.73519422455239' 'present']
 ['7' '98.97314314927077' 'present']
 ['3' '99.6089896448812' 'present']
 ['17' '101.91221766605733' 'present']
 ['20' '109.68012515751907' 'present']
 ['23' '111.81765190616794' 'present']
 ['3' '123.75632537587636' 'present']
 ['5' '127.27210540597548' 'present']
 ['23' '128.95967876012395' 'marauded']
 ['21' '139.14693469853134' 'present']
 ['8' '149.19500122723525' 'present']
 ['22' '154.5567071844407' 'present']
 ['8' '159.75859302941132' 'marauded']
 ['15' '160.9913653908298' 'presentdestroyed']
 ['11' '165.85989984929316' 'presentdestroyed']
 ['17' '176.3162382912091' 'present']
 ['14' '179.25721370334384' 'present']
 ['17' '191.34774330862936' 'marauded']
 ['2' '211.53545728977252' 'present']
 ['9' '215.0682797183658' 'present']
 ['6' '217.20453049992292' 'present']
 ['2' '233.43655279539422' 'marauded']
 ['20' '252.01364774039834' 'marauded']
 ['8' '259.24127959862636' 'presentdestroyed']
 ['11' '268.42136990613454' 'present']
 ['12' '269.3269068748946' 'present']
 ['15' '269.5814248168439' 'present']
 ['23' '282.13458914046316' 'marauded']
 ['17' '290.7596488823836' 'present']
 ['23' '298.1694307844115' 'present']
 ['16' '300.53571064024624' 'present']
 ['22' '320.5707300015202' 'present']
 ['20' '321.0059094131195' 'present']
 ['15' '335.67199338640665' 'present']
 ['15' '338.7626706167952' 'present']
 ['22' '342.9959290447518' 'present']
 ['1' '345.74065070940384' 'marauded']]","[['F126' '65.77720650303036' 'absent']
 ['F206' '105.65532114141394' 'mated']
 ['F2' '108.85672676751985' 'mated']
 ['F44' '111.85908688033179' 'mated']
 ['F144' '158.6587738712392' 'mated']
 ['F123' '188.3546002432729' 'mated']
 ['F202' '188.4588519097516' 'mated']
 ['F199' '199.84579538428628' 'absent']
 ['F53' '200.44302827988784' 'mated']
 ['F100' '222.52512286778716' 'mated']
 ['F71' '255.55334970780274' 'destroyed']
 ['F61' '286.1085326073962' 'destroyed']
 ['F110' '342.75383369217275' 'mated']]",562.0,71.78840732764351,15.291842414085838,1338.0,225.84051288058836,48.46896216501163,355.0,61.18513188036539,13.26434589650609,9.0,0.8999999999999999,0.09000000000000002,83.0,0.3842592592592596,0.0017789780521261986
19,0.0,7,360.03943431218926,"[['9' '12.788163966907918' 'present']
 ['18' '22.511660857789742' 'present']
 ['22' '30.043279350114588' 'marauded']
 ['23' '31.593997304657005' 'presentdestroyed']
 ['5' '32.44951520729607' 'presentdestroyed']
 ['7' '38.39039556155905' 'present']
 ['1' '60.12089055141031' 'present']
 ['7' '79.7135794717107' 'present']
 ['18' '81.50591720669257' 'present']
 ['23' '82.85343487500529' 'present']
 ['22' '97.3293416070397' 'marauded']
 ['15' '100.55552948192562' 'presentdestroyed']
 ['9' '107.18728677456106' 'present']
 ['18' '109.12216236323862' 'present']
 ['20' '110.34248621029735' 'present']
 ['20' '113.86097349849584' 'marauded']
 ['21' '114.15090040140387' 'presentdestroyed']
 ['14' '114.34643868780536' 'destroyed']
 ['6' '120.65103648365346' 'presentdestroyed']
 ['14' '121.49326135656906' 'destroyed']
 ['16' '126.8650285272924' 'present']
 ['1' '128.16268438144328' 'marauded']
 ['17' '137.91358653663843' 'present']
 ['11' '140.52979975393183' 'marauded']
 ['3' '144.2399462702335' 'destroyed']
 ['5' '145.19515713377626' 'presentdestroyed']
 ['1' '145.53087328130655' 'presentdestroyed']
 ['6' '152.62321027292657' 'present']
 ['21' '154.48471064595876' 'present']
 ['21' '161.83310472493204' 'present']
 ['14' '166.29897781731103' 'present']
 ['7' '167.457979875705' 'present']
 ['11' '168.35387054147057' 'present']
 ['2' '168.72412531883367' 'present']
 ['7' '174.3387656268955' 'present']
 ['8' '180.89538470844658' 'present']
 ['5' '198.76803685425207' 'present']
 ['3' '205.72456364665808' 'present']
 ['12' '205.80722901845436' 'present']
 ['5' '215.93774774417327' 'present']
 ['14' '216.47951531458273' 'present']
 ['17' '218.2270113156712' 'present']
 ['7' '228.5101431875511' 'present']
 ['3' '245.5681991280143' 'present']
 ['23' '246.3234440116873' 'present']
 ['11' '249.8742865936272' 'present']
 ['22' '257.3697503612749' 'marauded']
 ['6' '264.4807770153077' 'present']
 ['2' '265.6041009724365' 'marauded']
 ['11' '268.44057991534737' 'presentdestroyed']
 ['14' '272.58418375094783' 'presentdestroyed']
 ['21' '274.4152233215054' 'marauded']
 ['21' '276.90285056819874' 'presentdestroyed']
 ['2' '278.69022594199623' 'presentdestroyed']
 ['17' '279.89102783511976' 'presentdestroyed']
 ['18' '281.62111780593085' 'presentdestroyed']
 ['2' '284.405965904794' 'present']
 ['5' '303.68340610030293' 'present']
 ['2' '310.981059818371' 'marauded']
 ['7' '313.0092696466032' 'presentdestroyed']
 ['3' '322.57085080108845' 'present']
 ['8' '322.9748576598548' 'present']
 ['2' '325.2266649585405' 'marauded']
 ['11' '327.40397549086316' 'presentdestroyed']
 ['18' '334.5238291884698' 'present']
 ['21' '334.709027716791' 'marauded']
 ['5' '337.10099133900434' 'destroyed']
 ['22' '338.78522182012904' 'destroyed']
 ['18' '342.8970893950327' 'present']
 ['1' '349.47208684655794' 'present']
 ['12' '353.4858641309123' 'present']]","[['F105' '77.61618216367579' 'absent']
 ['F215' '91.75455744551402' 'mated']
 ['F135' '101.30403512767568' 'destroyed']
 ['F103' '140.47281308275907' 'mated']
 ['F81' '169.20401204865775' 'mated']
 ['F137' '216.85669928700608' 'mated']
 ['F131' '228.19541202394768' 'mated']
 ['F89' '237.2595201555378' 'mated']
 ['F181' '242.6944816134427' 'absent']
 ['F184' '260.1085205276003' 'destroyed']
 ['F39' '329.25767766536774' 'destroyed']
 ['F207' '354.61652709298016' 'mated']]",564.0,69.70920784786976,14.179304008893245,1314.0,222.48170203214838,47.33177998210815,410.0,67.90360195358276,14.205708551577162,0.0,0.0,0.0,0.0,0.0,0.0
20,0.054,11,360.5423802639352,"[['1' '2.9097191107120906' 'marauded']
 ['18' '35.28283969302595' 'present']
 ['15' '42.888755581990225' 'present']
 ['12' '48.79992372851571' 'present']
 ['1' '57.640172531973' 'present']
 ['11' '65.11259638196815' 'present']
 ['22' '75.0457241223525' 'present']
 ['5' '92.75781118948471' 'present']
 ['2' '99.8326854272711' 'present']
 ['9' '100.42799612879246' 'present']
 ['18' '109.46882791825615' 'present']
 ['12' '109.97272305061627' 'present']
 ['16' '125.02059644689186' 'marauded']
 ['18' '137.24028284300238' 'present']
 ['6' '138.3196195971158' 'present']
 ['9' '154.8019145020171' 'present']
 ['21' '156.1393802450104' 'marauded']
 ['7' '167.00185340905568' 'present']
 ['16' '185.93909400999942' 'present']
 ['9' '187.3315817555404' 'present']
 ['17' '202.00972595832306' 'present']
 ['17' '208.7050467265479' 'present']
 ['3' '210.08592030078884' 'marauded']
 ['5' '210.79454893397167' 'destroyed']
 ['12' '215.37297561614713' 'presentdestroyed']
 ['16' '222.45467811592036' 'present']
 ['23' '232.20956889632856' 'present']
 ['21' '237.54126124780737' 'present']
 ['14' '250.46037405833883' 'present']
 ['23' '253.593564635013' 'marauded']
 ['14' '265.3732910858653' 'present']
 ['12' '268.5939714739502' 'present']
 ['22' '283.44996779015713' 'present']
 ['3' '285.17236838671204' 'present']
 ['1' '290.1824381050742' 'present']
 ['23' '291.70188223149654' 'present']
 ['5' '292.7641936933172' 'present']
 ['2' '298.14999632297906' 'marauded']
 ['5' '300.1673262018672' 'presentdestroyed']
 ['1' '300.3630510322081' 'presentdestroyed']
 ['12' '305.5241620586361' 'destroyed']
 ['2' '323.95317755780536' 'present']
 ['2' '327.42710326243923' 'present']
 ['12' '333.18951457460724' 'present']
 ['3' '333.9921681878631' 'present']
 ['18' '345.6551445403149' 'marauded']
 ['14' '350.85104015365175' 'destroyed']
 ['8' '351.4452049661882' 'presentdestroyed']
 ['17' '358.7993484425815' 'present']]","[['F182' '4.335514713043102' 'destroyed']
 ['F20' '40.14764703944' 'mated']
 ['F112' '60.59963363978738' 'mated']
 ['F56' '77.49315046829092' 'mated']
 ['F21' '109.70772659827809' 'mated']
 ['F36' '114.83517096034309' 'mated']
 ['F52' '125.19102583281713' 'destroyed']
 ['F32' '129.24070578315127' 'destroyed']
 ['F161' '136.38910201468337' 'mated']
 ['F197' '138.39426584550043' 'mated']
 ['F29' '164.92500026611185' 'mated']
 ['F37' '174.12172734129112' 'absent']
 ['F94' '193.09378217951976' 'absent']
 ['F114' '199.90813621090302' 'mated']
 ['F3' '211.90065873436768' 'destroyed']
 ['F163' '217.76254833068487' 'mated']
 ['F181' '242.68985198381307' 'absent']
 ['F25' '262.31770830423244' 'absent']
 ['F54' '338.25277010573933' 'mated']]",582.0,72.8492256976307,15.37847068271785,1429.0,242.80977142258217,52.26574566610206,244.0,42.72379437494845,9.284199292014105,13.0,1.3,0.13000000000000006,83.0,0.3842592592592596,0.0017789780521261986
21,0.054,5,360.64052945452977,"[['7' '14.041501006345127' 'present']
 ['6' '15.408149935984595' 'present']
 ['2' '26.673765514427153' 'present']
 ['14' '52.12720386286825' 'present']
 ['11' '53.414839426439805' 'present']
 ['3' '54.06590255311231' 'present']
 ['7' '64.79594255482318' 'present']
 ['1' '69.89402750501235' 'present']
 ['9' '79.04107022326043' 'present']
 ['15' '89.8141943391428' 'present']
 ['1' '90.04634008946705' 'present']
 ['2' '93.90705042819023' 'present']
 ['11' '100.57871236428305' 'marauded']
 ['6' '101.57700422649208' 'presentdestroyed']
 ['18' '109.47808717751539' 'present']
 ['3' '111.48003091007861' 'present']
 ['6' '112.15463629912907' 'present']
 ['2' '112.95926474322094' 'present']
 ['16' '120.33267387801834' 'present']
 ['15' '123.56174229166908' 'present']
 ['5' '130.190618878661' 'present']
 ['23' '130.99212220462698' 'present']
 ['1' '132.3406421894342' 'present']
 ['3' '159.6954250151207' 'present']
 ['2' '166.31610705205912' 'marauded']
 ['23' '169.61243947798116' 'presentdestroyed']
 ['17' '179.6976728192088' 'marauded']
 ['16' '192.64683073659725' 'marauded']
 ['8' '197.4134541772171' 'presentdestroyed']
 ['20' '203.74584868601673' 'marauded']
 ['15' '206.77980824145394' 'presentdestroyed']
 ['16' '208.59892260554608' 'presentdestroyed']
 ['3' '210.042345014174' 'presentdestroyed']
 ['5' '210.50373952042185' 'presentdestroyed']
 ['3' '224.68644443626235' 'marauded']
 ['6' '237.48266424894572' 'present']
 ['1' '238.42205786055618' 'marauded']
 ['6' '249.67135640522733' 'present']
 ['20' '262.1286165514177' 'marauded']
 ['9' '268.6317514817063' 'presentdestroyed']
 ['12' '269.1626371461304' 'presentdestroyed']
 ['6' '272.49199017209855' 'present']
 ['18' '272.83221960430353' 'present']
 ['16' '274.61262428234267' 'present']
 ['7' '275.6342321782018' 'present']
 ['20' '281.9933352142283' 'present']
 ['23' '285.5021866576402' 'present']
 ['12' '294.1620222028591' 'marauded']
 ['16' '297.1981139076527' 'presentdestroyed']
 ['16' '303.8650837175892' 'present']
 ['2' '309.87532491976873' 'present']
 ['8' '314.33944457642247' 'present']
 ['11' '316.10215207418867' 'present']
 ['7' '319.6560706201704' 'present']
 ['16' '321.89044657203647' 'marauded']
 ['14' '335.39845691688697' 'marauded']
 ['1' '336.8913371036124' 'presentdestroyed']
 ['20' '341.0116192735798' 'presentdestroyed']
 ['23' '341.8641259169866' 'presentdestroyed']
 ['5' '344.57625354768743' 'present']
 ['18' '345.3670106834972' 'present']
 ['1' '352.2856041356448' 'present']
 ['8' '353.1608867716396' 'marauded']
 ['6' '358.01934023691007' 'presentdestroyed']
 ['22' '359.40849425903167' 'destroyed']]","[['F23' '16.335603826817195' 'mated']
 ['F4' '23.867147513670663' 'mated']
 ['F156' '24.81878939621632' 'mated']
 ['F106' '161.3659589910874' 'mated']
 ['F198' '166.44079657535772' 'destroyed']
 ['F37' '174.1194125264763' 'absent']
 ['F35' '226.38970336397662' 'destroyed']
 ['F129' '229.56622978149315' 'destroyed']
 ['F136' '269.9582645494248' 'mated']
 ['F154' '326.79192969597904' 'destroyed']]",568.0,70.9736343241867,14.22589053037092,1286.0,214.73183293940338,44.960602589694965,428.0,72.30315212026835,15.375999420209011,17.0,1.7000000000000004,0.1700000000000001,71.0,0.3287037037037038,0.001521776406035664
22,0.054,7,360.03057714083604,"[['6' '15.5362495689631' 'present']
 ['5' '18.75446367487402' 'present']
 ['6' '41.41722064289731' 'marauded']
 ['6' '42.49694616532536' 'presentdestroyed']
 ['9' '45.21711197334701' 'presentdestroyed']
 ['20' '58.04289946132971' 'marauded']
 ['20' '59.196108506884926' 'presentdestroyed']
 ['17' '74.07809161711099' 'present']
 ['1' '74.83738847624159' 'present']
 ['18' '75.10524323308572' 'present']
 ['3' '80.33413531720576' 'present']
 ['5' '80.60536024685454' 'present']
 ['12' '80.90942775137492' 'present']
 ['12' '81.9536340775494' 'marauded']
 ['8' '84.06375302335417' 'presentdestroyed']
 ['5' '86.73564082018264' 'presentdestroyed']
 ['11' '89.89833841119' 'marauded']
 ['7' '102.2829682501551' 'present']
 ['6' '103.07715107005598' 'present']
 ['5' '131.87201461360618' 'present']
 ['21' '142.03422136148166' 'present']
 ['12' '144.91628542739525' 'marauded']
 ['12' '155.98271439580114' 'present']
 ['17' '156.4194208363978' 'present']
 ['17' '157.05444191273097' 'marauded']
 ['9' '158.3766934486031' 'destroyed']
 ['23' '178.8501858232648' 'present']
 ['7' '180.57377991664785' 'present']
 ['16' '183.91011040284394' 'present']
 ['9' '184.97201301530822' 'marauded']
 ['20' '188.85450740320246' 'destroyed']
 ['14' '210.42771406368865' 'present']
 ['9' '220.13326126759486' 'present']
 ['11' '220.63795528255824' 'present']
 ['15' '222.63787496250725' 'present']
 ['15' '236.78511086283734' 'marauded']
 ['11' '240.0818232848543' 'presentdestroyed']
 ['12' '240.75707822314112' 'presentdestroyed']
 ['17' '246.218197257607' 'present']
 ['5' '268.630072684233' 'present']
 ['21' '273.86316287882187' 'present']
 ['1' '283.4627110908566' 'present']
 ['1' '290.1778084754445' 'present']
 ['2' '323.62921965494183' 'marauded']
 ['8' '326.8311818022664' 'presentdestroyed']
 ['2' '348.77193972240616' 'present']
 ['5' '354.9389030713986' 'present']]","[['F83' '51.73928085882936' 'mated']
 ['F203' '68.6554666702834' 'mated']
 ['F152' '97.44312047433509' 'mated']
 ['F8' '183.33995704103899' 'mated']
 ['F33' '185.89878985787243' 'destroyed']
 ['F60' '212.47060895138227' 'mated']
 ['F41' '239.67434115991156' 'absentdestroyed']
 ['F116' '258.48424691637575' 'mated']
 ['F127' '274.8927725043998' 'mated']
 ['F178' '297.8186271460808' 'absent']]",553.0,69.19047785943333,13.974413486354589,1371.0,234.62345515404434,50.89380814939307,326.0,54.84220135769348,11.591035940924687,12.0,1.2,0.12000000000000005,60.0,0.2777777777777776,0.0012860082304526738
23,0.054,6,360.27417803533626,"[['8' '0.3480721419722081' 'present']
 ['5' '0.7512622451503396' 'present']
 ['15' '2.3920708028731417' 'marauded']
 ['18' '9.364498868770017' 'present']
 ['21' '11.28755071619937' 'present']
 ['11' '15.558742179244753' 'present']
 ['5' '16.679364987018406' 'present']
 ['6' '17.036334538784978' 'present']
 ['2' '18.098847737220357' 'marauded']
 ['11' '26.356608394863276' 'present']
 ['22' '27.10573707810917' 'present']
 ['21' '30.549745131297687' 'present']
 ['21' '33.43953046423601' 'marauded']
 ['2' '34.61103355733734' 'destroyed']
 ['3' '57.148153590791146' 'marauded']
 ['21' '57.15584776530523' 'destroyed']
 ['1' '64.87168072240996' 'present']
 ['3' '65.33951992338318' 'marauded']
 ['17' '65.69338047562645' 'presentdestroyed']
 ['16' '65.69922393715126' 'presentdestroyed']
 ['8' '70.21916852872215' 'presentdestroyed']
 ['20' '72.44917290727696' 'presentdestroyed']
 ['6' '82.05088257022467' 'present']
 ['12' '88.39297856083748' 'marauded']
 ['8' '94.0676522457334' 'presentdestroyed']
 ['14' '100.26112910106097' 'present']
 ['8' '104.30062800513288' 'present']
 ['18' '121.97442509137667' 'present']
 ['2' '138.28870627788362' 'present']
 ['3' '144.3834234576221' 'present']
 ['21' '153.76753538857002' 'marauded']
 ['1' '154.79537643250626' 'presentdestroyed']
 ['12' '167.09089368033904' 'present']
 ['8' '168.00590427375508' 'present']
 ['2' '169.17819040629843' 'present']
 ['5' '170.69207361340204' 'present']
 ['7' '176.75867388496513' 'present']
 ['16' '180.7124469143923' 'marauded']
 ['16' '183.2217872867758' 'presentdestroyed']
 ['7' '183.5376967992758' 'presentdestroyed']
 ['16' '183.59346095311756' 'presentdestroyed']
 ['2' '188.56780403408257' 'marauded']
 ['5' '191.85263213073537' 'presentdestroyed']
 ['17' '196.90590902281366' 'present']
 ['17' '199.48162581970877' 'marauded']
 ['15' '216.0652129352162' 'present']
 ['18' '223.6217491737667' 'present']
 ['9' '230.56304366757942' 'present']
 ['5' '231.1315759195652' 'present']
 ['6' '231.6001326839359' 'present']
 ['9' '235.82325210465504' 'present']
 ['5' '237.41790820858338' 'present']
 ['17' '248.19474702740348' 'present']
 ['1' '248.62265913250292' 'present']
 ['18' '249.6147693828026' 'present']
 ['3' '253.639606627411' 'marauded']
 ['6' '257.9368881662793' 'presentdestroyed']
 ['15' '260.26650159650666' 'destroyed']
 ['6' '282.88806176819656' 'present']
 ['22' '290.99767554697456' 'present']
 ['1' '297.5743663624686' 'present']
 ['1' '302.06641768137996' 'marauded']
 ['16' '304.2301406113039' 'presentdestroyed']
 ['16' '304.49979565102274' 'destroyed']
 ['12' '307.33058785750944' 'presentdestroyed']
 ['8' '314.6347366125463' 'present']
 ['18' '322.83043840312' 'present']
 ['5' '323.10176567181435' 'present']
 ['17' '329.1462285941121' 'marauded']
 ['20' '333.29188804623345' 'presentdestroyed']
 ['18' '337.3415306013172' 'present']
 ['16' '338.06305225164783' 'present']
 ['17' '338.6653102490848' 'present']
 ['16' '349.7761495517773' 'present']
 ['12' '353.3812345012826' 'marauded']]","[['F198' '166.44311139017253' 'absent']
 ['F50' '166.59467730848252' 'mated']
 ['F142' '198.46223814493405' 'mated']
 ['F201' '207.3729281508511' 'mated']
 ['F75' '210.72075504535204' 'mated']
 ['F213' '223.01700368253486' 'mated']
 ['F177' '227.71442397414313' 'mated']]",560.0,65.53057286717095,12.863720011758508,1257.0,207.75019515347313,44.13933709184719,526.0,85.24518222726783,17.828232389559503,13.0,1.3,0.13000000000000006,75.0,0.3472222222222224,0.0016075102880658422
