id,probability_maraud,successful_mating,next_foraging_time,mar_attempts,mate_attempts,foraging_events,foraging_hrs,foraging_sqhrs,staying_events,staying_hrs,staying_sqhrs,repairing_events,repairing_hrs,repairing_sqhrs,marauding_events,marauding_hrs,marauding_sqhrs,traveling_events,traveling_hrs,traveling_sqhrs
0,0.0,3,360.36630712037794,"[['20' '10.759600507310209' 'marauded']
 ['20' '14.778660211813596' 'presentdestroyed']
 ['20' '16.899148484106036' 'presentdestroyed']
 ['3' '21.756768105087477' 'present']
 ['3' '30.69732950197208' 'present']
 ['23' '31.091717449542845' 'present']
 ['18' '64.35217052267173' 'present']
 ['18' '97.37488900180296' 'present']
 ['3' '108.9677126325748' 'present']
 ['23' '120.56262625999359' 'present']
 ['23' '191.1770279076245' 'marauded']
 ['20' '239.92219246478658' 'present']
 ['18' '240.94402503706948' 'present']
 ['18' '258.80400696443826' 'marauded']
 ['20' '267.002987743985' 'present']
 ['23' '300.7680915107689' 'present']
 ['16' '301.2822840092456' 'present']
 ['23' '331.6228462040218' 'present']
 ['20' '343.5779933595812' 'present']]","[['F214' '119.0054010225931' 'absent']
 ['F213' '120.48695713865533' 'absent']
 ['F117' '124.17838767844678' 'mated']
 ['F124' '126.6066742391628' 'mated']
 ['F140' '130.32697852354173' 'mated']
 ['F101' '131.14688373183733' 'absent']
 ['F13' '155.0460554718165' 'absent']
 ['F150' '164.27542271133163' 'absent']
 ['F143' '193.89682988282172' 'absentdestroyed']
 ['F188' '197.74398575380516' 'destroyed']
 ['F100' '197.9193808734134' 'destroyed']]",561.0,72.42710742641269,15.218829281175914,1596.0,269.3719873954301,57.47574866728062,109.0,18.22376742167397,3.7613020538998385,0.0,0.0,0.0,0.0,0.0,0.0
1,0.0,7,360.3157983147212,"[['18' '44.7586340672154' 'present']
 ['16' '70.69346999710955' 'marauded']
 ['3' '101.77110856323063' 'marauded']
 ['18' '110.42796546979761' 'present']
 ['18' '112.79205033353338' 'present']
 ['23' '116.86124575018319' 'present']
 ['18' '131.37041772748128' 'present']
 ['18' '144.70742496590336' 'present']
 ['20' '165.57990280053394' 'marauded']
 ['23' '173.12526819386534' 'present']
 ['16' '188.93099948094007' 'marauded']
 ['20' '191.709242047694' 'presentdestroyed']
 ['20' '198.6845321858234' 'present']
 ['23' '206.01760566697624' 'present']
 ['18' '216.29041451490747' 'present']
 ['16' '238.79712288145384' 'marauded']
 ['20' '257.3963980440101' 'marauded']
 ['20' '267.56871775335213' 'present']
 ['3' '294.6048668796634' 'present']
 ['16' '304.3181317010263' 'present']
 ['3' '335.8709876112242' 'present']
 ['20' '344.1139475242863' 'present']]","[['F151' '34.00106304068903' 'mated']
 ['F36' '85.95648969903623' 'mated']
 ['F24' '107.37835361756105' 'absentdestroyed']
 ['F137' '121.9138964148814' 'mated']
 ['F72' '192.051968162753' 'destroyed']
 ['F110' '213.02899502302472' 'mated']
 ['F83' '231.077014799784' 'absent']
 ['F121' '233.11750396193895' 'mated']
 ['F134' '269.05059702996306' 'absent']
 ['F74' '281.78197176728503' 'mated']
 ['F149' '305.9269605299826' 'mated']]",565.0,70.33622859878282,14.456242360583039,1477.0,253.11133468078532,54.14495144680174,211.0,36.62457560474962,7.7996204760465835,0.0,0.0,0.0,0.0,0.0,0.0
2,0.0,11,359.88967170739477,"[['3' '4.8540337413560115' 'present']
 ['23' '29.0021133031377' 'marauded']
 ['3' '58.27625043626094' 'present']
 ['3' '110.97009746643559' 'marauded']
 ['3' '118.37960048149152' 'marauded']
 ['18' '143.6846884075782' 'marauded']
 ['23' '145.2480683973519' 'presentdestroyed']
 ['3' '187.41201468466386' 'marauded']
 ['20' '198.68916181545302' 'present']
 ['23' '207.090822740512' 'present']
 ['18' '214.97572114896028' 'present']
 ['18' '220.7674465584934' 'present']
 ['20' '239.7085086427633' 'present']
 ['18' '244.84958045657044' 'present']
 ['18' '262.39787131753474' 'present']
 ['16' '269.4755465328127' 'present']
 ['18' '309.97248065283355' 'marauded']
 ['16' '323.35064337951985' 'present']
 ['16' '332.11199721986304' 'present']
 ['20' '339.7744495741704' 'marauded']
 ['16' '345.2941845847687' 'destroyed']
 ['20' '357.870580953495' 'present']]","[['F87' '32.893131595550365' 'destroyed']
 ['F151' '33.998748225874216' 'destroyed']
 ['F70' '34.32617729885088' 'destroyed']
 ['F174' '100.47874918033945' 'mated']
 ['F185' '109.48056974094393' 'absent']
 ['F63' '129.6243659296561' 'mated']
 ['F163' '156.3849612539956' 'mated']
 ['F196' '190.89490040936383' 'absentdestroyed']
 ['F65' '206.7470494770224' 'mated']
 ['F180' '214.62148516759015' 'mated']
 ['F190' '217.16004226996742' 'mated']
 ['F138' '224.21948961097448' 'mated']
 ['F39' '227.97128047049844' 'mated']
 ['F20' '242.83683401091812' 'mated']
 ['F55' '266.4686641015699' 'mated']
 ['F111' '275.28082669508234' 'absent']
 ['F146' '287.7158480690846' 'mated']]",564.0,71.2423564213721,14.977723969342282,1436.0,246.26468125808506,52.80186751686973,258.0,42.62911665725641,8.873409456902944,0.0,0.0,0.0,0.0,0.0,0.0
3,0.054,10,359.97724868575006,"[['18' '0.7792860290645323' 'present']
 ['23' '43.47128029610495' 'present']
 ['20' '66.52688151003231' 'present']
 ['16' '72.98321124294189' 'present']
 ['18' '81.27222058647811' 'present']
 ['20' '81.69049054644549' 'marauded']
 ['23' '106.39841895607573' 'present']
 ['16' '119.7741684607859' 'present']
 ['18' '163.5727106049254' 'marauded']
 ['18' '173.6176496552532' 'marauded']
 ['18' '200.74169189482572' 'marauded']
 ['18' '225.62756524379708' 'present']
 ['20' '237.81238323596097' 'marauded']
 ['16' '256.5143006313092' 'marauded']
 ['23' '262.62705804052774' 'presentdestroyed']
 ['20' '270.4866817489425' 'present']
 ['20' '272.9793400222425' 'present']
 ['23' '305.9627784973615' 'present']
 ['16' '333.38808137535085' 'present']
 ['23' '359.2529839116594' 'present']]","[['F32' '14.379004552311306' 'absent']
 ['F70' '34.32386248403606' 'absent']
 ['F152' '34.97116782368813' 'mated']
 ['F80' '75.5288015145904' 'mated']
 ['F156' '110.12902252440635' 'mated']
 ['F197' '114.61391785838161' 'mated']
 ['F106' '123.02313347022547' 'mated']
 ['F61' '144.69702630010872' 'mated']
 ['F31' '160.08772055119644' 'mated']
 ['F154' '216.0722972212348' 'mated']
 ['F172' '217.33947194433756' 'mated']
 ['F131' '241.01721876019573' 'destroyed']
 ['F134' '269.0482822151482' 'absent']
 ['F127' '319.9444201537846' 'mated']]",558.0,73.72063648514856,15.703996739181695,1470.0,247.01100341283657,52.208967631297874,216.0,37.14309141867262,7.933044245852038,18.0,1.8000000000000005,0.1800000000000001,96.0,0.44444444444444503,0.0020576131687242787
4,0.0,11,360.04557379427183,"[['20' '47.06667503119066' 'present']
 ['23' '78.4349497869191' 'present']
 ['16' '128.68226880572024' 'present']
 ['23' '128.99182422195335' 'present']
 ['16' '137.5798912387003' 'present']
 ['23' '142.17584483181804' 'marauded']
 ['20' '153.58804804806257' 'marauded']
 ['3' '163.53784344841415' 'present']
 ['16' '208.4752415604769' 'present']
 ['23' '217.20174418079168' 'present']
 ['3' '248.55309106104502' 'marauded']
 ['18' '266.12240948053886' 'present']
 ['18' '283.0688911944843' 'present']
 ['3' '291.8645142307948' 'marauded']
 ['23' '309.11139597022475' 'present']
 ['18' '329.6318828109237' 'present']]","[['F193' '45.70927501357574' 'mated']
 ['F30' '103.60941669599569' 'absent']
 ['F101' '131.15151336146695' 'mated']
 ['F136' '152.85644977546303' 'mated']
 ['F81' '180.26943608768025' 'mated']
 ['F12' '183.510595981419' 'mated']
 ['F14' '192.3163332857519' 'mated']
 ['F35' '202.8728613446382' 'mated']
 ['F173' '213.92668341264297' 'mated']
 ['F58' '237.94045518540435' 'mated']
 ['F131' '241.01953357501054' 'mated']
 ['F102' '242.46296047255095' 'mated']
 ['F104' '330.43560336973945' 'absent']]",578.0,68.72796953474312,13.33835770420587,1560.0,266.96695960677283,57.61430186284995,147.0,24.452457893699105,5.2315588949057075,0.0,0.0,0.0,0.0,0.0,0.0
5,0.0,5,360.2197424279213,"[['3' '2.321870334140939' 'present']
 ['3' '7.075980860854013' 'present']
 ['3' '8.832848062062618' 'present']
 ['18' '11.626072502141396' 'marauded']
 ['3' '21.761397734717104' 'present']
 ['20' '46.65730283726854' 'present']
 ['23' '52.65715196484525' 'present']
 ['23' '98.71769975915521' 'present']
 ['20' '106.55825273408404' 'present']
 ['18' '116.30072722253617' 'present']
 ['18' '120.04555190907664' 'present']
 ['20' '127.95329278441936' 'present']
 ['23' '190.4241374516807' 'present']
 ['20' '191.04214293942962' 'present']
 ['18' '253.86011703305363' 'present']
 ['20' '279.87634038331703' 'present']
 ['20' '284.47212325512345' 'present']
 ['18' '319.1795877976001' 'marauded']
 ['18' '347.635939516254' 'present']]","[['F70' '34.328492113665696' 'mated']
 ['F101' '131.14919854665214' 'absent']
 ['F15' '164.82842976847658' 'mated']
 ['F100' '197.91475124378377' 'absent']
 ['F184' '212.20519210731263' 'mated']
 ['F59' '292.8304854038722' 'mated']
 ['F181' '340.36810632103925' 'mated']]",560.0,72.5243342181823,14.881707665567214,1634.0,275.3756133202468,58.96755981402277,73.0,12.185793045022141,2.56608219139764,0.0,0.0,0.0,0.0,0.0,0.0
6,0.0,7,360.51889014751686,"[['16' '5.4058372719297925' 'marauded']
 ['3' '6.225494528768385' 'presentdestroyed']
 ['16' '7.4200262735783795' 'presentdestroyed']
 ['3' '26.429641696357976' 'present']
 ['18' '35.441308881406755' 'present']
 ['20' '42.172370954367985' 'present']
 ['3' '49.90056336263565' 'present']
 ['3' '50.52964176337331' 'present']
 ['23' '59.81822477282551' 'marauded']
 ['20' '65.2511214763262' 'presentdestroyed']
 ['20' '73.64358404023594' 'present']
 ['3' '146.49087849667202' 'present']
 ['16' '176.05642216135521' 'present']
 ['20' '180.13881353997024' 'present']
 ['23' '181.66868873014036' 'present']
 ['18' '184.30140284602484' 'present']
 ['23' '219.93803423688325' 'present']
 ['16' '228.4107404218421' 'present']
 ['18' '239.20374090341153' 'present']
 ['23' '256.93285326834035' 'present']
 ['23' '280.1726980304899' 'present']
 ['18' '303.50405242747235' 'present']
 ['16' '305.8000572952896' 'marauded']
 ['3' '308.70803141262957' 'presentdestroyed']
 ['3' '337.73703985749' 'present']]","[['F49' '68.51319753083393' 'absent']
 ['F116' '99.99042715738553' 'mated']
 ['F189' '110.9783173228093' 'mated']
 ['F99' '116.34425554597533' 'mated']
 ['F3' '152.60729215428384' 'mated']
 ['F8' '163.24383150453156' 'mated']
 ['F90' '192.99299149938898' 'mated']
 ['F4' '358.01963872983424' 'mated']]",574.0,69.95017419038146,13.571194667650815,1581.0,271.8242608980202,58.25830593896164,110.0,18.275390367505533,3.9063393635725907,0.0,0.0,0.0,0.0,0.0,0.0
7,0.0,10,359.9159837967202,"[['3' '25.55876096934043' 'present']
 ['20' '37.91574883261903' 'present']
 ['18' '42.55713146216326' 'present']
 ['23' '45.90319010412185' 'present']
 ['3' '52.99335001093131' 'present']
 ['23' '55.65583407194398' 'present']
 ['23' '68.15525510344563' 'present']
 ['18' '72.47935029817566' 'present']
 ['23' '82.70949070723326' 'marauded']
 ['16' '96.797750279634' 'present']
 ['16' '96.8787947292452' 'present']
 ['3' '97.69322716579637' 'present']
 ['20' '106.56288236371365' 'marauded']
 ['23' '110.07362397002265' 'presentdestroyed']
 ['20' '138.73507100681198' 'present']
 ['16' '169.7565741493541' 'present']
 ['16' '179.89174354931617' 'marauded']
 ['20' '209.56377112041665' 'marauded']
 ['23' '226.38048079260454' 'present']
 ['3' '231.0838131949393' 'present']
 ['3' '245.86985938008726' 'present']
 ['18' '249.31162402157295' 'present']
 ['18' '252.00181385839596' 'present']
 ['23' '261.51338285689303' 'marauded']
 ['3' '285.0857741032419' 'present']
 ['23' '285.2278716257501' 'present']
 ['23' '285.23250125537976' 'present']
 ['23' '349.7977303613669' 'present']]","[['F87' '32.89544641036518' 'mated']
 ['F206' '78.94386584453018' 'mated']
 ['F28' '89.72424999334993' 'destroyed']
 ['F95' '114.31433110484693' 'mated']
 ['F213' '120.48927195347014' 'mated']
 ['F196' '190.89953003899345' 'mated']
 ['F139' '246.74718510169217' 'mated']
 ['F66' '260.60529509662575' 'absent']
 ['F47' '292.980377616597' 'mated']
 ['F6' '312.7409046209764' 'mated']
 ['F179' '326.76723079540653' 'mated']
 ['F10' '335.6805179507076' 'mated']]",569.0,72.31954279507106,14.883370668243364,1515.0,257.0416970453037,55.24607301258907,179.0,30.672234173263295,6.710866736064381,0.0,0.0,0.0,0.0,0.0,0.0
8,0.0,11,360.2889391335442,"[['23' '13.182090198073315' 'present']
 ['20' '62.17629680534938' 'present']
 ['18' '91.86330196653486' 'present']
 ['23' '106.85203534498993' 'present']
 ['20' '107.42315494445016' 'marauded']
 ['16' '119.77879809041552' 'present']
 ['16' '120.37352967374002' 'marauded']
 ['16' '120.47815930336964' 'presentdestroyed']
 ['3' '131.0253637487493' 'present']
 ['18' '145.91023145532893' 'present']
 ['23' '173.5438720304111' 'marauded']
 ['16' '189.0356291105697' 'present']
 ['18' '190.5041574449546' 'present']
 ['23' '224.36714697414428' 'marauded']
 ['18' '234.3929344199422' 'present']
 ['3' '245.86522975045764' 'present']
 ['23' '256.5167352620684' 'present']
 ['20' '306.32505985683724' 'marauded']
 ['3' '314.15654096822607' 'marauded']
 ['18' '319.17495816797043' 'presentdestroyed']
 ['3' '320.46860053606156' 'presentdestroyed']
 ['16' '330.24313089152145' 'present']]","[['F49' '68.51551234564874' 'mated']
 ['F194' '69.56336159802144' 'mated']
 ['F185' '109.47825492612913' 'destroyed']
 ['F177' '147.5400600982271' 'mated']
 ['F178' '195.8039647684084' 'absent']
 ['F200' '218.49900630068888' 'mated']
 ['F26' '219.87229092886986' 'mated']
 ['F108' '220.1475928264344' 'mated']
 ['F23' '222.1094861248004' 'mated']
 ['F159' '223.5805756834096' 'mated']
 ['F83' '231.0793296145988' 'destroyed']
 ['F169' '255.93701718884395' 'mated']
 ['F86' '259.2720847366784' 'mated']
 ['F199' '273.17169319996214' 'mated']
 ['F77' '314.6737128709662' 'destroyed']]",560.0,72.24201372834868,15.719510933979592,1517.0,251.06997185120963,53.388894280804315,210.0,36.842653884018674,8.157058193536441,0.0,0.0,0.0,0.0,0.0,0.0
9,0.0,10,360.6282727476243,"[['16' '48.97597545713441' 'present']
 ['23' '55.75810965781445' 'present']
 ['18' '63.194069648325424' 'present']
 ['20' '100.79596019218143' 'present']
 ['18' '106.41252316899326' 'present']
 ['20' '143.05506909404338' 'present']
 ['20' '143.059698723673' 'present']
 ['18' '150.2566719040777' 'marauded']
 ['18' '152.8985010636944' 'presentdestroyed']
 ['18' '169.39015364481233' 'marauded']
 ['3' '171.84344113812244' 'presentdestroyed']
 ['20' '179.5041900620988' 'marauded']
 ['18' '186.67227981235212' 'destroyed']
 ['18' '192.72926352611543' 'present']
 ['16' '195.49955105139463' 'present']
 ['23' '201.6505356512411' 'present']
 ['18' '210.34863472870163' 'present']
 ['18' '218.44471084947511' 'marauded']
 ['20' '240.30324488625027' 'present']
 ['23' '254.27367745837483' 'present']
 ['20' '307.1990951751251' 'marauded']
 ['3' '315.21922588317153' 'present']
 ['20' '348.73738857272593' 'present']]","[['F19' '55.69362000592718' 'mated']
 ['F34' '72.95302080717894' 'mated']
 ['F145' '107.05189625496428' 'mated']
 ['F192' '140.2965025952777' 'mated']
 ['F147' '141.5685165703466' 'mated']
 ['F91' '149.44821988524444' 'absent']
 ['F25' '188.9162316897148' 'mated']
 ['F52' '231.21637748072467' 'mated']
 ['F176' '232.82511915119449' 'mated']
 ['F104' '330.44023299936913' 'mated']
 ['F89' '332.493786481599' 'mated']]",568.0,71.69598654269656,15.364604909588532,1528.0,257.95195668442017,55.63359709545883,177.0,30.418054196807034,6.458537618368025,0.0,0.0,0.0,0.0,0.0,0.0
10,0.0,9,360.57754360136596,"[['3' '1.1790785253899767' 'present']
 ['18' '22.57859921768696' 'present']
 ['3' '22.80157710594512' 'present']
 ['23' '27.492823972561464' 'present']
 ['18' '47.8177171862821' 'present']
 ['16' '48.980605086764044' 'present']
 ['3' '55.14789632711423' 'present']
 ['23' '56.85302669501878' 'marauded']
 ['16' '102.59302177398511' 'present']
 ['23' '118.65280202946607' 'present']
 ['23' '143.32270567993038' 'present']
 ['16' '166.56974341546655' 'present']
 ['23' '188.31535111542902' 'present']
 ['16' '188.66820016648924' 'present']
 ['18' '193.16884094611285' 'present']
 ['3' '197.0890748340418' 'marauded']
 ['18' '229.20045912702787' 'present']
 ['16' '229.37789179413474' 'marauded']
 ['20' '237.32693351011852' 'present']
 ['20' '237.49248835120764' 'present']
 ['20' '240.84579376709198' 'marauded']
 ['16' '250.1405132838277' 'present']
 ['3' '276.0283903083119' 'marauded']
 ['23' '313.406281384631' 'present']]","[['F198' '72.92140467989924' 'mated']
 ['F141' '102.33753845242641' 'mated']
 ['F210' '129.02525019662747' 'mated']
 ['F82' '145.348457469939' 'mated']
 ['F45' '157.17169085450595' 'mated']
 ['F150' '164.27773752614644' 'mated']
 ['F143' '193.89914469763653' 'mated']
 ['F100' '197.91706605859858' 'destroyed']
 ['F183' '213.08328112869066' 'mated']
 ['F209' '235.1062068093403' 'destroyed']
 ['F146' '287.71353325426975' 'absent']
 ['F107' '325.7474555352284' 'mated']
 ['F104' '330.4379181845543' 'absent']]",564.0,74.00542328369674,17.247130158858898,1507.0,255.56857353072607,55.150788283407174,184.0,30.472491351925807,6.415757030614527,0.0,0.0,0.0,0.0,0.0,0.0
11,0.0,5,360.35795129409354,"[['3' '8.828218432432989' 'present']
 ['18' '10.788592858034628' 'present']
 ['20' '38.247684568381835' 'marauded']
 ['3' '44.088402837775014' 'presentdestroyed']
 ['23' '56.95765632464841' 'marauded']
 ['18' '79.14965066599785' 'present']
 ['3' '97.97989724221222' 'marauded']
 ['3' '101.33518730090442' 'presentdestroyed']
 ['23' '101.63176507878909' 'presentdestroyed']
 ['20' '122.84440695453614' 'present']
 ['23' '125.60789998740788' 'present']
 ['3' '144.6541724436538' 'present']
 ['16' '178.02071007103964' 'present']
 ['3' '196.14814931721833' 'present']
 ['20' '211.62376420572056' 'present']
 ['23' '214.23010069596745' 'present']
 ['18' '217.4127420801523' 'present']
 ['20' '223.21210276007267' 'marauded']
 ['20' '243.6085605545403' 'present']
 ['18' '244.84495082694082' 'present']
 ['20' '245.68260582096' 'marauded']
 ['16' '301.6002541812888' 'present']
 ['20' '317.3338972027998' 'marauded']
 ['16' '319.93335492543804' 'presentdestroyed']
 ['23' '351.61888672246477' 'present']]","[['F105' '71.63276820004461' 'absent']
 ['F116' '99.98811234257072' 'destroyed']
 ['F185' '109.48288455575874' 'mated']
 ['F166' '182.59314643263107' 'mated']
 ['F138' '224.21485998134486' 'absentdestroyed']
 ['F38' '251.86927223681815' 'destroyed']
 ['F175' '281.46677427730873' 'mated']
 ['F93' '292.4467617422093' 'mated']
 ['F122' '346.5628103662085' 'mated']]",571.0,68.53755624937861,13.887930694284986,1500.0,255.09212640804847,55.33675531244014,227.0,36.49568954925795,7.915818427888333,0.0,0.0,0.0,0.0,0.0,0.0
12,0.0,4,360.68177907576717,"[['23' '45.777698688266476' 'present']
 ['18' '70.77069923616041' 'present']
 ['16' '81.93383136800074' 'marauded']
 ['16' '96.9623382315388' 'present']
 ['16' '105.61552684549582' 'present']
 ['20' '121.19207233118917' 'present']
 ['20' '130.15145017681647' 'present']
 ['23' '137.00786583631373' 'present']
 ['23' '138.22004403103648' 'present']
 ['16' '152.81250925027157' 'present']
 ['16' '182.4130102410587' 'present']
 ['18' '182.59129051120954' 'present']
 ['16' '194.99157642463678' 'marauded']
 ['20' '201.05790117922623' 'presentdestroyed']
 ['3' '210.5206748103214' 'present']
 ['18' '222.09171090947902' 'present']
 ['23' '256.9282236387107' 'present']
 ['3' '294.0530027347288' 'present']
 ['23' '312.80267098697067' 'present']]","[['F114' '67.57373419275875' 'mated']
 ['F123' '103.16481913792121' 'absent']
 ['F126' '192.01613844672994' 'mated']
 ['F2' '222.0455400512916' 'mated']
 ['F159' '223.57826086859478' 'absent']
 ['F11' '227.14072862645608' 'mated']]",566.0,72.97391400608872,16.54294777226881,1615.0,274.85847264680365,59.22423031643107,74.0,12.208652438674736,2.519611363997898,0.0,0.0,0.0,0.0,0.0,0.0
13,0.0,10,359.936737523275,"[['3' '22.951331666214962' 'present']
 ['3' '32.524606018011234' 'present']
 ['20' '35.720728373631275' 'present']
 ['3' '47.73838130841382' 'present']
 ['3' '55.875776927248054' 'marauded']
 ['20' '84.65616863402796' 'present']
 ['3' '93.99939936430499' 'present']
 ['16' '97.64403853298742' 'present']
 ['23' '112.40785094025968' 'present']
 ['3' '149.43757897903225' 'present']
 ['3' '153.48035987807907' 'marauded']
 ['23' '196.05284415593917' 'marauded']
 ['23' '209.88848489688337' 'marauded']
 ['23' '217.38795460551097' 'present']
 ['20' '218.47566709866092' 'present']
 ['16' '229.98950606425382' 'present']
 ['18' '240.98208216084888' 'present']
 ['18' '245.89349151294914' 'present']
 ['16' '269.8851000243674' 'present']
 ['3' '281.1963890133781' 'present']
 ['3' '326.6342247874693' 'present']
 ['20' '332.563112559389' 'present']]","[['F79' '50.14111605770103' 'mated']
 ['F60' '55.69663497950186' 'mated']
 ['F194' '69.56104678320663' 'absent']
 ['F105' '71.63508301485942' 'absent']
 ['F113' '89.18688637976477' 'mated']
 ['F73' '99.69473879052131' 'mated']
 ['F132' '104.58021284497129' 'mated']
 ['F45' '157.16937603969114' 'destroyed']
 ['F68' '171.02243919267744' 'mated']
 ['F81' '180.26712127286544' 'absent']
 ['F172' '217.33715712952275' 'absentdestroyed']
 ['F92' '241.6165241097141' 'mated']
 ['F182' '269.64905003701944' 'mated']
 ['F201' '269.68947418287013' 'mated']
 ['F109' '292.3830441857794' 'mated']]",571.0,73.38799266493496,15.51943394421607,1528.0,262.5211054854616,56.634928509777524,143.0,24.31440820752105,5.026512301625742,0.0,0.0,0.0,0.0,0.0,0.0
14,0.0,6,360.350094439495,"[['23' '38.18659736178013' 'present']
 ['3' '39.81241842700028' 'present']
 ['16' '47.18463138831959' 'present']
 ['23' '68.15988473307524' 'present']
 ['18' '81.22523923758854' 'present']
 ['20' '81.68586091681587' 'present']
 ['20' '92.54969520757118' 'present']
 ['20' '93.4762927854002' 'present']
 ['16' '120.3689000441104' 'present']
 ['18' '122.51672471947754' 'present']
 ['3' '134.89366663276726' 'marauded']
 ['3' '146.49550812630164' 'present']
 ['3' '156.7489427103039' 'marauded']
 ['16' '160.26978346119165' 'presentdestroyed']
 ['20' '166.2650535163125' 'present']
 ['18' '170.19390200343514' 'present']
 ['16' '221.05106886530774' 'present']
 ['23' '261.05296011166246' 'present']
 ['16' '277.9466311968926' 'present']
 ['20' '284.895655532022' 'present']
 ['20' '289.51126201440627' 'present']
 ['18' '319.6120980991188' 'marauded']
 ['18' '344.2675171087066' 'marauded']
 ['16' '345.29881421439836' 'presentdestroyed']]","[['F119' '128.58303851736363' 'mated']
 ['F37' '172.38560549060753' 'mated']
 ['F84' '204.27217184051761' 'mated']
 ['F195' '217.05404444415834' 'mated']
 ['F148' '228.43293104630672' 'mated']
 ['F66' '260.6076099114406' 'mated']]",568.0,70.47883311079863,15.17808895352196,1572.0,265.1202155304769,56.48662117946753,149.0,24.551684606929346,5.219215865721434,0.0,0.0,0.0,0.0,0.0,0.0
15,0.0,10,359.98896071890533,"[['16' '6.742619551819588' 'present']
 ['18' '8.236319899263446' 'marauded']
 ['3' '31.582371810859858' 'present']
 ['20' '41.34688409947654' 'present']
 ['3' '45.34428880653979' 'present']
 ['18' '58.70194647518742' 'present']
 ['20' '73.74728930959645' 'present']
 ['20' '79.85612797079129' 'present']
 ['23' '86.47367290497994' 'marauded']
 ['20' '113.47922333136263' 'present']
 ['20' '117.77180649666033' 'marauded']
 ['20' '140.56126287971162' 'present']
 ['16' '147.77959493781142' 'present']
 ['16' '150.78269847682026' 'present']
 ['18' '159.33643389137384' 'present']
 ['20' '174.58372888990607' 'present']
 ['16' '229.37326216450512' 'present']
 ['16' '230.5880858844119' 'present']
 ['20' '275.9415930219506' 'present']
 ['20' '297.02610399597313' 'present']
 ['20' '300.5228081154543' 'present']
 ['18' '303.508682057102' 'present']
 ['3' '304.89681970419855' 'present']
 ['18' '328.9160128082336' 'present']
 ['16' '333.5349221653465' 'present']
 ['20' '348.73275894309626' 'present']
 ['16' '354.9853826698786' 'present']
 ['20' '359.5588045553191' 'marauded']]","[['F54' '75.08204630207322' 'mated']
 ['F28' '89.72193517853512' 'destroyed']
 ['F28' '89.72656480816474' 'destroyed']
 ['F21' '108.44700100369245' 'mated']
 ['F208' '108.69980402682482' 'mated']
 ['F204' '124.05520689358039' 'absentdestroyed']
 ['F91' '149.45053470005925' 'mated']
 ['F135' '164.65708016739333' 'mated']
 ['F67' '177.7528883818847' 'mated']
 ['F171' '192.40608303865855' 'mated']
 ['F1' '193.4234735433088' 'mated']
 ['F108' '220.14527801161958' 'absent']
 ['F138' '224.21717479615967' 'absent']
 ['F83' '231.08164442941361' 'mated']
 ['F111' '275.2831415098972' 'mated']]",571.0,66.93526674498824,13.323000205351045,1631.0,274.3549035840636,59.57691777554478,110.0,18.861358478721687,3.9868333675766947,0.0,0.0,0.0,0.0,0.0,0.0
16,0.054,12,360.1307901148124,"[['20' '6.2856972209432085' 'present']
 ['3' '11.893031233906257' 'present']
 ['3' '21.570321082128157' 'present']
 ['20' '31.977703356008757' 'marauded']
 ['3' '148.26046369229195' 'present']
 ['23' '148.60068054009486' 'present']
 ['18' '195.38651568962914' 'present']
 ['20' '200.19419924058468' 'present']
 ['20' '220.99204519655893' 'present']
 ['23' '225.70627597323505' 'present']
 ['23' '227.21668293768036' 'present']
 ['23' '248.1856396517511' 'present']
 ['20' '285.81382313043207' 'present']
 ['20' '305.9416473092627' 'present']
 ['18' '307.90071397929955' 'marauded']
 ['23' '317.8776587222285' 'present']
 ['23' '319.266986211687' 'present']]","[['F165' '63.70619031262289' 'mated']
 ['F88' '88.60671817254031' 'mated']
 ['F113' '89.18457156494996' 'absent']
 ['F28' '89.72887962297955' 'mated']
 ['F115' '92.85914930506826' 'mated']
 ['F123' '103.16713395273602' 'mated']
 ['F30' '103.6117315108105' 'mated']
 ['F128' '164.32471864117574' 'mated']
 ['F191' '171.20008361174328' 'mated']
 ['F171' '192.40376822384374' 'absent']
 ['F85' '212.3303678783816' 'mated']
 ['F160' '219.0277779669336' 'mated']
 ['F133' '226.3346268605778' 'mated']
 ['F64' '259.10688348859793' 'absent']
 ['F118' '298.84866802505627' 'mated']]",560.0,72.79103909751623,15.491249662174987,1612.0,273.16824075663646,58.54668316820442,79.0,12.038237774522882,2.4171321351769914,16.0,1.6000000000000003,0.1600000000000001,96.0,0.44444444444444503,0.0020576131687242787
17,0.0,9,359.929484663947,"[['23' '0.0023148148148148147' 'present']
 ['16' '27.58378937322613' 'present']
 ['16' '44.57757476495374' 'present']
 ['3' '45.34891843616942' 'marauded']
 ['3' '67.80163859682527' 'present']
 ['18' '73.79573303809296' 'present']
 ['23' '98.15604721957533' 'present']
 ['16' '101.18079268444258' 'present']
 ['16' '110.8150084845227' 'present']
 ['18' '134.87151308539995' 'marauded']
 ['20' '140.56589250934124' 'presentdestroyed']
 ['16' '141.95032949126937' 'presentdestroyed']
 ['16' '143.4247643518416' 'present']
 ['23' '172.39355065689668' 'marauded']
 ['16' '218.83872260159785' 'present']
 ['3' '235.10074585820706' 'present']
 ['16' '235.67647448356817' 'present']
 ['16' '262.21794511372894' 'present']
 ['23' '274.6575056943122' 'present']
 ['16' '279.9577822680003' 'present']
 ['20' '287.62844970344537' 'present']
 ['20' '301.9622460826836' 'marauded']
 ['18' '308.5185282244588' 'presentdestroyed']
 ['18' '308.6944883500415' 'present']
 ['18' '310.4728695166643' 'marauded']
 ['16' '318.8914659147773' 'marauded']
 ['3' '332.62538593412546' 'present']
 ['16' '337.15401530350664' 'present']
 ['20' '346.45360334653714' 'present']]","[['F32' '14.381319367126121' 'mated']
 ['F53' '109.26812605328212' 'absent']
 ['F72' '192.0496533479382' 'absent']
 ['F158' '223.25215599890467' 'mated']
 ['F203' '236.66948642254388' 'mated']
 ['F129' '238.52611438572418' 'mated']
 ['F38' '251.87158705163296' 'mated']
 ['F144' '268.1115968282923' 'mated']
 ['F111' '275.2785118802675' 'absent']
 ['F155' '298.99774929412973' 'mated']
 ['F149' '305.92464571516774' 'destroyed']
 ['F22' '347.64860612146543' 'mated']
 ['F187' '354.3876094893204' 'mated']]",563.0,71.17976869561849,15.101269160977438,1455.0,252.54789429991405,54.9718147165123,219.0,36.31234087451831,7.851005633312462,0.0,0.0,0.0,0.0,0.0,0.0
18,0.054,17,360.5012589124523,"[['23' '9.617502594670974' 'present']
 ['23' '13.753534810625215' 'present']
 ['20' '122.84903658416576' 'marauded']
 ['16' '133.51604646748288' 'present']
 ['16' '180.67120821061715' 'present']
 ['20' '256.41088958970903' 'present']
 ['23' '277.2963329500063' 'present']
 ['20' '292.4628801244684' 'marauded']
 ['23' '294.3961480455237' 'destroyed']
 ['23' '312.798041357341' 'present']
 ['20' '337.97149102633324' 'present']
 ['16' '353.7408303929788' 'marauded']]","[['F164' '12.416104044332235' 'mated']
 ['F54' '75.07973148725841' 'absent']
 ['F145' '107.04958144014947' 'absent']
 ['F24' '107.38066843237586' 'mated']
 ['F202' '140.64739987225988' 'mated']
 ['F211' '142.3533327340556' 'mated']
 ['F13' '155.0483702866313' 'mated']
 ['F69' '160.88087271085215' 'mated']
 ['F205' '169.9226107035259' 'mated']
 ['F178' '195.80627958322322' 'mated']
 ['F76' '197.23155355916026' 'mated']
 ['F188' '197.74630056861997' 'mated']
 ['F112' '198.25153072023977' 'mated']
 ['F9' '212.3525227565639' 'mated']
 ['F44' '214.4935296313437' 'mated']
 ['F48' '249.76512137383205' 'mated']
 ['F46' '264.93940564573205' 'mated']
 ['F77' '314.67602768578104' 'mated']
 ['F215' '316.89061853790474' 'mated']]",563.0,67.06137907252713,13.980780118078624,1609.0,273.21663774373343,58.850026675858544,107.0,17.33967120352333,3.5922727090187667,20.0,2.0000000000000004,0.20000000000000012,104.0,0.48148148148148223,0.002229080932784637
19,0.0,9,360.04038998833846,"[['20' '14.19624915780911' 'present']
 ['3' '47.30514447393478' 'present']
 ['3' '54.285870559960316' 'marauded']
 ['3' '60.81017852610886' 'presentdestroyed']
 ['23' '72.24623127501904' 'present']
 ['23' '86.633225525042' 'present']
 ['16' '117.68612659739556' 'present']
 ['20' '122.95366621379537' 'present']
 ['3' '134.78903700313765' 'marauded']
 ['3' '140.20206331455745' 'presentdestroyed']
 ['18' '181.52899991920765' 'present']
 ['18' '198.32536388917362' 'present']
 ['20' '202.1169663013734' 'present']
 ['23' '226.64011320948796' 'present']
 ['3' '248.87167284806253' 'present']
 ['16' '255.26507584055025' 'present']
 ['3' '290.43630933874306' 'present']
 ['3' '299.5563239094408' 'present']
 ['3' '304.1848968169348' 'present']
 ['18' '316.9402326073268' 'present']
 ['3' '351.21922874161146' 'present']]","[['F53' '109.27044086809693' 'mated']
 ['F57' '112.10940142106973' 'mated']
 ['F33' '116.27888008249141' 'mated']
 ['F214' '119.00771583740791' 'mated']
 ['F43' '150.01403207595615' 'mated']
 ['F186' '160.93060782810167' 'mated']
 ['F161' '180.4897429768712' 'absent']
 ['F168' '212.0605826460045' 'mated']
 ['F203' '236.66717160772907' 'absent']
 ['F16' '242.51491183615857' 'mated']
 ['F64' '259.10919830341277' 'mated']]",574.0,70.30898149162154,14.865987744477259,1644.0,277.47494689391533,59.1646500828048,67.0,12.31370443295868,2.720935694498368,0.0,0.0,0.0,0.0,0.0,0.0
20,0.054,14,360.54570853885014,"[['23' '88.47919270020337' 'present']
 ['3' '91.92041861905263' 'present']
 ['18' '156.66132659148698' 'present']
 ['23' '168.1074703714795' 'present']
 ['23' '178.21331497662393' 'present']
 ['16' '194.11702591154352' 'present']
 ['16' '207.6233191427719' 'present']
 ['3' '210.3318194034426' 'present']
 ['18' '225.23835690535805' 'present']
 ['18' '311.5842790315193' 'present']
 ['18' '325.6601822765499' 'present']
 ['23' '355.6589563543591' 'present']
 ['3' '355.7837770743932' 'present']]","[['F214' '119.0030862077783' 'absent']
 ['F204' '124.0575217083952' 'mated']
 ['F0' '125.67541737303844' 'mated']
 ['F125' '177.5780558714381' 'mated']
 ['F161' '180.49205779168602' 'mated']
 ['F120' '203.15794757006984' 'mated']
 ['F180' '214.61917035277534' 'absent']
 ['F207' '235.99191241308134' 'mated']
 ['F50' '239.7267229700253' 'mated']
 ['F41' '246.56583354087874' 'mated']
 ['F142' '249.39682448481742' 'mated']
 ['F157' '304.3478430073989' 'mated']
 ['F56' '306.5189794559614' 'mated']
 ['F98' '310.366576454387' 'mated']
 ['F17' '342.73261162286366' 'mated']
 ['F103' '356.37636155265426' 'mated']]",576.0,68.97601472964277,13.745029942463622,1721.0,287.96681307160327,60.66740684235986,0.0,0.0,0.0,27.0,2.700000000000001,0.2700000000000002,115.0,0.5324074074074083,0.0024648491083676294
21,0.0,9,360.59824495022747,"[['18' '1.89306943147314' 'present']
 ['23' '13.682630923413518' 'present']
 ['18' '69.60271004519761' 'present']
 ['16' '74.09698100390844' 'marauded']
 ['20' '87.4251843093012' 'present']
 ['16' '88.452065168386' 'present']
 ['23' '93.62114930249066' 'present']
 ['3' '116.71570427659276' 'present']
 ['16' '118.0850624154122' 'marauded']
 ['20' '148.87309121380642' 'present']
 ['20' '157.69862565892183' 'present']
 ['3' '160.2423145624353' 'present']
 ['18' '172.92380923103238' 'marauded']
 ['18' '180.4930403401696' 'present']
 ['3' '198.33757749890282' 'present']
 ['18' '209.91221273229996' 'present']
 ['16' '210.07584146373165' 'present']
 ['23' '215.55260994332593' 'marauded']
 ['23' '291.1653156524864' 'present']
 ['16' '300.08461570089645' 'present']
 ['20' '325.2082001583612' 'present']
 ['23' '345.64246711488863' 'marauded']]","[['F51' '101.10916030629893' 'mated']
 ['F204' '124.05289207876558' 'absentdestroyed']
 ['F97' '139.05971447558287' 'mated']
 ['F153' '158.49221217950767' 'mated']
 ['F75' '187.76824299996596' 'mated']
 ['F7' '215.12834468910432' 'mated']
 ['F154' '216.06998240642' 'destroyed']
 ['F29' '226.75735426350283' 'mated']
 ['F96' '252.05449220611183' 'mated']
 ['F167' '273.0909668140519' 'mated']
 ['F18' '356.8066818921514' 'mated']]",567.0,72.156174733527,16.066919511832094,1538.0,257.7569506265239,54.86916166706671,184.0,30.36374317186007,6.399515614521083,0.0,0.0,0.0,0.0,0.0,0.0
22,0.0,10,360.1308020847547,"[['16' '4.54113749374827' 'present']
 ['23' '19.859868244873244' 'present']
 ['16' '21.245938226104098' 'present']
 ['3' '22.634106953768825' 'present']
 ['23' '32.15715519995322' 'present']
 ['20' '32.586926870433' 'marauded']
 ['18' '35.091181768411516' 'presentdestroyed']
 ['23' '47.15819169492424' 'present']
 ['23' '56.41327454262328' 'present']
 ['3' '67.80626822645489' 'marauded']
 ['23' '95.87998497569912' 'marauded']
 ['18' '120.05018153870625' 'present']
 ['18' '146.14787041369547' 'present']
 ['20' '191.04677256905924' 'present']
 ['16' '223.60793414290697' 'marauded']
 ['18' '225.23372727572843' 'presentdestroyed']
 ['3' '226.02149661710516' 'presentdestroyed']
 ['3' '233.0806606192898' 'present']
 ['18' '239.7112420132701' 'marauded']
 ['20' '240.3078745158799' 'destroyed']
 ['23' '241.92182317064854' 'presentdestroyed']
 ['18' '264.91155095327883' 'present']
 ['20' '272.7605987779373' 'present']
 ['16' '296.2808785148651' 'present']
 ['20' '314.5970138790797' 'marauded']
 ['18' '315.12669528772426' 'presentdestroyed']
 ['3' '318.3004360592425' 'presentdestroyed']
 ['23' '352.3371005504359' 'present']]","[['F116' '99.9857975277559' 'destroyed']
 ['F162' '121.92430863011433' 'mated']
 ['F27' '140.71098722347594' 'mated']
 ['F62' '148.55857175982752' 'mated']
 ['F40' '152.81521721221895' 'mated']
 ['F94' '157.0993243399566' 'mated']
 ['F8' '163.24151668971675' 'absent']
 ['F212' '188.31798474194986' 'mated']
 ['F196' '190.89721522417864' 'absent']
 ['F100' '197.9216956882282' 'mated']
 ['F85' '212.32805306356678' 'absent']
 ['F200' '218.49669148587407' 'absent']
 ['F71' '220.34498100490552' 'mated']
 ['F78' '221.38961557827804' 'mated']
 ['F159' '223.57594605377997' 'absent']
 ['F209' '235.10852162415512' 'mated']
 ['F93' '292.44444692739444' 'absent']
 ['F187' '354.3852946745056' 'absent']]",567.0,72.3503120737826,15.57482956643212,1505.0,250.96874561452856,53.37114889655454,227.0,36.767389360346115,7.508158155701253,0.0,0.0,0.0,0.0,0.0,0.0
23,0.054,7,360.13435125836327,"[['16' '108.22345540285913' 'present']
 ['20' '124.20543888609005' 'present']
 ['3' '129.9341547986999' 'present']
 ['16' '140.38370611756872' 'present']
 ['20' '151.8954993535488' 'marauded']
 ['20' '156.1828155982247' 'destroyed']
 ['16' '207.31076070043184' 'present']
 ['20' '218.61583533904906' 'present']
 ['18' '229.64602395812025' 'marauded']
 ['16' '231.63169009026115' 'presentdestroyed']
 ['20' '249.3363230390962' 'present']
 ['16' '263.8713159749814' 'present']
 ['20' '276.21381339121933' 'present']
 ['18' '280.0108688363162' 'present']
 ['20' '289.51589164403595' 'present']
 ['3' '314.6788434367178' 'present']]","[['F105' '71.63739782967423' 'mated']
 ['F42' '120.12378740484786' 'mated']
 ['F170' '187.59972404102956' 'mated']
 ['F72' '192.05428297756782' 'mated']
 ['F133' '226.332312045763' 'absent']
 ['F130' '246.8652495131424' 'mated']
 ['F134' '269.0529118447779' 'mated']
 ['F5' '318.4536625061985' 'mated']]",560.0,72.41702469580125,15.72357574082466,1599.0,273.2609091839539,59.07970236999547,68.0,12.162297650456503,2.7389702344782103,17.0,1.7000000000000004,0.1700000000000001,105.0,0.4861111111111119,0.0022505144032921817
