id,probability_maraud,successful_mating,next_foraging_time,mar_attempts,mate_attempts,foraging_events,foraging_hrs,foraging_sqhrs,staying_events,staying_hrs,staying_sqhrs,repairing_events,repairing_hrs,repairing_sqhrs,marauding_events,marauding_hrs,marauding_sqhrs,traveling_events,traveling_hrs,traveling_sqhrs
0,0.0,8,360.10747894978374,"[['11' '32.66230301527745' 'marauded']
 ['20' '39.45028714282654' 'destroyed']
 ['11' '56.20911419180626' 'present']
 ['11' '65.94765320088875' 'present']
 ['20' '66.13102568191526' 'marauded']
 ['11' '110.32463173944117' 'present']
 ['11' '181.44590722372067' 'present']
 ['11' '196.22902523853378' 'present']
 ['23' '209.38250134239286' 'present']
 ['20' '287.4879085981333' 'present']
 ['20' '303.92638669743786' 'present']
 ['23' '341.1162288494367' 'present']
 ['20' '346.2030203296348' 'present']]","[['F200' '107.3822711041205' 'mated']
 ['F166' '108.6907209399343' 'mated']
 ['F43' '110.6882976816029' 'mated']
 ['F126' '215.13169138623118' 'mated']
 ['F120' '230.66753690792586' 'mated']
 ['F8' '232.47179435944608' 'mated']
 ['F197' '243.18467771980534' 'mated']
 ['F152' '300.3285067690122' 'mated']]",566.0,68.75961101952699,13.223615046743285,1637.0,279.1518868883299,59.98054950720206,72.0,12.1976454223124,2.4975085536063837,0.0,0.0,0.0,0.0,0.0,0.0
1,0.0,9,360.01250805897246,"[['23' '39.62351476106112' 'present']
 ['23' '43.460904210461685' 'marauded']
 ['23' '96.03184908441744' 'present']
 ['23' '113.9605106092332' 'present']
 ['23' '196.71199643847507' 'present']
 ['11' '211.5393900040024' 'present']
 ['11' '233.84207088879575' 'present']
 ['23' '243.03031262003023' 'marauded']
 ['11' '253.15029077035803' 'present']
 ['20' '291.6364213071423' 'marauded']
 ['23' '334.77355073029497' 'present']
 ['23' '353.6692433913055' 'present']
 ['11' '357.7362921759578' 'present']]","[['F183' '59.630124668817686' 'mated']
 ['F202' '60.25041732238018' 'mated']
 ['F101' '83.76464107908349' 'mated']
 ['F25' '109.90461726157812' 'mated']
 ['F51' '124.54183301568139' 'mated']
 ['F205' '124.70163069621168' 'absent']
 ['F21' '129.98163848518362' 'mated']
 ['F28' '138.24091014354622' 'mated']
 ['F15' '141.81079094862022' 'mated']
 ['F12' '168.25379936073477' 'mated']
 ['F38' '179.00587860020184' 'absent']
 ['F134' '204.87325387737258' 'absent']]",558.0,70.88593600656739,15.099553487480575,1603.0,271.0594627789682,57.88732835283675,117.0,18.354563353764348,3.7870728139747802,0.0,0.0,0.0,0.0,0.0,0.0
2,0.0,8,360.3600131853664,"[['23' '0.6415384908889268' 'present']
 ['11' '0.9437464355890797' 'present']
 ['20' '8.525324981390648' 'present']
 ['23' '31.45373027067804' 'present']
 ['20' '79.361332345759' 'present']
 ['11' '105.55157405325265' 'present']
 ['23' '151.51155957046976' 'present']
 ['20' '166.1043409877613' 'present']
 ['20' '177.01688464183547' 'present']
 ['23' '181.4575697739682' 'present']
 ['11' '193.05361933518165' 'present']
 ['20' '240.32838118655422' 'present']
 ['11' '246.00816913202044' 'present']
 ['20' '251.8826617375129' 'marauded']
 ['11' '307.3553393027633' 'present']
 ['20' '308.296094474512' 'present']
 ['11' '320.8968434742018' 'present']
 ['23' '327.99626633082283' 'present']]","[['F183' '59.56068022437325' 'absent']
 ['F154' '107.52881683514131' 'mated']
 ['F162' '121.92779048506966' 'absent']
 ['F194' '136.4566426514162' 'mated']
 ['F81' '142.50456327539757' 'absent']
 ['F144' '176.51556317792907' 'mated']
 ['F134' '204.89640202552073' 'absent']
 ['F105' '213.92108391209666' 'mated']
 ['F11' '231.44889116801477' 'mated']
 ['F69' '232.1042028793063' 'mated']
 ['F41' '236.77224352919558' 'mated']
 ['F20' '259.7949789794435' 'mated']]",562.0,70.70386786224356,15.445026891186968,1678.0,283.3601190026703,60.70653207860773,31.0,6.133591977028209,1.5055900086120495,0.0,0.0,0.0,0.0,0.0,0.0
3,0.0,6,360.09253167176155,"[['11' '0.4388893036316017' 'present']
 ['11' '4.254323752350716' 'present']
 ['20' '68.05950564961614' 'present']
 ['23' '84.58943505456924' 'present']
 ['23' '105.73898264984851' 'marauded']
 ['11' '113.06461480235718' 'presentdestroyed']
 ['11' '113.99923985045841' 'marauded']
 ['20' '130.80636976583145' 'present']
 ['11' '154.95978830072258' 'present']
 ['20' '192.69670991667593' 'marauded']
 ['11' '223.15333999690347' 'present']
 ['23' '244.50790068338205' 'marauded']
 ['23' '246.80680550983797' 'presentdestroyed']
 ['11' '280.9504522032203' 'present']
 ['23' '351.3906623882192' 'marauded']
 ['11' '354.1238071068292' 'presentdestroyed']]","[['F18' '50.85316098872919' 'mated']
 ['F183' '59.583828372521396' 'absent']
 ['F106' '113.78965126027025' 'mated']
 ['F145' '145.56404544822033' 'mated']
 ['F136' '148.37214563991634' 'mated']
 ['F50' '157.43342045412172' 'mated']
 ['F47' '202.38185328634412' 'absent']
 ['F149' '225.9367855116412' 'mated']
 ['F96' '232.73955932388844' 'absent']
 ['F173' '254.9592502648633' 'absent']]",569.0,74.29705783963007,16.166094450151903,1521.0,255.27521212501532,54.551725210654126,197.0,30.557684323296783,6.233862144284549,0.0,0.0,0.0,0.0,0.0,0.0
4,0.0,9,360.04695775214066,"[['11' '6.257120304795194' 'marauded']
 ['20' '11.169302117080989' 'presentdestroyed']
 ['20' '43.462084654095' 'present']
 ['20' '66.57106960489911' 'marauded']
 ['23' '85.63106132943084' 'present']
 ['23' '103.25360539320164' 'present']
 ['20' '130.32797839538466' 'present']
 ['11' '132.34770127765705' 'present']
 ['11' '174.94091055437417' 'marauded']
 ['20' '203.9364433954466' 'marauded']
 ['11' '253.40950542435274' 'marauded']
 ['11' '277.34292300398744' 'present']
 ['11' '292.68957304110216' 'present']
 ['20' '323.36689333386454' 'present']
 ['11' '356.2293023656027' 'marauded']]","[['F121' '80.89678783646634' 'mated']
 ['F61' '105.77138577625148' 'mated']
 ['F31' '126.33544426669371' 'mated']
 ['F112' '147.2054064685788' 'mated']
 ['F178' '156.45139774281236' 'mated']
 ['F107' '159.08184501920786' 'mated']
 ['F12' '168.18435491629032' 'absent']
 ['F151' '171.0409373252419' 'mated']
 ['F39' '194.16476114475833' 'mated']
 ['F111' '219.76291460523933' 'absent']
 ['F27' '244.42168680903626' 'mated']
 ['F20' '259.7023863868509' 'absentdestroyed']
 ['F127' '357.9695244860767' 'destroyed']]",554.0,73.15632457682128,16.236267436222096,1488.0,253.4412425672596,54.17514717453653,200.0,33.42642497286408,6.976510606568804,0.0,0.0,0.0,0.0,0.0,0.0
5,0.0,19,360.1754330872368,"[['11' '84.61387168513896' 'present']
 ['11' '84.78720186374323' 'marauded']
 ['20' '123.21891421566892' 'present']
 ['20' '126.16708076269396' 'marauded']
 ['11' '149.91695063906778' 'present']
 ['20' '164.690525229891' 'present']
 ['11' '172.19508247611532' 'present']
 ['11' '228.2080110201935' 'present']
 ['11' '257.9094807097186' 'present']
 ['11' '341.5176996180015' 'present']]","[['F61' '105.74823762810333' 'absent']
 ['F102' '123.69777046937465' 'mated']
 ['F176' '143.9077354140676' 'mated']
 ['F187' '155.7842516418384' 'mated']
 ['F54' '166.65556080715604' 'mated']
 ['F80' '169.60276231295606' 'mated']
 ['F55' '180.60709382596457' 'mated']
 ['F90' '184.07496620015905' 'mated']
 ['F189' '190.67574140254828' 'mated']
 ['F196' '193.5679300757373' 'mated']
 ['F9' '195.36686436119552' 'absent']
 ['F153' '235.5027800413771' 'mated']
 ['F7' '236.72862617046576' 'mated']
 ['F192' '243.03762427995076' 'mated']
 ['F100' '245.00627358276114' 'mated']
 ['F213' '255.4955388928694' 'mated']
 ['F34' '259.98890790105713' 'mated']
 ['F131' '265.0633535476061' 'mated']
 ['F210' '292.6994667033212' 'absent']
 ['F64' '298.47079315344195' 'mated']
 ['F152' '300.30535862086407' 'absent']
 ['F138' '313.4513043281639' 'mated']
 ['F19' '327.9738467470201' 'mated']
 ['F127' '357.94637633792854' 'absent']]",565.0,67.68150964454843,12.746341394754916,1630.0,280.3368402300674,60.50511611525496,73.0,12.057867485922614,2.6020249573387115,0.0,0.0,0.0,0.0,0.0,0.0
6,0.0,12,360.4098214872543,"[['11' '12.556788696449082' 'marauded']
 ['23' '36.03257386839704' 'present']
 ['20' '36.67962277438316' 'marauded']
 ['11' '54.55932724862387' 'marauded']
 ['11' '60.303773622992104' 'presentdestroyed']
 ['20' '76.28582690333357' 'present']
 ['23' '96.07814538071375' 'present']
 ['11' '177.94935993814184' 'present']
 ['23' '183.64965403467278' 'present']
 ['23' '239.5081124600603' 'marauded']
 ['20' '251.06350091926902' 'present']
 ['20' '255.15746274765982' 'marauded']
 ['11' '276.9886377849121' 'present']
 ['20' '319.45900921034223' 'marauded']
 ['11' '341.18589223788194' 'present']]","[['F129' '56.15253492656657' 'destroyed']
 ['F125' '97.77162814851964' 'mated']
 ['F209' '103.50289455349275' 'absent']
 ['F179' '127.05098179561574' 'absent']
 ['F77' '153.15353150412955' 'mated']
 ['F159' '156.58765378890573' 'mated']
 ['F47' '202.40500143449228' 'mated']
 ['F184' '204.72165907347642' 'mated']
 ['F65' '212.49985312699908' 'mated']
 ['F52' '216.86718151024292' 'mated']
 ['F72' '217.63526735372227' 'mated']
 ['F84' '277.55597260369353' 'absent']
 ['F89' '285.65435966701375' 'mated']
 ['F188' '299.40347751194366' 'mated']
 ['F158' '338.1414224101983' 'mated']
 ['F170' '339.96558314916985' 'mated']]",561.0,69.07265910883447,14.452623811760951,1486.0,254.49522778374183,55.98644717479834,221.0,36.497791287432726,7.823173360605575,0.0,0.0,0.0,0.0,0.0,0.0
7,0.0,8,360.369514149581,"[['23' '2.3667818964024288' 'present']
 ['23' '15.70063352317441' 'present']
 ['23' '92.83131078698757' 'marauded']
 ['20' '115.69274922525346' 'present']
 ['23' '140.73635572966197' 'present']
 ['11' '163.23955070917768' 'present']
 ['23' '163.423518496768' 'present']
 ['23' '174.49269201867656' 'present']
 ['20' '228.54434428023666' 'present']
 ['11' '272.2036923269097' 'present']
 ['23' '275.345908472327' 'present']
 ['23' '305.7269867245541' 'present']]","[['F5' '164.413797998093' 'mated']
 ['F140' '172.6903397047213' 'mated']
 ['F82' '184.7892760175643' 'mated']
 ['F208' '206.69244952670505' 'mated']
 ['F37' '232.25251759443398' 'mated']
 ['F175' '242.2836443053153' 'absent']
 ['F53' '280.12852935289357' 'mated']
 ['F210' '292.72261485146936' 'mated']
 ['F114' '298.26425806017863' 'mated']]",565.0,70.85327634376078,14.819668551793773,1652.0,283.13940275087714,61.305799619472886,35.0,6.196666024523746,1.3075382147732606,0.0,0.0,0.0,0.0,0.0,0.0
8,0.0,7,359.8947772806169,"[['20' '114.1742799412502' 'present']
 ['23' '127.79042130337177' 'present']
 ['20' '139.55983449536075' 'present']
 ['23' '150.20135646104404' 'present']
 ['20' '157.26192502794723' 'present']
 ['11' '176.15859997052817' 'present']
 ['11' '223.81497793126823' 'present']
 ['23' '249.52046949897237' 'present']
 ['20' '279.2384466642002' 'present']
 ['20' '310.8905942257535' 'present']
 ['20' '330.21210012569935' 'present']
 ['20' '340.8523334261959' 'present']]","[['F143' '7.2792372394842415' 'mated']
 ['F129' '56.19883122286286' 'mated']
 ['F73' '69.14016148480297' 'mated']
 ['F195' '81.08428008098215' 'mated']
 ['F168' '155.00452452978956' 'mated']
 ['F207' '176.33421416443738' 'absent']
 ['F206' '258.883163645391' 'mated']
 ['F16' '310.7317645145862' 'mated']]",559.0,70.17486797511597,14.677514250645201,1724.0,289.85614258417615,62.10033083867671,0.0,0.0,0.0,0.0,0.0,0.0,0.0,0.0,0.0
9,0.0,5,360.8165874019324,"[['20' '13.74950534495878' 'present']
 ['11' '30.001305391855936' 'present']
 ['20' '38.149023359559784' 'present']
 ['23' '39.35264362445717' 'present']
 ['11' '53.048523839196775' 'present']
 ['23' '61.72529250884222' 'present']
 ['20' '114.1279836449539' 'present']
 ['20' '139.24929049100126' 'present']
 ['11' '161.63227934171488' 'present']
 ['11' '178.41084131494253' 'present']
 ['11' '217.83956230431787' 'present']
 ['20' '248.6474357383232' 'marauded']
 ['20' '250.21065229436968' 'presentdestroyed']
 ['23' '297.41063230207476' 'marauded']]","[['F113' '151.44391088776985' 'mated']
 ['F211' '158.22879388143127' 'mated']
 ['F207' '176.3805104607337' 'mated']
 ['F160' '262.88967427128637' 'mated']
 ['F93' '276.59781792532914' 'mated']]",572.0,75.30396381864179,16.258851638533546,1575.0,272.55036852076427,59.71950733443126,70.0,12.14694014467828,2.6538554374292582,0.0,0.0,0.0,0.0,0.0,0.0
10,0.0,10,360.7932526750137,"[['11' '7.697298371807088' 'present']
 ['23' '41.26442992765042' 'present']
 ['23' '69.38352613253444' 'present']
 ['23' '70.13946355048331' 'marauded']
 ['23' '99.67562610414389' 'present']
 ['11' '114.92584909730117' 'present']
 ['20' '171.61902695918803' 'present']
 ['23' '222.77710472367949' 'present']
 ['23' '234.07601315863965' 'present']
 ['11' '235.71679021150436' 'present']
 ['20' '272.83248163149375' 'present']
 ['20' '288.0502693753074' 'present']
 ['11' '334.4957301880615' 'present']
 ['11' '336.55884678122084' 'present']
 ['23' '340.05946353116184' 'present']]","[['F56' '82.04146851721082' 'mated']
 ['F215' '84.89953488672168' 'mated']
 ['F118' '94.79484934590131' 'mated']
 ['F190' '101.61122653315181' 'absent']
 ['F174' '105.1704429489982' 'mated']
 ['F110' '165.04413626447015' 'mated']
 ['F135' '165.53798448622499' 'mated']
 ['F49' '172.31873071439395' 'mated']
 ['F75' '188.80905133604713' 'mated']
 ['F53' '280.1053812047454' 'absent']
 ['F212' '280.73670056752235' 'mated']
 ['F139' '288.1084919479886' 'mated']]",576.0,73.09335915612341,15.411486010477693,1648.0,280.9842312383299,60.26916652174124,35.0,6.152393418426355,1.380530918521308,0.0,0.0,0.0,0.0,0.0,0.0
11,0.054,5,360.51895409049393,"[['20' '7.195035446553661' 'present']
 ['20' '10.587864674712938' 'present']
 ['23' '24.41612604076518' 'present']
 ['20' '27.10599061177349' 'present']
 ['20' '41.659251808203166' 'marauded']
 ['20' '46.07943783277722' 'presentdestroyed']
 ['23' '51.44414636932823' 'present']
 ['20' '84.05267646236042' 'present']
 ['23' '121.79335385025331' 'present']
 ['23' '290.9130041233121' 'present']
 ['23' '346.1322867858302' 'present']
 ['23' '357.7703123019014' 'present']]","[['F98' '17.20657298207882' 'mated']
 ['F76' '45.01710594748979' 'destroyed']
 ['F35' '55.26037796983978' 'mated']
 ['F1' '122.12656325237072' 'mated']
 ['F137' '129.03421777787034' 'absent']
 ['F33' '164.09065545905912' 'mated']
 ['F30' '167.76425247160466' 'mated']
 ['F207' '176.31106601628923' 'absent']
 ['F29' '183.03112695952476' 'absent']]",567.0,69.85739404540418,13.513742169417181,1625.0,277.10904622184216,60.023835496621054,39.0,6.039174081722315,1.1912730525326303,21.0,2.1000000000000005,0.21000000000000013,107.0,4.953703703703711,0.2293381344307265
12,0.0,12,360.6690322814102,"[['11' '39.42922367477315' 'marauded']
 ['23' '51.61470774605935' 'present']
 ['20' '55.80731337219099' 'present']
 ['20' '94.49233583017966' 'present']
 ['11' '105.50527775695635' 'present']
 ['11' '146.346319368995' 'marauded']
 ['23' '157.45290437177914' 'present']
 ['11' '214.02106701080723' 'present']
 ['11' '310.11086161098535' 'present']
 ['23' '316.3352926132721' 'present']
 ['20' '337.21119655191103' 'present']]","[['F150' '68.30677676434003' 'mated']
 ['F118' '94.74855304960501' 'absent']
 ['F190' '101.63437468129996' 'mated']
 ['F157' '114.75502490755538' 'mated']
 ['F58' '115.726556821941' 'mated']
 ['F119' '132.76088442401857' 'mated']
 ['F13' '146.50406570964398' 'destroyed']
 ['F32' '177.47765800135625' 'mated']
 ['F191' '191.96712393408913' 'mated']
 ['F9' '195.39001250934368' 'mated']
 ['F199' '196.90114741194333' 'mated']
 ['F88' '209.40957877202754' 'mated']
 ['F111' '219.78606275338748' 'mated']
 ['F123' '226.72837364374448' 'mated']
 ['F20' '259.77183083129535' 'absent']]",557.0,74.21153921356272,15.735776829730092,1615.0,273.6240376808531,58.86084916376901,67.0,12.285610865406806,2.7142511223070342,0.0,0.0,0.0,0.0,0.0,0.0
13,0.0,10,360.1806415739316,"[['23' '35.15629318636233' 'present']
 ['23' '76.74741249820543' 'present']
 ['20' '87.8628251588847' 'present']
 ['11' '92.48527919041489' 'marauded']
 ['20' '99.58449350359538' 'presentdestroyed']
 ['23' '163.0881342640852' 'marauded']
 ['20' '194.11025504757697' 'present']
 ['11' '197.61166999525554' 'present']
 ['23' '219.9503578554895' 'present']
 ['11' '235.76308650780067' 'present']
 ['11' '257.8631844134223' 'present']
 ['20' '284.26618585705506' 'present']
 ['23' '299.55206591375213' 'present']
 ['23' '321.77144905908386' 'present']
 ['23' '345.93451134122034' 'present']]","[['F17' '60.78572412081336' 'mated']
 ['F117' '75.34993371647624' 'mated']
 ['F92' '85.89604720967495' 'mated']
 ['F22' '119.00691580958014' 'mated']
 ['F177' '129.02860512977662' 'absent']
 ['F74' '130.92643733128173' 'absent']
 ['F81' '142.52771142354572' 'mated']
 ['F178' '156.4282495946642' 'absent']
 ['F30' '167.7411043234565' 'destroyed']
 ['F38' '179.02902674835' 'mated']
 ['F3' '185.93996452394015' 'mated']
 ['F203' '211.08110678182464' 'mated']
 ['F175' '242.30679245346346' 'absent']
 ['F0' '263.91629547939476' 'mated']
 ['F91' '292.0036316243063' 'absent']
 ['F155' '294.95840400971815' 'mated']]",561.0,70.5601451318849,15.272909361026606,1630.0,277.2986501374446,59.9097070708331,70.0,12.267428481842526,2.7371162108428018,0.0,0.0,0.0,0.0,0.0,0.0
14,0.0,11,360.16774870114705,"[['20' '47.42462855608912' 'present']
 ['20' '51.92974735161212' 'marauded']
 ['20' '62.37714936497783' 'present']
 ['11' '95.78305242371873' 'marauded']
 ['20' '102.3314692000301' 'presentdestroyed']
 ['23' '103.06016132656329' 'present']
 ['11' '113.54571906638283' 'present']
 ['11' '122.27013243744231' 'marauded']
 ['11' '187.7883699993855' 'present']
 ['20' '199.0559603088351' 'present']
 ['11' '212.20082778111856' 'present']
 ['20' '236.99622113806942' 'present']
 ['20' '278.1731225303916' 'present']
 ['23' '334.62725443399864' 'marauded']]","[['F122' '36.65710195629145' 'mated']
 ['F85' '62.69837350155722' 'mated']
 ['F95' '82.44080147737718' 'mated']
 ['F209' '103.5260427016409' 'mated']
 ['F108' '121.06200969905478' 'mated']
 ['F87' '123.88216132060118' 'destroyed']
 ['F31' '126.31229611854556' 'destroyed']
 ['F29' '183.0542751076729' 'absent']
 ['F169' '205.5682419457803' 'mated']
 ['F68' '213.53918221126926' 'mated']
 ['F7' '236.7054780223176' 'absent']
 ['F214' '255.6351693613532' 'mated']
 ['F182' '257.71039905245874' 'mated']
 ['F67' '257.9458039190954' 'mated']
 ['F42' '328.85024531225395' 'mated']]",580.0,70.93692139742625,15.335660744501684,1580.0,264.66804463764294,56.416166884806294,141.0,24.455183832595537,5.2824334802755795,0.0,0.0,0.0,0.0,0.0,0.0
15,0.0,9,360.0152251137482,"[['11' '38.06420351394061' 'present']
 ['23' '76.33232680443847' 'marauded']
 ['23' '160.76201015183753' 'present']
 ['23' '165.13064604657004' 'present']
 ['23' '216.8142128908822' 'present']
 ['11' '331.0418024164944' 'present']
 ['11' '335.58236759332993' 'present']]","[['F79' '120.79384155151658' 'mated']
 ['F198' '124.11970383803987' 'mated']
 ['F51' '124.51868486753324' 'absent']
 ['F205' '124.72477884435983' 'mated']
 ['F109' '207.42576546207673' 'mated']
 ['F156' '221.06178006953385' 'mated']
 ['F163' '262.89423332773947' 'mated']
 ['F146' '263.90999106526857' 'mated']
 ['F84' '277.5791207518417' 'mated']
 ['F193' '350.36644091076175' 'mated']]",558.0,67.36898587990714,13.866188492136594,1740.0,286.53913305258214,60.42616176508598,37.0,6.145883027784634,1.3386830226837532,0.0,0.0,0.0,0.0,0.0,0.0
16,0.0,6,359.93179537765263,"[['20' '8.662107106564903' 'present']
 ['23' '18.413303133705224' 'marauded']
 ['23' '38.088112087204735' 'present']
 ['20' '38.49236693293966' 'marauded']
 ['23' '70.3730670850936' 'marauded']
 ['20' '84.00638016606412' 'present']
 ['11' '133.62488458705576' 'marauded']
 ['11' '148.10849348734476' 'present']
 ['20' '194.15655134387328' 'present']
 ['20' '200.57458647720708' 'present']
 ['23' '210.72803657372998' 'marauded']
 ['11' '278.35827377973914' 'marauded']
 ['23' '298.3300539394643' 'present']
 ['11' '339.63082005953' 'present']
 ['11' '353.2986157340492' 'present']]","[['F29' '183.07742325582106' 'mated']
 ['F10' '243.29181818837475' 'mated']
 ['F173' '254.98239841301145' 'mated']
 ['F201' '280.40961559951467' 'destroyed']
 ['F164' '306.1981677899312' 'mated']
 ['F185' '307.16847341342833' 'mated']
 ['F40' '317.0415204666064' 'mated']]",563.0,69.44756403752598,15.803598334363619,1477.0,253.68122434741835,54.86888021553866,213.0,36.963163859049224,8.16155869571405,0.0,0.0,0.0,0.0,0.0,0.0
17,0.0,10,360.074707133663,"[['20' '53.58858049652999' 'present']
 ['23' '77.80870902827193' 'marauded']
 ['23' '100.97819819897576' 'present']
 ['11' '149.30881484064406' 'present']
 ['11' '156.93629723770658' 'present']
 ['11' '203.75505409310063' 'present']
 ['23' '231.5580135235033' 'present']
 ['11' '239.43230597135357' 'marauded']
 ['11' '239.57860226764987' 'presentdestroyed']
 ['23' '272.02527253993804' 'marauded']
 ['23' '300.0004973634748' 'present']
 ['20' '304.36610642940724' 'present']
 ['11' '349.7848134155023' 'present']]","[['F133' '51.07116850629901' 'mated']
 ['F59' '57.59658883523452' 'mated']
 ['F195' '81.061131932834' 'absentdestroyed']
 ['F46' '126.40457442165591' 'mated']
 ['F74' '130.94958547942989' 'mated']
 ['F13' '146.52721385779213' 'mated']
 ['F148' '196.66296704422018' 'mated']
 ['F186' '206.00170183724597' 'mated']
 ['F23' '227.05679121926966' 'mated']
 ['F147' '297.8373237908899' 'mated']
 ['F103' '308.59216404249946' 'mated']]",558.0,69.9679419696541,14.748770456592345,1612.0,271.83052233882864,58.1870076736204,105.0,18.369611476097397,3.939604885998743,0.0,0.0,0.0,0.0,0.0,0.0
18,0.0,8,360.2176804739609,"[['23' '19.059150292076442' 'marauded']
 ['11' '27.69727218139882' 'marauded']
 ['23' '28.299885405623264' 'presentdestroyed']
 ['11' '35.91934634827392' 'present']
 ['20' '91.13905170684218' 'present']
 ['23' '106.8719158652095' 'present']
 ['20' '128.37079990362108' 'present']
 ['23' '154.29438590557768' 'present']
 ['20' '223.63557209308297' 'present']
 ['11' '227.27706709156493' 'present']
 ['23' '228.60675781307987' 'present']
 ['20' '271.037326305743' 'present']
 ['23' '342.3234714373772' 'present']]","[['F35' '55.237229821691635' 'absent']
 ['F180' '109.2095381396855' 'mated']
 ['F179' '127.0741299437639' 'mated']
 ['F30' '167.71795617530836' 'absent']
 ['F97' '172.48716311743158' 'mated']
 ['F128' '186.9646850528689' 'mated']
 ['F181' '215.24654309608425' 'mated']
 ['F57' '240.86701069217597' 'mated']
 ['F6' '305.6635728324322' 'mated']
 ['F127' '357.99267263422485' 'mated']]",570.0,70.80902579955401,13.797031990807923,1640.0,277.2144570361064,59.31646984065837,73.0,12.151268313473436,2.4534502522919057,0.0,0.0,0.0,0.0,0.0,0.0
19,0.0,10,360.4937962096558,"[['20' '23.460013198318208' 'present']
 ['11' '74.58153320803824' 'present']
 ['11' '90.58879251201739' 'marauded']
 ['20' '92.40991205044507' 'destroyed']
 ['20' '96.63896446388142' 'presentdestroyed']
 ['20' '136.52276391633075' 'present']
 ['11' '214.6547701229135' 'present']
 ['11' '227.81142657575978' 'present']
 ['11' '274.93183777652195' 'present']
 ['23' '294.1084763196261' 'marauded']
 ['23' '311.54723880901673' 'marauded']
 ['20' '352.6673217144474' 'present']
 ['23' '358.762948924327' 'present']]","[['F183' '59.60697652066954' 'absent']
 ['F118' '94.77170119775316' 'absentdestroyed']
 ['F172' '109.62617747286305' 'mated']
 ['F70' '111.86369830504356' 'mated']
 ['F177' '129.05175327792477' 'mated']
 ['F137' '129.0573659260185' 'mated']
 ['F161' '138.7731818243538' 'mated']
 ['F110' '165.020988116322' 'absent']
 ['F196' '193.54478192758916' 'absent']
 ['F66' '206.92526931089563' 'mated']
 ['F116' '228.84675234883966' 'mated']
 ['F96' '232.7627074720366' 'mated']
 ['F36' '264.97778319488503' 'mated']
 ['F142' '286.137589493887' 'mated']]",554.0,67.98380968288474,13.965190909942546,1605.0,273.78142717178343,59.15076857098436,118.0,18.328794545939143,3.7079933057546692,0.0,0.0,0.0,0.0,0.0,0.0
20,0.054,8,360.32281925295166,"[['23' '145.89337198974988' 'marauded']
 ['11' '183.6205820458529' 'present']
 ['23' '211.5001932068852' 'marauded']
 ['23' '216.7679165945859' 'presentdestroyed']
 ['11' '217.79326600802156' 'presentdestroyed']
 ['23' '249.47417320267607' 'present']
 ['11' '294.3923898583836' 'present']
 ['23' '295.0165292144587' 'marauded']]","[['F44' '80.7319952575176' 'mated']
 ['F12' '168.23065121258662' 'absent']
 ['F83' '202.67176027223044' 'mated']
 ['F171' '222.55126570253944' 'mated']
 ['F167' '239.5663395951982' 'mated']
 ['F91' '292.02677977245446' 'mated']
 ['F204' '321.6847878806943' 'mated']
 ['F71' '322.65343079411616' 'mated']
 ['F99' '356.33087447185795' 'mated']]",554.0,71.99225063876385,15.302497164634234,1564.0,263.180550714871,56.37695197795686,100.0,18.486056344895474,4.270327862275658,18.0,1.8000000000000005,0.1800000000000001,99.0,4.5833333333333375,0.21219135802469094
21,0.0,9,360.0891968428057,"[['20' '16.022977764085677' 'present']
 ['23' '85.7698423456394' 'marauded']
 ['20' '103.79197929652182' 'present']
 ['11' '128.3955201661568' 'present']
 ['23' '159.86740253877932' 'present']
 ['11' '166.05036026619712' 'present']
 ['20' '176.87058834553918' 'marauded']
 ['11' '204.15985256825505' 'present']
 ['11' '236.04115945465526' 'present']
 ['11' '259.854301513478' 'present']
 ['11' '292.73586933739847' 'present']
 ['20' '344.6177353792537' 'present']]","[['F76' '45.040254095637934' 'mated']
 ['F124' '63.08384971684506' 'mated']
 ['F125' '97.74848000037149' 'absent']
 ['F4' '109.54620875981806' 'mated']
 ['F104' '123.2026341828932' 'mated']
 ['F12' '168.20750306443847' 'absent']
 ['F207' '176.35736231258554' 'absent']
 ['F2' '185.80284227702091' 'mated']
 ['F26' '194.29660420432026' 'mated']
 ['F20' '259.72553453499904' 'absent']
 ['F115' '275.4755087182576' 'mated']
 ['F201' '280.4327637476628' 'mated']
 ['F45' '320.3969215833818' 'mated']]",560.0,70.63197558013476,14.932655705482746,1613.0,277.2716212459126,59.08699826254967,65.0,12.142107211634002,2.843125489007485,0.0,0.0,0.0,0.0,0.0,0.0
22,0.0,7,360.3609146941182,"[['20' '47.22499304893461' 'present']
 ['20' '85.28322420010458' 'marauded']
 ['20' '168.51062678633767' 'present']
 ['23' '213.02474836401947' 'present']
 ['23' '276.37511594397364' 'marauded']
 ['20' '312.85226874070986' 'present']
 ['20' '317.77514535294006' 'present']
 ['20' '352.0400727337942' 'present']]","[['F130' '57.90828677677428' 'mated']
 ['F141' '60.09611810384006' 'mated']
 ['F172' '109.6030293247149' 'absent']
 ['F87' '123.90530946874934' 'mated']
 ['F62' '187.15513171920406' 'mated']
 ['F134' '204.94269832181703' 'mated']
 ['F86' '209.97973105269787' 'mated']
 ['F149' '225.91363736349305' 'absent']
 ['F23' '227.0336430711215' 'absent']
 ['F78' '247.80698339936978' 'mated']]",562.0,70.78339295392986,14.663203282434955,1672.0,277.2693637142187,59.14300485768168,77.0,12.174697499129167,2.4982950709570306,0.0,0.0,0.0,0.0,0.0,0.0
23,0.054,10,360.42358703749426,"[['11' '52.65291846921896' 'marauded']
 ['20' '132.67943848287723' 'marauded']
 ['20' '141.39197463033517' 'present']
 ['11' '198.39954040291133' 'marauded']
 ['20' '222.57987575132435' 'present']
 ['20' '229.43117958679744' 'present']
 ['20' '283.07713825555646' 'marauded']
 ['11' '285.09126922188864' 'presentdestroyed']
 ['11' '356.1830060693064' 'present']]","[['F94' '18.66169608555222' 'mated']
 ['F129' '56.17568307471471' 'absentdestroyed']
 ['F14' '96.39222288179539' 'mated']
 ['F162' '121.95093863321782' 'mated']
 ['F60' '123.93245316605513' 'mated']
 ['F46' '126.38142627350776' 'absent']
 ['F165' '155.02279776992597' 'mated']
 ['F159' '156.56450564075757' 'absent']
 ['F63' '157.42305437371556' 'mated']
 ['F134' '204.91955017366888' 'destroyed']
 ['F24' '240.64269889348938' 'mated']
 ['F175' '242.3299406016116' 'mated']
 ['F20' '259.7486826831472' 'absent']
 ['F212' '280.7135524193742' 'absent']
 ['F48' '312.7818332556178' 'mated']
 ['F132' '324.87874658703174' 'mated']]",554.0,72.42744235469856,15.206172395075278,1483.0,255.96974527873283,55.72323153413248,149.0,24.638701476646602,5.157100423615189,25.0,2.500000000000001,0.25000000000000017,97.0,4.490740740740744,0.20790466392318205
