id,probability_maraud,successful_mating,next_foraging_time,mar_attempts,mate_attempts,foraging_events,foraging_hrs,foraging_sqhrs,staying_events,staying_hrs,staying_sqhrs,repairing_events,repairing_hrs,repairing_sqhrs,marauding_events,marauding_hrs,marauding_sqhrs,traveling_events,traveling_hrs,traveling_sqhrs
0,0.054,9,360.327004793575,"[['3' '4.016430352318993' 'present']
 ['3' '6.649024664135109' 'marauded']
 ['9' '12.851269228900387' 'presentdestroyed']
 ['3' '12.95103097469991' 'presentdestroyed']
 ['7' '13.468741847765163' 'destroyed']
 ['11' '16.0806867318558' 'present']
 ['11' '16.82434044213403' 'marauded']
 ['10' '29.60785064915757' 'present']
 ['9' '34.88229913475309' 'present']
 ['7' '41.35556354206961' 'present']
 ['8' '45.61204545591722' 'present']
 ['8' '72.27174516169264' 'present']
 ['9' '72.85283953108346' 'present']
 ['5' '84.59229563121687' 'present']
 ['11' '84.75095693207568' 'present']
 ['4' '86.0164527455271' 'present']
 ['2' '92.92407967523526' 'present']
 ['3' '108.02602749471244' 'present']
 ['2' '111.71289121935588' 'present']
 ['10' '114.08768525646818' 'present']
 ['7' '120.32733385805308' 'present']
 ['10' '121.40152930365954' 'present']
 ['11' '124.68685391516202' 'present']
 ['11' '125.8548740793542' 'marauded']
 ['8' '127.02873975465741' 'destroyed']
 ['2' '127.37842616917906' 'presentdestroyed']
 ['8' '128.85341473790606' 'destroyed']
 ['3' '136.9367604028124' 'present']
 ['11' '139.710702891554' 'present']
 ['7' '147.89975304524017' 'present']
 ['5' '155.14424880182113' 'marauded']
 ['5' '155.29054509811743' 'presentdestroyed']
 ['8' '155.61914546560624' 'presentdestroyed']
 ['3' '157.22080333608625' 'presentdestroyed']
 ['5' '158.03428597959947' 'presentdestroyed']
 ['4' '161.75384681286' 'presentdestroyed']
 ['11' '162.90068772843446' 'present']
 ['4' '171.60797291472102' 'present']
 ['11' '173.286668744852' 'present']
 ['7' '180.79207762210618' 'present']
 ['4' '183.8122803038707' 'present']
 ['7' '186.46276590752512' 'marauded']
 ['9' '190.66564516220635' 'destroyed']
 ['4' '192.02743766144553' 'presentdestroyed']
 ['4' '193.97597753035478' 'marauded']
 ['9' '194.93503146248906' 'presentdestroyed']
 ['2' '205.45440626369606' 'present']
 ['7' '216.3950359350812' 'marauded']
 ['1' '226.9753152532399' 'present']
 ['3' '232.88764068411658' 'marauded']
 ['3' '234.23863644817814' 'presentdestroyed']
 ['7' '236.49401781333918' 'presentdestroyed']
 ['3' '237.44509317113315' 'presentdestroyed']
 ['2' '239.04816236719503' 'presentdestroyed']
 ['9' '241.75618010650714' 'present']
 ['10' '244.86224217240232' 'present']
 ['2' '245.74901485712715' 'present']
 ['3' '247.79530684265214' 'present']
 ['7' '251.27145706142878' 'present']
 ['2' '253.53793824018837' 'present']
 ['2' '260.11571911528165' 'present']
 ['1' '263.3961375052856' 'present']
 ['11' '266.158862903913' 'present']
 ['2' '272.41026823443013' 'present']
 ['5' '273.2429732764833' 'present']
 ['11' '284.01925558151237' 'present']
 ['4' '297.14827694766007' 'present']
 ['4' '300.56660845303037' 'present']
 ['3' '303.35968205824116' 'present']
 ['8' '309.1333655380098' 'marauded']
 ['7' '310.4598721417196' 'presentdestroyed']
 ['2' '310.59373786390324' 'presentdestroyed']
 ['3' '323.51394485808095' 'present']
 ['3' '334.91443066248814' 'present']
 ['1' '337.63645885828925' 'present']
 ['9' '346.0745480503373' 'present']
 ['11' '346.6970618038776' 'marauded']
 ['9' '354.6596669680413' 'present']
 ['10' '358.03925728321417' 'present']]","[['F44' '81.85461182282329' 'mated']
 ['F10' '115.57325188901639' 'mated']
 ['F68' '130.10641416780686' 'destroyed']
 ['F18' '150.21329309014365' 'absent']
 ['F20' '150.89643743976478' 'mated']
 ['F34' '157.44922177474527' 'destroyed']
 ['F69' '171.69457976267398' 'mated']
 ['F55' '173.01669285372955' 'mated']
 ['F60' '177.99757075646409' 'mated']
 ['F24' '229.60099862496565' 'mated']
 ['F0' '287.24134992577035' 'absent']
 ['F21' '302.11491301522574' 'mated']
 ['F97' '319.9730712839705' 'mated']]",558.0,69.92768348883315,14.45516456805892,1317.0,224.2045438195325,48.05219735581587,359.0,60.91098927872062,12.82206400432747,10.0,0.9999999999999999,0.10000000000000003,87.0,4.027777777777777,0.1864711934156376
1,0.054,5,360.4343537255355,"[['2' '0.39295273970366074' 'present']
 ['9' '12.623792652765466' 'present']
 ['2' '22.83596056876349' 'present']
 ['8' '36.742727281416464' 'marauded']
 ['3' '41.73268162322031' 'presentdestroyed']
 ['5' '42.52375020210081' 'presentdestroyed']
 ['3' '46.45473868026401' 'present']
 ['8' '46.778106671893525' 'present']
 ['4' '50.911261625736955' 'present']
 ['0' '63.515197554437755' 'present']
 ['10' '64.99613792454119' 'present']
 ['11' '67.07022082807896' 'marauded']
 ['2' '67.13230210233135' 'destroyed']
 ['10' '68.80017597355926' 'presentdestroyed']
 ['11' '72.02123807616879' 'presentdestroyed']
 ['8' '74.15381270807987' 'present']
 ['10' '93.76772332264844' 'present']
 ['0' '95.76134525323154' 'marauded']
 ['11' '105.9787429950561' 'marauded']
 ['3' '108.60714201100423' 'presentdestroyed']
 ['0' '111.79983198767579' 'presentdestroyed']
 ['0' '111.9914272842408' 'presentdestroyed']
 ['10' '117.08257111304763' 'present']
 ['7' '129.2776086403651' 'present']
 ['2' '129.29015173930475' 'present']
 ['4' '130.83417333572' 'present']
 ['8' '131.42930778452904' 'present']
 ['10' '133.1692985765104' 'present']
 ['4' '135.19134401364227' 'present']
 ['10' '139.38896441776404' 'present']
 ['0' '154.65580567794467' 'present']
 ['9' '166.23215649063144' 'present']
 ['3' '166.30961659362293' 'present']
 ['2' '172.95419618861223' 'present']
 ['8' '190.45065787487496' 'present']
 ['11' '191.9468178934979' 'present']
 ['4' '193.84628615881056' 'present']
 ['9' '199.82032233499694' 'present']
 ['8' '205.09305591061536' 'present']
 ['11' '213.22318255408769' 'present']
 ['9' '216.91254354099368' 'marauded']
 ['9' '217.28895253991067' 'presentdestroyed']
 ['11' '230.37098869670163' 'present']
 ['7' '231.83761372182806' 'marauded']
 ['0' '245.49513531914337' 'present']
 ['8' '245.70384260548144' 'present']
 ['0' '249.97781016557082' 'present']
 ['9' '255.39432853719458' 'present']
 ['9' '261.56647803666664' 'present']
 ['10' '270.0355111304519' 'present']
 ['0' '283.10713109996215' 'marauded']
 ['5' '284.7672595866036' 'presentdestroyed']
 ['0' '290.1188520855824' 'present']
 ['11' '298.15971571527837' 'present']
 ['8' '306.87848326807807' 'present']
 ['0' '307.1203425119913' 'present']
 ['8' '307.13537408727046' 'present']
 ['11' '319.24747016679675' 'present']
 ['8' '326.1450383779406' 'present']
 ['10' '329.5849613228855' 'marauded']
 ['11' '358.7625269910113' 'present']
 ['7' '358.85050868542606' 'marauded']]","[['F17' '150.14517680307878' 'mated']
 ['F18' '150.25958938643996' 'mated']
 ['F34' '157.47236992289342' 'mated']
 ['F72' '182.20735795987773' 'mated']
 ['F49' '258.3646658054723' 'absent']
 ['F80' '291.09400945835154' 'mated']]",561.0,71.32414659982629,14.767064222519803,1346.0,234.49937128326067,50.92895832780678,272.0,49.1389184534903,11.105298735668136,14.0,1.4000000000000001,0.14000000000000007,81.0,3.749999999999999,0.1736111111111109
2,0.054,9,360.19121209824334,"[['3' '2.6782666857414967' 'present']
 ['11' '10.279992869224442' 'present']
 ['7' '13.760636658447492' 'present']
 ['1' '14.697743685789662' 'marauded']
 ['1' '15.61206037557594' 'presentdestroyed']
 ['1' '20.78867763396984' 'presentdestroyed']
 ['7' '23.95992376127563' 'marauded']
 ['3' '24.443349188255457' 'presentdestroyed']
 ['4' '31.151868312966318' 'presentdestroyed']
 ['8' '31.757442664425206' 'presentdestroyed']
 ['8' '32.21474351505988' 'present']
 ['0' '33.69748311740595' 'present']
 ['0' '36.93859596338385' 'present']
 ['11' '56.67069188770681' 'present']
 ['10' '58.85016718202777' 'marauded']
 ['8' '63.48281247449915' 'presentdestroyed']
 ['1' '65.59199041357064' 'presentdestroyed']
 ['3' '66.67667993285595' 'present']
 ['1' '66.90859930562291' 'present']
 ['7' '68.97528727144073' 'present']
 ['10' '71.83417872997826' 'present']
 ['5' '76.45453157698005' 'marauded']
 ['9' '77.28108789482039' 'presentdestroyed']
 ['4' '87.96667213324805' 'present']
 ['0' '91.2909795297258' 'present']
 ['0' '103.1656332307024' 'present']
 ['8' '107.84216156513038' 'present']
 ['11' '114.18139298911888' 'present']
 ['5' '135.9936322396416' 'marauded']
 ['3' '140.26352633571963' 'presentdestroyed']
 ['8' '145.75076443515715' 'present']
 ['0' '151.86458737657006' 'present']
 ['0' '153.7966150119916' 'present']
 ['3' '160.61881931438944' 'present']
 ['9' '162.13631536166884' 'present']
 ['5' '168.60797559953707' 'present']
 ['7' '174.40974764588043' 'present']
 ['0' '186.0039521813655' 'present']
 ['4' '196.0946330593674' 'present']
 ['3' '196.84063247218748' 'marauded']
 ['5' '205.82719339637754' 'present']
 ['1' '207.68454845440988' 'present']
 ['0' '208.9900632094283' 'present']
 ['11' '216.73863635646902' 'present']
 ['7' '217.9112394853646' 'present']
 ['9' '219.37126606129016' 'present']
 ['9' '221.10614154648349' 'present']
 ['5' '222.2698459721526' 'present']
 ['0' '225.03371607190184' 'marauded']
 ['8' '225.05431993224073' 'destroyed']
 ['3' '227.25107528449485' 'presentdestroyed']
 ['3' '238.81178335138182' 'present']
 ['4' '250.4755386380645' 'present']
 ['8' '255.51363044831336' 'present']
 ['4' '267.48087698726624' 'present']
 ['4' '269.33579074865173' 'present']
 ['4' '299.1516624036776' 'present']
 ['0' '308.08148922345015' 'present']
 ['10' '315.0648915157878' 'marauded']
 ['4' '320.6020029023793' 'destroyed']
 ['5' '323.6338761868655' 'marauded']
 ['11' '326.1055211985298' 'presentdestroyed']
 ['3' '334.60278593278264' 'present']
 ['3' '334.7087009369702' 'present']
 ['5' '343.4643943906608' 'present']
 ['8' '345.3082810561927' 'marauded']
 ['1' '349.89691840247974' 'presentdestroyed']
 ['5' '351.6672642151526' 'destroyed']
 ['5' '352.265387589104' 'presentdestroyed']
 ['4' '357.5239859198924' 'marauded']
 ['11' '359.6777681948329' 'destroyed']
 ['11' '359.75478100319475' 'presentdestroyed']]","[['F98' '61.337067233663994' 'destroyed']
 ['F19' '65.5657393888726' 'destroyed']
 ['F83' '94.26195927739546' 'mated']
 ['F8' '96.59029289048873' 'mated']
 ['F25' '161.46262654327268' 'mated']
 ['F86' '169.1728857095537' 'absent']
 ['F30' '180.42967683239877' 'mated']
 ['F87' '180.7204016485546' 'absent']
 ['F9' '187.20065008487697' 'mated']
 ['F7' '192.34152795692225' 'mated']
 ['F56' '195.75987939326902' 'absent']
 ['F66' '201.75988886885622' 'destroyed']
 ['F36' '216.53400019199182' 'mated']
 ['F54' '249.50478279725394' 'mated']
 ['F40' '275.0959396205947' 'mated']
 ['F12' '283.1978355827698' 'absent']]",560.0,70.62187962958454,15.010360318375456,1290.0,221.56957695463802,47.77511236881908,370.0,62.91782719742447,13.631397706361486,10.0,0.9999999999999999,0.10000000000000003,85.0,3.9351851851851842,0.1821844993141287
3,0.054,7,360.3483270601338,"[['11' '0.7242377383693236' 'present']
 ['1' '0.8239762468106556' 'present']
 ['1' '5.697956948444356' 'present']
 ['4' '8.650522133017098' 'present']
 ['11' '14.728420542827832' 'marauded']
 ['1' '20.834973930266138' 'presentdestroyed']
 ['2' '35.008976264013356' 'present']
 ['2' '48.62314814700935' 'marauded']
 ['4' '49.349241534851515' 'destroyed']
 ['2' '52.89083396241092' 'presentdestroyed']
 ['0' '55.791293555029526' 'presentdestroyed']
 ['2' '56.357076498200726' 'marauded']
 ['1' '63.47029772439546' 'present']
 ['11' '74.17195986934418' 'present']
 ['4' '84.40719830670403' 'marauded']
 ['1' '87.6762712717882' 'presentdestroyed']
 ['8' '95.80897355274625' 'present']
 ['0' '105.27444085941814' 'present']
 ['11' '105.51746855830524' 'present']
 ['0' '106.69401793301849' 'present']
 ['2' '109.50971486492236' 'present']
 ['7' '111.03720000432624' 'present']
 ['7' '114.81524096107317' 'present']
 ['7' '124.04759419225273' 'present']
 ['11' '137.37410142679096' 'present']
 ['8' '143.28030430763278' 'marauded']
 ['1' '145.30471091024378' 'presentdestroyed']
 ['7' '147.85345674894387' 'destroyed']
 ['0' '151.36236812668193' 'present']
 ['5' '157.94169338700686' 'present']
 ['8' '159.14296766862225' 'present']
 ['1' '164.27223366095282' 'present']
 ['8' '164.68010899246516' 'present']
 ['7' '168.4355718953085' 'marauded']
 ['1' '179.76009384340387' 'present']
 ['11' '190.43417518837833' 'present']
 ['7' '190.6777866479738' 'present']
 ['10' '201.58567600016957' 'present']
 ['9' '209.6586858814702' 'present']
 ['8' '216.01430831876033' 'marauded']
 ['11' '218.07431123202798' 'presentdestroyed']
 ['8' '228.37424415095467' 'present']
 ['7' '229.63224230206058' 'present']
 ['7' '239.61892785608595' 'marauded']
 ['2' '242.6092052710108' 'presentdestroyed']
 ['8' '248.64792604037075' 'marauded']
 ['1' '251.4211896720143' 'presentdestroyed']
 ['0' '253.715124227201' 'presentdestroyed']
 ['1' '259.4045165669329' 'marauded']
 ['4' '262.5595730275967' 'presentdestroyed']
 ['1' '270.4253743666198' 'marauded']
 ['1' '272.3992310077246' 'presentdestroyed']
 ['1' '273.47958324690137' 'destroyed']
 ['7' '277.8044186714033' 'present']
 ['1' '283.1180208279709' 'present']
 ['2' '289.06773794956075' 'marauded']
 ['1' '301.4410169398666' 'present']
 ['9' '302.2655013600692' 'present']
 ['4' '305.77546681881097' 'present']
 ['2' '307.0834279589435' 'marauded']
 ['1' '307.9792601108712' 'destroyed']
 ['4' '315.74201077385106' 'present']
 ['8' '317.92720674010883' 'present']
 ['8' '324.24905548798245' 'present']
 ['0' '338.6756262397459' 'present']
 ['5' '339.86072291756875' 'marauded']
 ['4' '343.2196111256271' 'presentdestroyed']
 ['1' '347.70175212611355' 'marauded']
 ['9' '351.8049291975191' 'presentdestroyed']
 ['2' '353.8890402549764' 'presentdestroyed']
 ['9' '354.52354848933345' 'presentdestroyed']]","[['F48' '34.506431866404846' 'mated']
 ['F95' '54.204914813985866' 'destroyed']
 ['F29' '54.498350436616086' 'destroyed']
 ['F92' '78.00080763381592' 'mated']
 ['F39' '146.54248379240755' 'destroyed']
 ['F65' '148.12021701021277' 'destroyed']
 ['F65' '148.16651330650907' 'absentdestroyed']
 ['F86' '169.14973756140554' 'absentdestroyed']
 ['F86' '169.19603385770185' 'absentdestroyed']
 ['F58' '169.83488818882873' 'destroyed']
 ['F55' '172.9472484092851' 'destroyed']
 ['F64' '215.57083723751063' 'mated']
 ['F36' '216.51085204384367' 'destroyed']
 ['F102' '219.11064982364218' 'destroyed']
 ['F26' '279.23942201365924' 'mated']
 ['F74' '288.7089657898988' 'mated']
 ['F80' '291.04771316205523' 'destroyed']
 ['F47' '335.2335469751283' 'mated']
 ['F16' '335.5791317288588' 'mated']
 ['F1' '352.5163290028632' 'destroyed']]",573.0,70.21378075673238,14.245799585008404,1132.0,193.72005370606604,41.54873005050696,539.0,91.61513267293608,19.691889356778557,11.0,1.0999999999999999,0.11000000000000004,76.0,3.5185185185185177,0.16289437585733868
4,0.054,12,360.11181033645266,"[['0' '5.770694015266751' 'present']
 ['9' '10.055112186363285' 'marauded']
 ['5' '19.483248912839432' 'present']
 ['7' '49.1492858784435' 'present']
 ['5' '49.712560792099154' 'present']
 ['8' '51.12522268571824' 'present']
 ['8' '53.542484263814465' 'marauded']
 ['10' '57.55264220514957' 'presentdestroyed']
 ['1' '77.37405257106687' 'present']
 ['2' '87.45619944662238' 'present']
 ['0' '87.57621418137656' 'present']
 ['8' '91.74471543412926' 'marauded']
 ['5' '94.4976805657795' 'presentdestroyed']
 ['9' '97.09726663564972' 'destroyed']
 ['8' '98.91502776414511' 'presentdestroyed']
 ['9' '100.40239289881848' 'present']
 ['10' '102.9975197690303' 'present']
 ['0' '106.74031422931479' 'marauded']
 ['7' '108.91279540978266' 'presentdestroyed']
 ['7' '115.41411511442985' 'present']
 ['1' '117.76734662958424' 'marauded']
 ['0' '123.38056041665655' 'destroyed']
 ['3' '135.5971752090165' 'present']
 ['3' '141.5585675366569' 'present']
 ['0' '142.0335744418669' 'present']
 ['7' '144.14312952711762' 'present']
 ['2' '152.33619538819076' 'present']
 ['1' '157.6284050810326' 'present']
 ['5' '157.98798968330317' 'present']
 ['5' '158.53905967349655' 'present']
 ['9' '162.09001906537253' 'present']
 ['10' '162.6666377848872' 'present']
 ['2' '165.20711591924464' 'present']
 ['0' '166.02909510293225' 'present']
 ['5' '170.11852388949654' 'present']
 ['11' '190.84391971819383' 'present']
 ['5' '205.78089710008123' 'present']
 ['8' '210.51062733346842' 'present']
 ['3' '211.90044464718426' 'present']
 ['11' '213.269478850384' 'present']
 ['9' '227.32853570991574' 'marauded']
 ['9' '249.87639683659197' 'present']
 ['7' '251.7418850349625' 'present']
 ['0' '252.07537700032634' 'present']
 ['0' '257.9488742998232' 'present']
 ['0' '259.24990968290535' 'present']
 ['1' '262.09098322099436' 'present']
 ['2' '266.9556388267487' 'present']
 ['3' '268.6656789837805' 'present']
 ['0' '270.5966806772544' 'present']
 ['0' '272.1963971146516' 'present']
 ['11' '276.41703899232135' 'present']
 ['0' '287.00247180517783' 'marauded']
 ['10' '291.87605827158865' 'presentdestroyed']
 ['11' '294.5627590516874' 'present']
 ['5' '298.45098899605057' 'present']
 ['7' '314.1924167906489' 'present']
 ['10' '323.26761159452644' 'present']
 ['2' '336.5346494742356' 'present']
 ['0' '338.90744724896547' 'present']
 ['11' '345.33399201560195' 'present']]","[['F84' '47.05187091465616' 'mated']
 ['F31' '73.9876126700875' 'mated']
 ['F89' '110.39763009251743' 'absentdestroyed']
 ['F50' '126.45585257176293' 'mated']
 ['F107' '146.92132581492822' 'mated']
 ['F65' '148.21280960280538' 'mated']
 ['F57' '167.74772868286823' 'mated']
 ['F96' '180.44380231340114' 'mated']
 ['F106' '216.84857682874184' 'absent']
 ['F22' '225.92668251524387' 'mated']
 ['F53' '278.5260968264' 'mated']
 ['F0' '287.2644980739185' 'destroyed']
 ['F80' '291.0245650139071' 'destroyed']
 ['F80' '291.0708613102034' 'destroyed']
 ['F82' '294.50240486649477' 'mated']
 ['F41' '299.82600960594175' 'mated']
 ['F1' '352.53947715101134' 'mated']]",564.0,70.86375684314852,14.589955562575838,1430.0,241.58102857391862,51.56204904603425,239.0,42.795729340990185,9.464538731771022,13.0,1.3,0.13000000000000006,77.0,3.564814814814814,0.16503772290809313
5,0.054,9,360.1798049211724,"[['1' '0.2129261546398914' 'present']
 ['3' '6.231137739517567' 'present']
 ['11' '8.151245933984097' 'marauded']
 ['11' '8.80197773377597' 'presentdestroyed']
 ['9' '12.577496356469169' 'presentdestroyed']
 ['0' '15.71418238604386' 'present']
 ['4' '24.512591779878175' 'present']
 ['10' '27.5340200925301' 'present']
 ['4' '32.273585516933046' 'present']
 ['0' '39.55976964436115' 'present']
 ['9' '39.760064892858104' 'present']
 ['11' '48.78630210390298' 'present']
 ['8' '51.3063873040298' 'present']
 ['2' '55.63864607240663' 'present']
 ['0' '56.890565537618464' 'marauded']
 ['1' '64.16600834086468' 'presentdestroyed']
 ['1' '64.21230463716098' 'presentdestroyed']
 ['4' '65.74738617822564' 'present']
 ['8' '77.11339157039049' 'marauded']
 ['4' '103.96157020716436' 'marauded']
 ['10' '104.35366556986236' 'destroyed']
 ['0' '105.53885614117085' 'destroyed']
 ['1' '118.29344912179295' 'present']
 ['10' '125.15295349684882' 'present']
 ['4' '130.1826917788326' 'present']
 ['0' '137.67477686378615' 'present']
 ['11' '141.21196022866954' 'present']
 ['2' '156.6982860080175' 'present']
 ['2' '160.2418230871549' 'marauded']
 ['7' '167.20802615540646' 'presentdestroyed']
 ['0' '178.44604520707458' 'present']
 ['4' '180.82173797837046' 'present']
 ['9' '182.1655269241021' 'present']
 ['7' '183.65115431926222' 'marauded']
 ['3' '185.89712381328783' 'presentdestroyed']
 ['3' '188.0110977074976' 'presentdestroyed']
 ['4' '188.1041906711879' 'presentdestroyed']
 ['3' '197.70845933724385' 'marauded']
 ['9' '200.06278931380865' 'destroyed']
 ['3' '204.93117976670118' 'presentdestroyed']
 ['2' '205.50070255999236' 'present']
 ['11' '213.95239481579165' 'present']
 ['1' '215.55577315890355' 'present']
 ['10' '220.9345609056713' 'present']
 ['9' '228.00055290809004' 'marauded']
 ['0' '232.87488401242678' 'presentdestroyed']
 ['7' '236.44772151704288' 'present']
 ['10' '245.76288775678057' 'present']
 ['9' '246.25765886378832' 'marauded']
 ['9' '252.3799574440362' 'destroyed']
 ['0' '257.37284672105557' 'marauded']
 ['11' '266.8554838840042' 'present']
 ['1' '270.1186656940443' 'present']
 ['10' '274.86133611256815' 'present']
 ['8' '276.2568148608021' 'present']
 ['7' '285.1872656625625' 'present']
 ['2' '286.52870306676243' 'present']
 ['3' '288.2084282754052' 'marauded']
 ['1' '292.40409530577074' 'presentdestroyed']
 ['4' '298.05174901702264' 'present']
 ['9' '299.83449305788383' 'present']
 ['11' '304.20042314455816' 'marauded']
 ['1' '304.9746083911562' 'presentdestroyed']
 ['3' '306.26347360784507' 'presentdestroyed']
 ['4' '308.52511769848115' 'presentdestroyed']
 ['8' '309.4429473513982' 'destroyed']
 ['8' '320.12100779237835' 'present']
 ['11' '324.63446731855004' 'marauded']
 ['3' '326.2238248876337' 'presentdestroyed']
 ['8' '328.6395207243008' 'presentdestroyed']
 ['7' '338.0680618361292' 'present']
 ['0' '342.6761888014962' 'present']
 ['0' '344.2829504921085' 'present']
 ['8' '350.58685179035876' 'present']
 ['11' '355.5620160845595' 'present']
 ['0' '358.54752966718814' 'present']]","[['F95' '54.22806296213401' 'absent']
 ['F98' '61.36021538181214' 'absentdestroyed']
 ['F33' '70.31225043774049' 'mated']
 ['F89' '110.44392638881374' 'destroyed']
 ['F61' '137.33837665321363' 'mated']
 ['F11' '144.26600577629125' 'mated']
 ['F86' '169.21918200585' 'mated']
 ['F27' '172.56560742136202' 'mated']
 ['F32' '190.26311842607518' 'destroyed']
 ['F52' '195.092736832356' 'mated']
 ['F6' '199.66346305033824' 'destroyed']
 ['F88' '206.34243861497157' 'mated']
 ['F0' '287.28764622206666' 'mated']
 ['F94' '309.24600136573497' 'destroyed']
 ['F62' '320.5267953117333' 'mated']]",576.0,70.977342125174,14.70551858033296,1208.0,206.20561956679785,44.296188207562636,472.0,79.27963462315955,16.916624941765946,6.0,0.6,0.06000000000000001,64.0,2.9629629629629624,0.13717421124828533
6,0.0,12,360.1331853234788,"[['10' '2.5244654215627227' 'present']
 ['4' '3.1639274964948543' 'present']
 ['7' '13.422445551468865' 'present']
 ['5' '17.457480149325452' 'present']
 ['4' '27.73740246353749' 'present']
 ['4' '30.84469754332313' 'present']
 ['11' '39.0537537758571' 'marauded']
 ['7' '43.93068996921057' 'presentdestroyed']
 ['0' '46.670198152611505' 'present']
 ['7' '47.963207421843165' 'present']
 ['10' '69.8719424555256' 'marauded']
 ['8' '77.40133162811927' 'present']
 ['11' '92.53506655572338' 'present']
 ['4' '102.39513503313455' 'present']
 ['2' '102.53003040202566' 'present']
 ['11' '109.71736361213803' 'present']
 ['3' '110.54789906667' 'present']
 ['0' '112.91361915926826' 'present']
 ['3' '117.42931039513678' 'present']
 ['10' '118.7031375386321' 'present']
 ['5' '122.2682510685855' 'present']
 ['1' '133.4284350839162' 'present']
 ['11' '137.32780513049465' 'present']
 ['9' '143.87273606246856' 'present']
 ['4' '147.02888206507274' 'present']
 ['4' '149.3095496376274' 'marauded']
 ['5' '152.0304402209494' 'presentdestroyed']
 ['4' '155.30999779627118' 'presentdestroyed']
 ['10' '158.44169522565215' 'marauded']
 ['2' '160.01516440560738' 'presentdestroyed']
 ['3' '161.64377470384377' 'destroyed']
 ['2' '164.14510764126607' 'presentdestroyed']
 ['1' '181.8523293493421' 'present']
 ['11' '187.4752123921953' 'present']
 ['2' '188.59539373436422' 'present']
 ['9' '202.47955609325416' 'present']
 ['1' '216.42107257097186' 'present']
 ['4' '217.4537270841366' 'present']
 ['2' '223.92203058949315' 'present']
 ['8' '225.4019024570178' 'present']
 ['11' '240.0711680465511' 'present']
 ['10' '242.41383102337352' 'present']
 ['9' '244.00453486723984' 'marauded']
 ['1' '244.2080040758759' 'presentdestroyed']
 ['1' '255.6858489501517' 'marauded']
 ['0' '257.6163904738774' 'presentdestroyed']
 ['4' '268.4654229200117' 'present']
 ['7' '271.39685495598803' 'present']
 ['7' '273.5449234739754' 'present']
 ['4' '277.9469025672512' 'marauded']
 ['3' '278.87101646235067' 'presentdestroyed']
 ['5' '283.35367727302366' 'destroyed']
 ['2' '283.7071301591663' 'destroyed']
 ['5' '297.78938642441676' 'present']
 ['3' '302.6487933360951' 'present']
 ['10' '302.7499891003218' 'present']
 ['2' '309.91718256794854' 'present']
 ['7' '327.5258068765987' 'present']
 ['10' '330.165828952889' 'present']
 ['8' '344.28050262788594' 'present']
 ['5' '348.63854696084746' 'present']]","[['F31' '73.96446452193935' 'destroyed']
 ['F37' '110.45050688296055' 'mated']
 ['F2' '139.24954823133908' 'mated']
 ['F101' '144.14233754009587' 'mated']
 ['F77' '169.8319325306329' 'mated']
 ['F6' '199.6866111984864' 'mated']
 ['F78' '208.0880482392163' 'mated']
 ['F79' '231.9146628607351' 'mated']
 ['F38' '243.37662554280354' 'mated']
 ['F12' '283.17468743462166' 'destroyed']
 ['F75' '291.7191083260606' 'mated']
 ['F82' '294.4792567183466' 'absent']
 ['F43' '296.1632274277884' 'mated']
 ['F4' '302.0416080458382' 'mated']
 ['F93' '329.48122923607696' 'absent']
 ['F81' '357.5674482338593' 'mated']]",579.0,68.43165042064896,12.978252372606324,1472.0,249.0109803280602,53.71535953315682,242.0,42.603419246306885,9.240546551176806,0.0,0.0,0.0,0.0,0.0,0.0
7,0.054,7,360.8035176544704,"[['3' '6.870232707579612' 'present']
 ['8' '14.838630590504955' 'present']
 ['1' '15.387301228801604' 'present']
 ['1' '16.850585802333384' 'present']
 ['2' '22.080809391390158' 'present']
 ['11' '24.420666198941664' 'present']
 ['5' '48.34950304582818' 'present']
 ['8' '57.30698349222431' 'marauded']
 ['9' '58.92216156486139' 'destroyed']
 ['4' '65.125417390331' 'present']
 ['0' '65.94538127353923' 'present']
 ['0' '74.19368488427673' 'present']
 ['11' '74.63345755702483' 'present']
 ['3' '76.64257926903755' 'present']
 ['9' '78.80939183796451' 'present']
 ['1' '84.56354321839316' 'marauded']
 ['10' '88.65632302772832' 'presentdestroyed']
 ['10' '91.57561284192323' 'destroyed']
 ['10' '92.94717954229796' 'marauded']
 ['5' '100.55448316000741' 'destroyed']
 ['8' '104.50785384066309' 'present']
 ['9' '107.72508379792622' 'present']
 ['10' '115.04266257597753' 'present']
 ['2' '115.71870829010922' 'present']
 ['11' '117.95673405438343' 'present']
 ['2' '128.80604882872223' 'present']
 ['9' '133.11267505315695' 'present']
 ['5' '135.9473359433453' 'present']
 ['4' '138.27730560529614' 'present']
 ['0' '138.642841143199' 'present']
 ['11' '142.90300530116647' 'present']
 ['4' '151.21124828134037' 'present']
 ['8' '154.12041581568386' 'present']
 ['3' '162.60636897723253' 'present']
 ['8' '165.5327330265642' 'present']
 ['5' '177.93372689261855' 'present']
 ['9' '191.2297271034502' 'present']
 ['2' '191.65752423603553' 'present']
 ['4' '201.4364009180044' 'present']
 ['8' '202.5367022975386' 'present']
 ['2' '204.34700235405614' 'present']
 ['2' '204.6356914717155' 'present']
 ['4' '206.11406866307962' 'present']
 ['1' '212.98362852286536' 'present']
 ['1' '241.55325071181366' 'marauded']
 ['1' '243.46992132657917' 'presentdestroyed']
 ['1' '248.87774717483487' 'destroyed']
 ['10' '256.6697087023511' 'present']
 ['8' '258.89953389779333' 'present']
 ['2' '265.9358375985412' 'present']
 ['4' '268.4191266237154' 'present']
 ['11' '284.0655518778087' 'present']
 ['10' '292.31218775377' 'present']
 ['4' '299.059069811085' 'present']
 ['9' '315.80936418998107' 'present']
 ['4' '317.7877340601745' 'present']
 ['4' '319.04959363910797' 'marauded']
 ['9' '320.19369732589644' 'presentdestroyed']
 ['2' '323.2352358579254' 'presentdestroyed']
 ['9' '337.3371855263883' 'present']
 ['4' '339.66507554546547' 'present']
 ['9' '347.0171177243769' 'marauded']]","[['F29' '54.52149858476423' 'mated']
 ['F5' '119.25655248580026' 'mated']
 ['F104' '124.79261811885874' 'mated']
 ['F100' '143.33417166357066' 'mated']
 ['F77' '169.80878438248476' 'absent']
 ['F69' '171.67143161452583' 'absent']
 ['F45' '188.0560442880073' 'mated']
 ['F6' '199.61716675404193' 'absent']
 ['F106' '216.87172497689' 'mated']
 ['F93' '329.5043773842251' 'mated']
 ['F1' '352.49318085471504' 'destroyed']]",566.0,72.07417220528488,15.003817756633108,1471.0,247.19915099756184,52.895428947459884,224.0,36.34842343253068,7.607143661603009,12.0,1.2,0.12000000000000005,70.0,3.24074074074074,0.150034293552812
8,0.054,11,360.27981499208414,"[['3' '2.7245629820377935' 'present']
 ['7' '3.279423230797366' 'present']
 ['11' '8.350789011667652' 'present']
 ['5' '35.393208751236884' 'present']
 ['3' '38.11157651864973' 'marauded']
 ['2' '38.80636156991108' 'presentdestroyed']
 ['7' '41.86976492230427' 'presentdestroyed']
 ['11' '48.74000580760669' 'present']
 ['1' '63.32832192390732' 'present']
 ['10' '65.04243422083749' 'marauded']
 ['5' '65.1469321179671' 'presentdestroyed']
 ['5' '73.43729404586777' 'present']
 ['9' '74.22199052839845' 'present']
 ['0' '79.00282959820889' 'present']
 ['0' '92.68736681719048' 'present']
 ['3' '98.0360289155089' 'present']
 ['11' '108.72055632252416' 'present']
 ['0' '109.87228923104233' 'present']
 ['0' '117.12831246970062' 'marauded']
 ['2' '121.53137316646787' 'presentdestroyed']
 ['9' '123.09638123566056' 'presentdestroyed']
 ['2' '123.1452866197391' 'presentdestroyed']
 ['2' '124.27830073169102' 'presentdestroyed']
 ['5' '124.55531615114704' 'destroyed']
 ['7' '125.77828811269647' 'present']
 ['5' '133.58503538705892' 'marauded']
 ['4' '134.3092280173558' 'presentdestroyed']
 ['7' '145.6320892280155' 'present']
 ['0' '146.18273291518477' 'marauded']
 ['9' '148.0151362518957' 'presentdestroyed']
 ['2' '151.89941026406103' 'presentdestroyed']
 ['3' '153.16892955055005' 'presentdestroyed']
 ['0' '165.32305641943384' 'present']
 ['1' '171.86062834565888' 'marauded']
 ['5' '178.3406432242517' 'presentdestroyed']
 ['2' '182.7588921972766' 'marauded']
 ['10' '185.95267558941308' 'presentdestroyed']
 ['2' '188.34299518990963' 'presentdestroyed']
 ['7' '192.8420396208195' 'marauded']
 ['3' '227.8747964917504' 'present']
 ['11' '229.8660249794978' 'present']
 ['4' '246.33200037343693' 'present']
 ['0' '247.87807315436896' 'present']
 ['2' '253.2097464127046' 'present']
 ['3' '268.7119752800768' 'marauded']
 ['11' '269.52152759932517' 'presentdestroyed']
 ['3' '269.8420818449208' 'destroyed']
 ['0' '271.5345558703289' 'destroyed']
 ['1' '272.4455273040209' 'presentdestroyed']
 ['1' '272.86653205189754' 'destroyed']
 ['11' '275.570875243613' 'presentdestroyed']
 ['1' '282.7072488079866' 'present']
 ['3' '283.94462736962544' 'present']
 ['0' '285.75116778417765' 'present']
 ['0' '293.37851038906365' 'present']
 ['0' '293.9385674220264' 'present']
 ['9' '296.22296225163745' 'marauded']
 ['1' '297.92009853026514' 'presentdestroyed']
 ['4' '299.1053661073813' 'presentdestroyed']
 ['10' '300.2388696633335' 'presentdestroyed']
 ['10' '304.0782836639836' 'present']
 ['7' '304.78881672967765' 'present']
 ['1' '321.55239310073523' 'present']
 ['3' '323.2075866667984' 'present']
 ['7' '337.31020277016864' 'present']
 ['9' '338.65741663075437' 'present']
 ['5' '340.3967707106537' 'present']
 ['10' '345.8132987047573' 'present']
 ['5' '352.2190912928077' 'present']
 ['10' '353.5848388115417' 'present']
 ['1' '353.5888965398977' 'present']
 ['10' '357.59474831158377' 'present']]","[['F15' '46.97601404655622' 'mated']
 ['F23' '53.30962042855074' 'mated']
 ['F95' '54.2743592584303' 'mated']
 ['F28' '130.95750351288592' 'mated']
 ['F17' '150.12202865493063' 'destroyed']
 ['F18' '150.2364412382918' 'destroyed']
 ['F55' '172.97039655743325' 'destroyed']
 ['F60' '177.97442260831593' 'destroyed']
 ['F71' '181.17715869294196' 'mated']
 ['F70' '205.25699327851677' 'mated']
 ['F88' '206.29614231867527' 'absent']
 ['F99' '241.26854169223265' 'mated']
 ['F49' '258.3415176573242' 'absent']
 ['F59' '259.7982951825976' 'mated']
 ['F12' '283.22098373091796' 'mated']
 ['F91' '295.3880632680102' 'absent']
 ['F21' '302.0917648670776' 'destroyed']
 ['F94' '309.2691495138831' 'mated']
 ['F73' '324.8086989285646' 'mated']]",576.0,73.5646093411307,15.175651597557227,1301.0,221.46937732306625,47.71971916810796,367.0,60.86684245542804,12.898898791837372,11.0,1.0999999999999999,0.11000000000000004,66.0,3.055555555555555,0.14146090534979422
9,0.054,15,360.43360368006466,"[['8' '5.933297228100009' 'present']
 ['1' '13.266686062171445' 'present']
 ['11' '17.598382600894684' 'present']
 ['5' '18.985800048375374' 'present']
 ['5' '20.946396275471763' 'present']
 ['5' '21.612889777284195' 'present']
 ['11' '26.043482052389884' 'present']
 ['2' '38.76006527361479' 'present']
 ['7' '41.20926724577332' 'marauded']
 ['10' '46.693483791613694' 'destroyed']
 ['1' '48.06274095215676' 'present']
 ['11' '64.45139292840084' 'marauded']
 ['11' '67.71786708145231' 'destroyed']
 ['8' '72.42238857327627' 'present']
 ['8' '79.91037352358872' 'marauded']
 ['7' '84.56312836930125' 'destroyed']
 ['8' '88.03001327306258' 'present']
 ['5' '88.47388628025503' 'present']
 ['0' '88.6583586178881' 'present']
 ['11' '92.48877025942707' 'present']
 ['0' '98.97497673601933' 'present']
 ['10' '104.22574280054151' 'present']
 ['3' '108.32830127106283' 'present']
 ['11' '108.87005144361058' 'marauded']
 ['11' '112.08837496163972' 'presentdestroyed']
 ['0' '112.86732286297196' 'presentdestroyed']
 ['2' '117.43206046659455' 'present']
 ['2' '124.0777994297903' 'present']
 ['2' '127.98307260428517' 'present']
 ['3' '135.64347150531282' 'present']
 ['11' '136.6419389420082' 'present']
 ['1' '148.1756360356373' 'marauded']
 ['1' '149.56498059250163' 'destroyed']
 ['4' '171.46167661842472' 'marauded']
 ['1' '176.478855375648' 'destroyed']
 ['2' '176.70520761846942' 'presentdestroyed']
 ['2' '178.13532342952712' 'destroyed']
 ['11' '178.57241018100973' 'presentdestroyed']
 ['3' '214.16657488858309' 'present']
 ['2' '218.8639589262975' 'present']
 ['8' '220.04635559063303' 'present']
 ['1' '229.33314244151026' 'present']
 ['10' '239.00911509518852' 'present']
 ['3' '239.11251210448205' 'present']
 ['1' '268.84773472132855' 'present']
 ['0' '273.8907859786273' 'marauded']
 ['2' '288.84191360634395' 'present']
 ['2' '291.052374572268' 'present']
 ['2' '293.71975025671577' 'present']
 ['7' '309.697802329509' 'present']
 ['3' '317.70892806017525' 'present']
 ['5' '318.9755363027969' 'present']
 ['10' '319.4006705131602' 'present']
 ['5' '321.3161489899323' 'present']
 ['1' '324.3198723120419' 'present']
 ['3' '327.6217917828417' 'present']
 ['4' '340.6141458702111' 'present']
 ['0' '343.67593526333667' 'present']
 ['3' '356.94556277683085' 'present']]","[['F51' '22.643684672196564' 'mated']
 ['F35' '39.32646472832723' 'mated']
 ['F84' '47.02872276650802' 'destroyed']
 ['F98' '61.383363529960285' 'mated']
 ['F103' '92.05344562437458' 'mated']
 ['F42' '105.04923885390129' 'mated']
 ['F89' '110.42077824066558' 'absentdestroyed']
 ['F5' '119.2334043376521' 'absent']
 ['F67' '138.22315017316163' 'mated']
 ['F65' '148.14336515836092' 'absent']
 ['F105' '158.44417485542496' 'mated']
 ['F55' '172.9935447055814' 'destroyed']
 ['F76' '185.41747757363802' 'mated']
 ['F32' '190.28626657422333' 'mated']
 ['F66' '201.78303701700438' 'mated']
 ['F88' '206.31929046682342' 'absent']
 ['F64' '215.54768908936248' 'absent']
 ['F102' '219.13379797179033' 'mated']
 ['F13' '223.06201296071927' 'mated']
 ['F3' '245.4006248748435' 'mated']
 ['F49' '258.3878139536205' 'mated']
 ['F91' '295.4112114161584' 'mated']]",562.0,71.8042305288261,14.793433051444035,1423.0,241.3163037686605,51.48784770113132,243.0,42.86567564478493,9.454376253338276,11.0,1.0999999999999999,0.11000000000000004,67.0,3.101851851851851,0.14360425240054867
10,0.054,10,360.23065679416834,"[['8' '12.513335082738305' 'present']
 ['11' '20.03095383978937' 'present']
 ['11' '20.3451592394595' 'present']
 ['9' '28.95079033299993' 'present']
 ['2' '33.19950839412924' 'marauded']
 ['0' '37.95179912284836' 'destroyed']
 ['2' '38.85265786620737' 'presentdestroyed']
 ['0' '47.78439574301724' 'present']
 ['7' '48.68378550029884' 'marauded']
 ['9' '56.49695727789087' 'present']
 ['2' '74.16529608163523' 'present']
 ['8' '76.57870073492995' 'present']
 ['1' '78.12785035890361' 'marauded']
 ['3' '83.69081388230936' 'destroyed']
 ['1' '87.34072423273702' 'present']
 ['5' '88.82320842194326' 'present']
 ['2' '100.95621578888193' 'present']
 ['4' '104.48694243017805' 'present']
 ['11' '111.50285972070807' 'present']
 ['0' '115.95736432308065' 'present']
 ['2' '117.47835676289085' 'present']
 ['2' '119.91957484835136' 'present']
 ['2' '127.93677630798886' 'present']
 ['0' '134.01068491446463' 'present']
 ['11' '138.84424019093095' 'present']
 ['7' '146.03803808424976' 'present']
 ['9' '148.06143254819202' 'marauded']
 ['4' '163.75805732269342' 'marauded']
 ['4' '171.31538032212842' 'marauded']
 ['0' '172.06251298048494' 'presentdestroyed']
 ['2' '187.68499425041858' 'marauded']
 ['5' '194.87169566827635' 'destroyed']
 ['7' '200.23444109902888' 'present']
 ['4' '210.9125034538892' 'present']
 ['5' '211.26246172676846' 'present']
 ['9' '214.72065180121817' 'present']
 ['5' '226.40791210328095' 'present']
 ['9' '235.88381737568923' 'present']
 ['5' '238.07560785917798' 'present']
 ['2' '239.16929463016945' 'present']
 ['7' '256.8589447772174' 'present']
 ['1' '258.50683636662694' 'marauded']
 ['2' '276.4798636969376' 'present']
 ['9' '282.016141751527' 'marauded']
 ['11' '283.42950669524566' 'presentdestroyed']
 ['8' '293.0122696756272' 'present']
 ['7' '304.00244423300023' 'present']
 ['1' '304.33886231881746' 'present']
 ['7' '306.11641038502995' 'present']
 ['7' '306.3017708432486' 'marauded']
 ['7' '312.3880159215678' 'presentdestroyed']
 ['4' '315.69571447755476' 'present']
 ['3' '325.98392767908217' 'present']
 ['11' '333.16400437944725' 'present']
 ['1' '355.98884970104336' 'present']
 ['0' '356.596082020951' 'present']
 ['3' '358.1560543423862' 'present']]","[['F95' '54.251211110282156' 'absentdestroyed']
 ['F19' '65.58888753702075' 'mated']
 ['F42' '105.02609070575313' 'absent']
 ['F89' '110.46707453696189' 'mated']
 ['F63' '125.1177997292088' 'mated']
 ['F90' '136.1662793109032' 'mated']
 ['F39' '146.5656319405557' 'mated']
 ['F65' '148.18966145465723' 'destroyed']
 ['F25' '161.43947839512452' 'absent']
 ['F58' '169.85803633697688' 'destroyed']
 ['F87' '180.74354979670275' 'mated']
 ['F52' '195.06958868420784' '']
 ['F56' '195.78302754141717' 'mated']
 ['F14' '196.37459231536633' 'mated']
 ['F46' '227.1509225014931' 'mated']
 ['F85' '232.6827875548501' 'mated']]",566.0,71.9360483652581,14.913454597353471,1285.0,224.05554154307595,48.85540352077446,368.0,60.8350206238002,12.840013931767812,7.0,0.7,0.07,58.0,2.6851851851851847,0.12431412894375864
11,0.054,2,359.96917982959314,"[['1' '1.0192663664924364' 'present']
 ['7' '1.1210359105526375' 'present']
 ['5' '2.9488329332540557' 'present']
 ['7' '17.49603741822968' 'present']
 ['9' '23.65328818448897' 'present']
 ['5' '23.668649417702046' 'present']
 ['2' '38.7137689773185' 'present']
 ['3' '39.12317249361913' 'marauded']
 ['4' '44.23223238471099' 'destroyed']
 ['0' '45.70322607117552' 'presentdestroyed']
 ['2' '49.33900022703201' 'marauded']
 ['5' '50.07337661945968' 'presentdestroyed']
 ['0' '74.23998118057304' 'present']
 ['4' '76.83842322583267' 'marauded']
 ['3' '77.31731702406809' 'presentdestroyed']
 ['0' '78.95653330191259' 'destroyed']
 ['1' '79.05365729306476' 'destroyed']
 ['3' '79.3461797588546' 'presentdestroyed']
 ['1' '81.2062329176916' 'presentdestroyed']
 ['4' '87.01873729056588' 'present']
 ['9' '88.95318651537676' 'present']
 ['10' '92.12377755734342' 'present']
 ['10' '92.17007385363972' 'present']
 ['5' '97.08535569667488' 'present']
 ['5' '100.5081868637111' 'present']
 ['7' '104.35763224883775' 'present']
 ['8' '109.22140434426075' 'present']
 ['3' '113.54342957175477' 'present']
 ['7' '117.08232935314003' 'present']
 ['0' '122.27487650239075' 'present']
 ['7' '124.47952166544435' 'present']
 ['9' '136.8631080489958' 'present']
 ['5' '138.62009840067964' 'present']
 ['3' '143.24874583432887' 'marauded']
 ['9' '143.91903235876487' 'presentdestroyed']
 ['1' '144.49303838074295' 'presentdestroyed']
 ['0' '146.13643661888847' 'presentdestroyed']
 ['4' '149.10694606053562' 'presentdestroyed']
 ['0' '150.3591490499341' 'presentdestroyed']
 ['3' '153.21522584684635' 'marauded']
 ['7' '153.56896720308646' 'presentdestroyed']
 ['5' '154.81395236011673' 'presentdestroyed']
 ['3' '155.0877197836274' 'presentdestroyed']
 ['1' '155.86571747698983' 'presentdestroyed']
 ['4' '179.42443142306252' 'marauded']
 ['4' '182.93768881014296' 'presentdestroyed']
 ['7' '188.4397754289987' 'present']
 ['3' '195.4818038219062' 'marauded']
 ['5' '196.45818802450205' 'presentdestroyed']
 ['1' '202.8477117282666' 'marauded']
 ['4' '205.69076004283826' 'presentdestroyed']
 ['9' '206.30388917441834' 'presentdestroyed']
 ['10' '208.59118194192152' 'presentdestroyed']
 ['0' '209.37543649473008' 'presentdestroyed']
 ['5' '227.2582689812246' 'present']
 ['8' '237.62900054424566' 'present']
 ['9' '240.04804046508443' 'marauded']
 ['7' '240.73382409427688' 'presentdestroyed']
 ['2' '243.37283736602535' 'presentdestroyed']
 ['2' '244.73239097006092' 'presentdestroyed']
 ['2' '245.68200660269127' 'presentdestroyed']
 ['1' '250.16443383043236' 'present']
 ['2' '255.21753684047462' 'marauded']
 ['4' '258.37065492161855' 'presentdestroyed']
 ['0' '261.04178794531225' 'presentdestroyed']
 ['10' '277.3094166495788' 'present']
 ['4' '283.67541248387084' 'present']
 ['2' '284.39113093666055' 'present']
 ['1' '290.5321061445236' 'present']
 ['2' '292.52069827989317' 'present']
 ['8' '293.27726182422623' 'present']
 ['10' '294.4653004400109' 'present']
 ['9' '328.40770953119295' 'present']
 ['3' '329.7406308126412' 'present']
 ['10' '331.2889061472214' 'present']
 ['1' '337.4901625619929' 'marauded']
 ['4' '348.01117620797714' 'marauded']
 ['3' '356.2258326094739' 'present']
 ['0' '358.98847129158224' 'present']]","[['F51' '22.620536524048415' 'absent']
 ['F95' '54.18176666583772' 'destroyed']
 ['F68' '130.129562315955' 'mated']
 ['F58' '169.88118448512503' 'mated']
 ['F72' '182.18420981172957' 'destroyed']
 ['F14' '196.35144416721818' 'destroyed']
 ['F6' '199.64031490219008' 'destroyed']
 ['F66' '201.73674072070807' 'absentdestroyed']
 ['F49' '258.318369509176' 'absentdestroyed']
 ['F59' '259.77514703444945' 'destroyed']]",570.0,71.88854828342689,14.798359924381867,1262.0,210.16072308445663,44.58565564631445,452.0,73.1333872950464,15.431279025569484,12.0,1.2,0.12000000000000005,80.0,3.703703703703703,0.17146776406035646
