id,probability_maraud,successful_mating,next_foraging_time,mar_attempts,mate_attempts,foraging_events,foraging_hrs,foraging_sqhrs,staying_events,staying_hrs,staying_sqhrs,repairing_events,repairing_hrs,repairing_sqhrs,marauding_events,marauding_hrs,marauding_sqhrs,traveling_events,traveling_hrs,traveling_sqhrs
0,0.0,14,359.97473094795964,"[['7' '0.97078516089189' 'present']
 ['9' '13.761519218559359' 'present']
 ['9' '20.807286077954366' 'present']
 ['3' '24.574464603631096' 'marauded']
 ['11' '24.667150392032923' 'destroyed']
 ['11' '25.655017138097083' 'presentdestroyed']
 ['11' '25.70131343439338' 'presentdestroyed']
 ['11' '30.059318968503618' 'presentdestroyed']
 ['6' '30.985779012229557' 'presentdestroyed']
 ['5' '32.779451140120266' 'present']
 ['3' '33.01084614050465' 'present']
 ['11' '33.70547757140324' 'present']
 ['3' '35.13663163442124' 'marauded']
 ['2' '36.06867865335686' 'presentdestroyed']
 ['5' '40.86319070068283' 'presentdestroyed']
 ['10' '42.392917623181376' 'present']
 ['2' '43.59923007028349' 'present']
 ['2' '57.4317029930706' 'present']
 ['5' '58.538239109693755' 'present']
 ['1' '60.767945363675615' 'present']
 ['7' '84.4191240892641' 'present']
 ['11' '85.61297198471034' 'present']
 ['1' '88.12967830366011' 'present']
 ['9' '92.39104913502617' 'present']
 ['4' '98.413686733687' 'present']
 ['8' '99.78412941088014' 'present']
 ['3' '124.80554375976705' 'marauded']
 ['11' '125.69004649185779' 'presentdestroyed']
 ['10' '143.14555819328103' 'marauded']
 ['9' '143.20078439375823' 'presentdestroyed']
 ['4' '151.49992122833584' 'present']
 ['2' '152.67068519010553' 'present']
 ['8' '152.68250471357993' 'present']
 ['4' '153.10924926822833' 'present']
 ['10' '163.4734622863273' 'present']
 ['5' '168.4374466512917' 'marauded']
 ['6' '176.49566861714715' 'present']
 ['3' '179.32261784379475' 'present']
 ['2' '179.8307911708005' 'present']
 ['8' '183.40031230338724' 'present']
 ['10' '195.25841523218764' 'present']
 ['11' '198.06323032215116' 'present']
 ['4' '198.6472194959516' 'present']
 ['8' '200.2357740882423' 'present']
 ['8' '229.39244530475702' 'present']
 ['2' '234.02102809044587' 'present']
 ['8' '238.12128594438403' 'present']
 ['11' '243.82686682667122' 'present']
 ['8' '250.47527475385488' 'marauded']
 ['10' '255.03907522246294' 'presentdestroyed']
 ['7' '268.47680075963063' 'present']
 ['6' '272.9499159391241' 'present']
 ['8' '275.9396432802482' 'marauded']
 ['10' '282.8798391328307' 'presentdestroyed']
 ['9' '284.5427469294138' 'present']
 ['5' '284.93975205231516' 'present']
 ['5' '292.1323451545947' 'present']
 ['2' '295.54400587749916' 'present']
 ['11' '296.0964705764239' 'marauded']
 ['10' '296.98791143002063' 'destroyed']
 ['10' '303.3220018696074' 'destroyed']
 ['6' '309.0727485582242' 'present']
 ['9' '312.34903325744216' 'marauded']
 ['8' '315.03441888334356' 'presentdestroyed']
 ['8' '330.79617367552174' 'present']
 ['5' '333.56679433803515' 'present']
 ['1' '345.18664494697856' 'present']
 ['7' '355.5061727528969' 'present']]","[['F91' '91.67596780446357' 'mated']
 ['F84' '99.83962198765747' 'mated']
 ['F38' '112.9918682548255' 'absent']
 ['F59' '121.06734883736536' 'mated']
 ['F75' '127.09769378103863' 'destroyed']
 ['F50' '127.67982008871786' 'destroyed']
 ['F22' '147.6881931455601' 'destroyed']
 ['F70' '158.174318777641' 'mated']
 ['F12' '163.62026000046674' 'mated']
 ['F63' '174.3657235071371' 'destroyed']
 ['F26' '184.82552343374' 'mated']
 ['F21' '191.21573224074245' 'mated']
 ['F34' '199.32015514885143' 'mated']
 ['F6' '205.76818042419305' 'mated']
 ['F31' '209.4177580489151' 'mated']
 ['F27' '227.09933378661222' 'mated']
 ['F71' '232.62484218774546' 'mated']
 ['F100' '262.51958416428107' 'mated']
 ['F41' '332.2152002785517' 'mated']]",568.0,68.20051912613079,12.94991799578516,1394.0,237.0937696996195,51.67135640785116,319.0,54.72766026569839,11.952715518540789,0.0,0.0,0.0,0.0,0.0,0.0
1,0.054,12,360.3376228954021,"[['5' '1.046210941425681' 'present']
 ['4' '3.4005095884214755' 'marauded']
 ['6' '7.422727851131602' 'presentdestroyed']
 ['11' '9.769875780924151' 'destroyed']
 ['7' '15.39356907037274' 'present']
 ['6' '18.96102540983342' 'present']
 ['6' '20.194099887413543' 'marauded']
 ['6' '22.136063401621044' 'presentdestroyed']
 ['6' '30.93948271593326' 'present']
 ['2' '37.063393340021534' 'present']
 ['10' '42.439213919477666' 'present']
 ['9' '43.6616229691755' 'present']
 ['9' '46.74070387045108' 'present']
 ['10' '62.06228872390748' 'present']
 ['2' '78.02340566730514' 'present']
 ['11' '81.27870680955373' 'present']
 ['9' '88.09270498731645' 'present']
 ['2' '89.57168209287568' 'marauded']
 ['6' '90.5359450327511' 'presentdestroyed']
 ['9' '98.01872548319886' 'marauded']
 ['8' '103.79248286312342' 'presentdestroyed']
 ['2' '107.95789874763022' 'present']
 ['8' '115.25018112403272' 'present']
 ['2' '129.85589877754697' 'present']
 ['8' '145.14488196699529' 'present']
 ['9' '150.21983280134233' 'present']
 ['5' '151.47273171167726' 'present']
 ['8' '160.4300660694982' 'marauded']
 ['4' '168.4007590448132' 'present']
 ['3' '171.4054181689194' 'marauded']
 ['9' '177.96718691857612' 'presentdestroyed']
 ['5' '178.74614650378524' 'present']
 ['8' '180.69667587611536' 'present']
 ['7' '181.87559190662603' 'present']
 ['7' '188.85432161905078' 'present']
 ['4' '196.9150142090349' 'present']
 ['4' '204.38759458845843' 'marauded']
 ['4' '213.80353066177008' 'present']
 ['10' '215.8322471629318' 'present']
 ['3' '223.86225646767454' 'present']
 ['5' '224.88291700428226' 'present']
 ['5' '229.84489661587563' 'present']
 ['11' '241.3651509859668' 'present']
 ['5' '243.92980635817932' 'present']
 ['10' '246.7598638556633' 'present']
 ['5' '258.4463908143143' 'present']
 ['6' '259.27866177534975' 'present']
 ['4' '263.195262897113' 'present']
 ['3' '267.5798076175872' 'present']
 ['11' '275.1067547079877' 'marauded']
 ['5' '286.33665827753094' 'present']
 ['9' '286.7939996873573' 'present']
 ['8' '299.92382626117785' 'marauded']
 ['9' '300.4457781348104' 'destroyed']
 ['11' '302.54143179364155' 'presentdestroyed']
 ['4' '307.0854750017615' 'destroyed']
 ['5' '308.48017730302536' 'present']
 ['8' '314.23607272135285' 'present']
 ['3' '322.81454133270756' 'present']
 ['8' '332.4255286714356' 'present']
 ['4' '333.1824365344017' 'present']
 ['9' '346.8202752889605' 'present']
 ['5' '349.30367040749184' 'present']
 ['7' '350.79719795433647' 'present']
 ['10' '351.07447533064607' 'present']
 ['2' '355.67543252293575' 'present']
 ['10' '356.156093123418' 'present']
 ['4' '359.19819427073026' 'present']]","[['F65' '56.90167338228473' 'mated']
 ['F57' '104.97693324521832' 'destroyed']
 ['F48' '126.77536267986002' 'absent']
 ['F48' '126.86795527245263' 'mated']
 ['F75' '127.07454563289048' 'absent']
 ['F75' '139.12084192918678' 'mated']
 ['F22' '147.71134129370824' 'mated']
 ['F23' '148.06592619441568' 'absent']
 ['F74' '178.26943111597544' 'destroyed']
 ['F67' '186.0483887742193' 'mated']
 ['F61' '187.6746329495639' 'mated']
 ['F66' '198.12646685905452' 'absent']
 ['F44' '198.6477426178602' 'mated']
 ['F81' '199.97493068624252' 'absent']
 ['F18' '215.0297008713069' 'mated']
 ['F62' '218.6305237493328' 'mated']
 ['F104' '230.4923416130231' 'mated']
 ['F46' '249.19857839236533' 'mated']
 ['F2' '276.97266291766476' 'destroyed']
 ['F4' '294.07691971834623' 'mated']]",572.0,68.08905037689262,13.346130603218212,1399.0,231.75359572001233,48.784699916594114,345.0,55.053451062772375,11.057308592498497,14.0,1.4000000000000001,0.14000000000000007,81.0,3.749999999999999,0.1736111111111109
2,0.054,12,360.08271530931455,"[['8' '6.204830865926806' 'present']
 ['3' '6.566111726682991' 'present']
 ['9' '9.941292690151805' 'present']
 ['9' '18.085314372736644' 'present']
 ['9' '48.21430680140962' 'present']
 ['3' '61.6688647153859' 'present']
 ['4' '62.452116355445305' 'present']
 ['3' '66.99725071008471' 'present']
 ['9' '67.2429531009693' 'marauded']
 ['5' '72.6511128497072' 'presentdestroyed']
 ['11' '80.358996812087' 'present']
 ['11' '85.95011728351787' 'present']
 ['5' '90.85065836094223' 'present']
 ['1' '97.95225489142778' 'marauded']
 ['3' '101.71931144992232' 'presentdestroyed']
 ['11' '111.7135309918458' 'present']
 ['4' '112.97380479402842' 'present']
 ['7' '122.55707501358219' 'present']
 ['5' '125.56131169176517' 'present']
 ['10' '131.60932041912872' 'present']
 ['1' '145.75159499839629' 'present']
 ['3' '155.5051343080478' 'present']
 ['10' '155.79989575731827' 'present']
 ['8' '156.51930759708065' 'present']
 ['11' '165.679506881825' 'marauded']
 ['7' '167.80422345282918' 'presentdestroyed']
 ['8' '174.07119627531847' 'present']
 ['3' '180.23739240147134' 'present']
 ['11' '181.0153710273629' 'present']
 ['9' '184.38503087561642' 'present']
 ['5' '191.62100088829362' 'present']
 ['6' '193.63961836883152' 'present']
 ['11' '194.44040500932707' 'present']
 ['7' '201.27959874951802' 'present']
 ['3' '214.8898767718063' 'present']
 ['5' '228.03040565493757' 'present']
 ['4' '234.77981645674785' 'marauded']
 ['5' '235.97754160299806' 'presentdestroyed']
 ['4' '237.30983520801624' 'presentdestroyed']
 ['3' '238.1501351655549' 'presentdestroyed']
 ['10' '244.24401245728757' 'present']
 ['8' '246.2549881370706' 'marauded']
 ['6' '290.6834341191115' 'present']
 ['5' '295.7669341521999' 'present']
 ['5' '296.44944516548765' 'present']
 ['1' '299.60444460787585' 'present']
 ['4' '315.2941925180795' 'marauded']
 ['11' '316.7977437458209' 'presentdestroyed']
 ['11' '325.34259610550924' 'present']
 ['1' '325.7861792765533' 'present']
 ['8' '326.7265451168369' 'present']
 ['7' '333.3443429533387' 'present']
 ['1' '336.3749268469187' 'present']
 ['9' '345.6192067408686' 'present']
 ['1' '350.13751559793565' 'present']]","[['F98' '72.66520838149474' 'destroyed']
 ['F97' '80.06748917150183' 'mated']
 ['F102' '114.78353513555867' 'mated']
 ['F93' '120.62256640421296' 'mated']
 ['F37' '124.72968313217885' 'mated']
 ['F48' '126.84480712430448' 'absent']
 ['F30' '128.3097694568359' 'mated']
 ['F11' '174.45400799871' 'mated']
 ['F66' '198.14961500720267' 'mated']
 ['F44' '198.60144632156388' 'absent']
 ['F83' '208.21251864184836' 'mated']
 ['F73' '214.08281674573234' 'mated']
 ['F107' '215.04355990934843' 'mated']
 ['F16' '220.7100657260749' 'mated']
 ['F32' '244.26499418559644' 'mated']
 ['F46' '249.17543024421718' 'destroyed']
 ['F43' '250.35770197038147' 'destroyed']]",559.0,70.30711079860434,14.714795989905447,1498.0,247.93040792508413,51.975183372974044,212.0,36.62758867947653,7.968269954622973,14.0,1.4000000000000001,0.14000000000000007,82.0,3.7962962962962954,0.17575445816186536
3,0.054,8,360.3276727793919,"[['1' '20.03551775392665' 'present']
 ['5' '26.62352966309239' 'present']
 ['7' '29.93447980022688' 'present']
 ['5' '32.825747436416556' 'present']
 ['2' '37.53523278338065' 'present']
 ['5' '42.775437570585275' 'marauded']
 ['1' '49.12616715423098' 'presentdestroyed']
 ['7' '50.42609257508365' 'presentdestroyed']
 ['9' '57.34265940826779' 'present']
 ['4' '66.5601493717258' 'present']
 ['10' '89.27601920897004' 'present']
 ['8' '89.65261665380348' 'marauded']
 ['1' '107.4968789288586' 'present']
 ['11' '112.5414823075558' 'present']
 ['4' '112.60416552581043' 'present']
 ['4' '113.75174700099589' 'present']
 ['8' '114.01547400277065' 'marauded']
 ['6' '125.4171268146928' 'marauded']
 ['9' '132.79398028374513' 'presentdestroyed']
 ['4' '135.9387100156897' 'present']
 ['5' '136.654181826031' 'present']
 ['7' '138.7299990808665' 'present']
 ['9' '140.3082372153078' 'present']
 ['2' '142.8768113019381' 'present']
 ['6' '144.00002153610873' 'present']
 ['9' '147.21508259003335' 'present']
 ['8' '152.2258954047362' 'present']
 ['2' '154.1258082676706' 'present']
 ['9' '162.4412405747521' 'marauded']
 ['7' '169.52737695494605' 'presentdestroyed']
 ['6' '181.3985857159672' 'present']
 ['9' '185.92853516562442' 'marauded']
 ['8' '193.08423529056847' 'presentdestroyed']
 ['2' '203.9142867406529' 'present']
 ['7' '204.28996321701143' 'present']
 ['2' '225.18387832225372' 'present']
 ['11' '229.2122325738256' 'present']
 ['1' '238.0611024303171' 'present']
 ['1' '240.83964441828553' 'present']
 ['8' '249.74686181254708' 'present']
 ['6' '249.8613333449876' 'present']
 ['7' '267.4519654289328' 'present']
 ['11' '269.2882230293355' 'present']
 ['5' '274.13237291038007' 'present']
 ['2' '281.6113077863352' 'marauded']
 ['2' '283.18854062557625' 'presentdestroyed']
 ['5' '284.98604834861146' 'presentdestroyed']
 ['10' '285.3199304925228' 'presentdestroyed']
 ['10' '287.13572380652505' 'presentdestroyed']
 ['2' '292.837921933306' 'marauded']
 ['9' '296.1800261200008' 'presentdestroyed']
 ['10' '303.97238208530985' 'present']
 ['8' '304.70432239115036' 'present']
 ['8' '327.43514737330213' 'marauded']
 ['8' '328.62406486045097' 'presentdestroyed']
 ['5' '331.2624519041547' 'presentdestroyed']
 ['10' '332.469740303194' 'destroyed']
 ['9' '334.941654148302' 'presentdestroyed']
 ['10' '336.9585805272238' 'marauded']
 ['2' '339.3876018953365' 'presentdestroyed']
 ['4' '347.07803445248624' 'marauded']
 ['9' '347.45050081884' 'presentdestroyed']
 ['7' '348.1064831465972' 'presentdestroyed']
 ['10' '348.48604196215354' 'presentdestroyed']
 ['1' '359.57265292712106' 'present']]","[['F10' '38.44811381684708' 'mated']
 ['F68' '79.7265774992051' 'mated']
 ['F57' '105.00008139336647' 'absent']
 ['F102' '114.76038698741051' 'destroyed']
 ['F59' '121.0442006892172' 'absentdestroyed']
 ['F79' '123.61954559030043' 'mated']
 ['F75' '127.02824933659417' 'destroyed']
 ['F50' '127.65667194056971' 'destroyed']
 ['F23' '148.04277804626753' 'absent']
 ['F72' '156.74272458022017' 'mated']
 ['F7' '173.55717766002013' 'mated']
 ['F11' '174.4077117024137' 'absent']
 ['F105' '219.27791568810994' 'mated']
 ['F69' '238.6112633714497' 'mated']
 ['F78' '254.81871383855463' 'mated']]",562.0,70.76994893228492,13.939140253163812,1296.0,218.2905558885058,46.24883374137205,404.0,67.49293825421721,14.248214059434348,9.0,0.8999999999999999,0.09000000000000002,57.0,2.6388888888888884,0.12217078189300418
4,0.054,4,359.97955743944664,"[['8' '4.9748117634862945' 'present']
 ['6' '6.276185894331269' 'present']
 ['8' '8.177471933789624' 'present']
 ['10' '10.982525545162853' 'marauded']
 ['10' '11.444010564924678' 'presentdestroyed']
 ['5' '37.88697600915019' 'present']
 ['9' '41.27233310966938' 'marauded']
 ['5' '42.92173386688157' 'destroyed']
 ['10' '51.253561043036164' 'present']
 ['3' '55.000213630191965' 'present']
 ['11' '60.45267870444042' 'present']
 ['9' '60.530655295910094' 'present']
 ['8' '62.00015761523105' 'present']
 ['6' '62.57414496401872' 'present']
 ['8' '65.46759938941891' 'present']
 ['1' '67.31566012096793' 'present']
 ['11' '71.29199614577333' 'present']
 ['1' '74.38411645192106' 'present']
 ['3' '75.02317894214994' 'present']
 ['2' '77.8772824672845' 'present']
 ['5' '81.02245405713677' 'marauded']
 ['3' '85.42472219451784' 'presentdestroyed']
 ['9' '92.11048298793838' 'present']
 ['6' '94.9445128117504' 'present']
 ['7' '101.4319467802805' 'present']
 ['11' '107.7738935495904' 'present']
 ['1' '112.37318189498312' 'present']
 ['10' '131.65561671542503' 'present']
 ['7' '137.06561785127693' 'present']
 ['6' '143.93160490483857' 'present']
 ['1' '144.05690291822395' 'marauded']
 ['2' '153.1032295840305' 'marauded']
 ['1' '160.1567536871112' 'destroyed']
 ['8' '172.98215795772373' 'present']
 ['10' '174.18347242624495' 'present']
 ['9' '180.19642128357833' 'present']
 ['9' '180.92142594204455' 'present']
 ['2' '181.41703018509892' 'marauded']
 ['7' '185.6883890806132' 'presentdestroyed']
 ['5' '186.54222190773868' 'presentdestroyed']
 ['9' '191.27240809526273' 'present']
 ['5' '192.1419179947536' 'present']
 ['1' '197.499615227992' 'present']
 ['2' '211.41048439091472' 'present']
 ['1' '217.23564414199143' 'marauded']
 ['6' '219.34552133395934' 'destroyed']
 ['5' '223.09456753129172' 'presentdestroyed']
 ['5' '232.89902005860824' 'present']
 ['5' '236.02404146585172' 'present']
 ['9' '240.35038735309539' 'present']
 ['1' '243.4010913490389' 'marauded']
 ['11' '244.31971933336774' 'presentdestroyed']
 ['9' '244.46402368838912' 'presentdestroyed']
 ['10' '253.34685045441083' 'present']
 ['1' '253.50335431355577' 'present']
 ['1' '259.1120093699991' 'present']
 ['5' '259.7114656506449' 'present']
 ['11' '263.53092310354566' 'marauded']
 ['7' '279.22439101815513' 'present']
 ['6' '281.71545020822873' 'marauded']
 ['10' '285.2736341962265' 'presentdestroyed']
 ['9' '290.57054145478384' 'present']
 ['9' '295.43287820087295' 'present']
 ['7' '299.0600077788446' 'marauded']
 ['5' '312.5581255601358' 'present']
 ['5' '316.64695415580695' 'present']
 ['9' '331.00741979889943' 'present']
 ['8' '332.0871485803234' 'present']
 ['8' '333.1741752290273' 'marauded']
 ['2' '340.707796892923' 'destroyed']
 ['6' '348.1761505654635' 'present']
 ['8' '349.1689437169381' 'present']
 ['8' '352.5712007516529' 'present']]","[['F56' '72.9508932649422' 'mated']
 ['F38' '113.01501640297366' 'absent']
 ['F103' '153.43013790664102' 'destroyed']
 ['F74' '178.2925792641236' 'mated']
 ['F44' '198.57829817341573' 'absent']
 ['F77' '200.90386662472756' 'mated']
 ['F86' '258.60602681773906' 'absent']
 ['F3' '273.88212569299816' 'mated']
 ['F13' '288.8142369332814' 'destroyed']]",558.0,72.67593676374875,15.278249246307267,1213.0,209.34138123732376,45.54178757322629,440.0,73.79297149131992,15.446816043576021,12.0,1.2,0.12000000000000005,65.0,3.0092592592592586,0.13931755829903977
5,0.054,10,359.95051688796246,"[['3' '0.07572005715105007' 'present']
 ['9' '1.0245201837496258' 'marauded']
 ['6' '4.799249402069235' 'presentdestroyed']
 ['11' '6.1512051489779305' 'presentdestroyed']
 ['9' '9.245890649778438' 'marauded']
 ['10' '14.118445529092666' 'presentdestroyed']
 ['3' '19.81379018296656' 'present']
 ['2' '22.91649924725149' 'present']
 ['9' '24.694863379399468' 'present']
 ['7' '27.86857677539811' 'present']
 ['10' '29.251127089692705' 'present']
 ['10' '49.58636752352291' 'marauded']
 ['7' '54.02343553492742' 'destroyed']
 ['6' '60.446989198440974' 'marauded']
 ['7' '61.73947906433371' 'presentdestroyed']
 ['2' '61.83162263563025' 'presentdestroyed']
 ['4' '91.47567900295405' 'present']
 ['4' '100.98599067097676' 'marauded']
 ['4' '103.61836749939658' 'presentdestroyed']
 ['11' '133.48661067765627' 'present']
 ['4' '142.65652786400943' 'present']
 ['1' '148.5600017795791' 'present']
 ['8' '151.45919713256956' 'marauded']
 ['7' '161.1823486607893' 'present']
 ['9' '161.6178991848289' 'present']
 ['6' '176.44937232085084' 'present']
 ['10' '178.1873514432129' 'present']
 ['1' '185.1815127163931' 'present']
 ['1' '192.5255039485049' 'present']
 ['3' '195.71900249130246' 'present']
 ['8' '196.8897110187558' 'present']
 ['1' '197.6922078205846' 'present']
 ['8' '198.63295385837412' 'marauded']
 ['4' '205.36762476362864' 'presentdestroyed']
 ['2' '208.76479359857308' 'marauded']
 ['6' '209.02134554541277' 'presentdestroyed']
 ['6' '211.8024054118926' 'presentdestroyed']
 ['4' '235.61852362714566' 'present']
 ['9' '240.3966836493917' 'present']
 ['3' '249.01260236451736' 'present']
 ['9' '256.27335322291805' 'present']
 ['3' '259.8814959830846' 'present']
 ['2' '264.36782629731437' 'present']
 ['10' '266.75811725531236' 'present']
 ['6' '267.3266685714919' 'present']
 ['9' '269.0996100208637' 'present']
 ['4' '275.712077245806' 'marauded']
 ['10' '280.18898652604656' 'presentdestroyed']
 ['6' '290.4413139675937' 'present']
 ['1' '290.541117466401' 'present']
 ['1' '292.9538987529408' 'present']
 ['2' '295.7332846482036' 'present']
 ['8' '299.69903695039994' 'present']
 ['10' '299.8857866916785' 'present']
 ['7' '325.15385807521903' 'present']
 ['10' '328.5468574197847' 'present']
 ['3' '335.9566731550382' 'present']
 ['9' '336.2064124733969' 'present']
 ['1' '344.1415274865478' 'present']
 ['2' '356.1407463999738' 'present']
 ['1' '358.1311940360269' 'present']
 ['9' '359.95901031787116' 'present']]","[['F76' '27.07416885673987' 'mated']
 ['F57' '105.04637768966278' 'destroyed']
 ['F38' '113.03816455112181' 'absent']
 ['F33' '114.53708795399649' 'mated']
 ['F40' '118.77990629428538' 'mated']
 ['F39' '125.94121632106746' 'mated']
 ['F51' '126.72909079184714' 'mated']
 ['F50' '127.70296823686601' 'mated']
 ['F26' '184.80237528559184' 'absent']
 ['F9' '214.85746601523692' 'destroyed']
 ['F20' '222.86808046431145' 'mated']
 ['F5' '231.90377112939086' 'mated']
 ['F89' '240.1969575618669' 'mated']
 ['F2' '276.9958110658129' 'destroyed']
 ['F90' '346.08925359797837' 'mated']]",562.0,70.41785885060447,14.595215738200244,1365.0,229.53129365043193,48.79742452561755,317.0,55.22226327136564,11.965877626571576,7.0,0.7,0.07,90.0,4.166666666666667,0.19290123456790093
6,0.054,9,360.21890685129154,"[['2' '5.116029196194737' 'present']
 ['2' '7.958122612320152' 'marauded']
 ['11' '8.77544737387326' 'presentdestroyed']
 ['5' '22.43851428014216' 'present']
 ['7' '29.888183503930584' 'present']
 ['2' '34.6021757693238' 'marauded']
 ['2' '35.232326158431846' 'presentdestroyed']
 ['7' '46.82155043227445' 'present']
 ['7' '48.74129448783692' 'present']
 ['7' '49.35392283446399' 'marauded']
 ['10' '52.80598283040608' 'destroyed']
 ['11' '58.53217277999726' 'present']
 ['11' '60.40638240814413' 'present']
 ['10' '62.10858502020377' 'present']
 ['11' '62.221690362810406' 'present']
 ['8' '63.4626505634413' 'present']
 ['9' '64.05782524344185' 'present']
 ['8' '80.60918271383055' 'present']
 ['1' '82.15058342412914' 'marauded']
 ['5' '82.43313070866847' 'presentdestroyed']
 ['8' '88.89860161472761' 'presentdestroyed']
 ['9' '94.3739228033511' 'present']
 ['8' '99.83042570717645' 'marauded']
 ['1' '107.03140796097787' 'present']
 ['4' '109.0946423181865' 'present']
 ['5' '118.33523329271155' 'marauded']
 ['1' '123.56878014046144' 'presentdestroyed']
 ['11' '125.03012827568584' 'present']
 ['7' '129.516186660633' 'present']
 ['1' '134.11501837430336' 'present']
 ['9' '143.15448809746192' 'present']
 ['10' '145.9306040075204' 'marauded']
 ['8' '147.18844613952086' 'presentdestroyed']
 ['2' '159.446058789351' 'present']
 ['11' '167.80833707377377' 'marauded']
 ['10' '173.43358654407075' 'presentdestroyed']
 ['9' '176.12392904461908' 'present']
 ['11' '184.19451245645993' 'present']
 ['2' '184.57647759231997' 'present']
 ['2' '185.38146760048272' 'present']
 ['1' '188.79563564758487' 'present']
 ['11' '189.9473167019751' 'present']
 ['10' '190.2737355535407' 'present']
 ['1' '192.8848747092518' 'present']
 ['11' '194.75659126564597' 'present']
 ['1' '197.5459115242883' 'marauded']
 ['9' '200.99333055808222' 'presentdestroyed']
 ['9' '218.06729265554623' 'present']
 ['10' '221.08363388731667' 'marauded']
 ['8' '229.70009873248534' 'marauded']
 ['10' '236.9629847529079' 'presentdestroyed']
 ['1' '238.39707125761086' 'marauded']
 ['11' '254.70529648941647' 'present']
 ['2' '255.49256443932813' 'present']
 ['10' '257.230665196533' 'present']
 ['4' '258.4194739329946' 'present']
 ['5' '269.3483439246482' 'present']
 ['8' '275.2287989167962' 'present']
 ['4' '291.605830485392' 'marauded']
 ['5' '294.1941893104761' 'presentdestroyed']
 ['9' '304.9935189643629' 'present']
 ['5' '306.629658091146' 'present']
 ['9' '306.9681409269684' 'present']
 ['9' '307.84115979970176' 'present']
 ['7' '309.29379315791346' 'present']
 ['3' '310.66895117591025' 'present']
 ['1' '316.3465433215901' 'present']
 ['9' '316.95300434022295' 'present']
 ['10' '317.36797669353837' 'present']
 ['7' '321.1972293307394' 'marauded']
 ['3' '322.57764809641907' 'presentdestroyed']
 ['10' '322.8497886317' 'presentdestroyed']
 ['8' '325.5821197366433' 'destroyed']
 ['5' '334.21486258255817' 'present']
 ['9' '335.235761931746' 'present']
 ['10' '336.15789294334996' 'present']
 ['5' '337.7265492614496' 'present']
 ['5' '339.59068877961596' 'present']
 ['5' '342.7992507171159' 'present']
 ['4' '345.1330470382817' 'present']
 ['11' '346.0394116103867' 'present']
 ['1' '349.40260911226306' 'present']
 ['8' '357.4178785464857' 'marauded']
 ['8' '358.2636612149288' 'presentdestroyed']]","[['F10' '38.42496566869894' 'absentdestroyed']
 ['F98' '72.68835652964289' 'mated']
 ['F101' '95.41731895651046' 'mated']
 ['F84' '99.81647383950931' 'absent']
 ['F102' '114.73723883926236' 'absent']
 ['F57' '117.09267398595908' 'mated']
 ['F48' '126.79851082800818' 'absent']
 ['F14' '144.17283654771157' 'mated']
 ['F29' '160.26184649571337' 'mated']
 ['F11' '174.43085985056186' 'destroyed']
 ['F66' '198.10331871090636' 'destroyed']
 ['F99' '260.10876793513097' 'mated']
 ['F2' '277.01895921396107' 'mated']
 ['F13' '288.8605332295777' 'mated']
 ['F4' '294.0537715701981' 'destroyed']
 ['F0' '319.9742297756155' 'mated']]",561.0,69.77228217180627,14.043006315590164,1162.0,198.93420891479985,42.67697343054979,525.0,87.87083265000774,18.957000270610823,7.0,0.7,0.07,62.0,2.87037037037037,0.13288751714677643
7,0.054,6,359.9448237238355,"[['10' '1.5485161025791185' 'marauded']
 ['2' '2.2941066958851315' 'destroyed']
 ['4' '5.438789200207766' 'presentdestroyed']
 ['3' '12.60264188161327' 'present']
 ['9' '15.910590655761435' 'present']
 ['9' '20.76098978165807' 'present']
 ['2' '24.490623202364272' 'present']
 ['2' '27.945725594879942' 'present']
 ['9' '49.49362001809886' 'present']
 ['11' '63.60135043943093' 'marauded']
 ['5' '71.55558933466033' 'present']
 ['1' '72.38198847037965' 'present']
 ['1' '72.91005528637491' 'marauded']
 ['10' '75.55711418771315' 'destroyed']
 ['1' '76.14885947921856' 'presentdestroyed']
 ['11' '76.34696351186575' 'presentdestroyed']
 ['2' '77.14338550286044' 'destroyed']
 ['1' '85.67243333983265' 'present']
 ['10' '85.84088718684463' 'present']
 ['5' '88.59145619262141' 'present']
 ['9' '90.56149902508736' 'marauded']
 ['11' '99.75639051278444' 'present']
 ['3' '103.45044528960635' 'marauded']
 ['9' '104.82143239288763' 'presentdestroyed']
 ['4' '108.64088160972462' 'presentdestroyed']
 ['8' '111.96628346974636' 'present']
 ['6' '113.09811808632348' 'present']
 ['3' '122.70017019473137' 'present']
 ['5' '128.59914049447818' 'present']
 ['4' '129.75083642543342' 'present']
 ['4' '133.4286763802712' 'present']
 ['2' '140.16469029934194' 'present']
 ['3' '142.2552221148364' 'present']
 ['8' '143.55679344948152' 'marauded']
 ['2' '146.82987056675995' 'destroyed']
 ['3' '153.42359889215209' 'marauded']
 ['8' '158.94080235332646' 'destroyed']
 ['5' '165.99971755015287' 'present']
 ['11' '169.9911100297399' 'marauded']
 ['11' '170.67549830443855' 'presentdestroyed']
 ['3' '171.3591218726231' 'presentdestroyed']
 ['4' '175.53823803663252' 'presentdestroyed']
 ['8' '177.84556278594084' 'presentdestroyed']
 ['11' '178.93326288994473' 'present']
 ['6' '191.0596780617392' 'present']
 ['2' '193.0520337058097' 'present']
 ['3' '201.95544797968824' 'present']
 ['4' '202.4376432440176' 'present']
 ['11' '205.05954801958296' 'present']
 ['5' '206.53122752740467' 'marauded']
 ['8' '206.7692462227284' 'presentdestroyed']
 ['5' '219.15885750192703' 'present']
 ['3' '225.76585045159837' 'present']
 ['3' '225.81214674789467' 'present']
 ['6' '229.71026549596516' 'present']
 ['9' '255.28980449510527' 'marauded']
 ['2' '260.67934401167514' 'presentdestroyed']
 ['11' '262.69403571305264' 'destroyed']
 ['11' '269.7838412869266' 'present']
 ['1' '271.2691009603276' 'present']
 ['5' '273.3639043611709' 'present']
 ['6' '273.49328983317366' 'present']
 ['6' '291.1908699316357' 'marauded']
 ['5' '294.2404856067724' 'presentdestroyed']
 ['2' '297.7191860861802' 'presentdestroyed']
 ['1' '299.00824261517613' 'present']
 ['8' '299.2568276240314' 'marauded']
 ['9' '300.4920744311067' 'presentdestroyed']
 ['2' '303.71892968802115' 'presentdestroyed']
 ['11' '304.080020148172' 'presentdestroyed']
 ['8' '306.6469574168845' 'present']
 ['3' '323.0928377439578' 'present']
 ['5' '323.89777802501015' 'present']
 ['5' '332.2832207914951' 'present']
 ['4' '332.8273801001978' 'present']
 ['2' '340.109942781673' 'present']
 ['11' '342.51610023942123' 'present']
 ['10' '342.7973618474822' 'present']
 ['10' '355.1925890907844' 'present']]","[['F42' '14.704742988617308' 'mated']
 ['F82' '32.74818796625788' 'absent']
 ['F55' '138.06093776021436' 'mated']
 ['F103' '153.40698975849287' 'absent']
 ['F49' '161.9812199053649' 'mated']
 ['F44' '198.62459446971204' 'absent']
 ['F15' '243.47314787505695' 'mated']
 ['F43' '250.38085011852962' 'mated']
 ['F25' '283.19784088959454' 'mated']]",561.0,74.18007988611036,16.32351008048736,1204.0,208.46288484928021,45.90380775500719,439.0,73.57636916861343,15.557677019193571,8.0,0.7999999999999999,0.08000000000000002,66.0,3.055555555555555,0.14146090534979422
8,0.054,5,360.4211929558028,"[['10' '5.2434089036986355' 'present']
 ['2' '15.95176749858037' 'marauded']
 ['5' '19.70887781494868' 'presentdestroyed']
 ['9' '20.39387343217327' 'presentdestroyed']
 ['6' '22.28644464651704' 'presentdestroyed']
 ['3' '23.087695545102324' 'presentdestroyed']
 ['11' '24.390651752235772' 'present']
 ['5' '30.456565429540838' 'present']
 ['4' '33.54014305291566' 'present']
 ['7' '35.268411208387406' 'present']
 ['3' '36.269647904172636' 'present']
 ['10' '42.13254026219329' 'marauded']
 ['2' '50.50477446181414' 'marauded']
 ['1' '57.94906501102699' 'destroyed']
 ['9' '59.091691654269034' 'present']
 ['4' '59.28971516372016' 'present']
 ['11' '66.61214977133614' 'marauded']
 ['7' '71.35916485532992' 'presentdestroyed']
 ['10' '77.60116306814366' 'present']
 ['2' '80.89622132013726' 'present']
 ['6' '80.9079997520286' 'present']
 ['3' '82.50962608826471' 'present']
 ['11' '84.6659625058529' 'present']
 ['11' '84.91345139480183' 'present']
 ['2' '90.38816310117765' 'marauded']
 ['10' '93.79098194069142' 'destroyed']
 ['11' '125.64375019556148' 'present']
 ['4' '125.88539358487989' 'marauded']
 ['10' '131.56302412283242' 'presentdestroyed']
 ['4' '132.70533936116624' 'presentdestroyed']
 ['1' '134.16131467059967' 'present']
 ['7' '136.95774680547962' 'present']
 ['10' '138.7369141839782' 'present']
 ['11' '144.2454585259522' 'present']
 ['9' '160.5855130710566' 'marauded']
 ['10' '176.35879482292827' 'present']
 ['5' '179.78256150624458' 'present']
 ['6' '184.61593758954984' 'present']
 ['2' '185.18833934358156' 'present']
 ['6' '187.55004608000831' 'present']
 ['7' '193.21195714404294' 'present']
 ['7' '201.00850597084477' 'present']
 ['9' '204.16693057073363' 'present']
 ['3' '209.73424174755675' 'marauded']
 ['3' '213.17933615308922' 'presentdestroyed']
 ['4' '217.2328136941761' 'presentdestroyed']
 ['3' '217.6167159831451' 'present']
 ['9' '220.8011190516799' 'present']
 ['3' '229.1019314878319' 'present']
 ['6' '229.5606946003971' 'present']
 ['2' '229.85633616413597' 'marauded']
 ['3' '231.81081379719737' 'presentdestroyed']
 ['3' '231.85711009349367' 'presentdestroyed']
 ['10' '237.82370419403594' 'present']
 ['3' '239.71637349751873' 'present']
 ['9' '242.53522108957475' 'present']
 ['7' '246.0999862843602' 'present']
 ['5' '259.33035414137504' 'marauded']
 ['1' '261.5892151922248' 'presentdestroyed']
 ['1' '272.8466117286109' 'present']
 ['3' '276.05840070407373' 'marauded']
 ['2' '279.84601625995316' 'presentdestroyed']
 ['10' '280.68026898615295' 'presentdestroyed']
 ['9' '281.06798613899304' 'presentdestroyed']
 ['9' '287.6432218034247' 'marauded']
 ['10' '290.9017854472561' 'presentdestroyed']
 ['4' '321.53892503760113' 'present']
 ['11' '321.9718149538407' 'present']
 ['4' '324.1576465183017' 'present']
 ['9' '334.273796158479' 'present']
 ['7' '335.77466542322526' 'marauded']
 ['10' '337.5900148344751' 'destroyed']
 ['9' '347.87752506604744' 'present']
 ['1' '351.3279811335213' 'present']
 ['5' '359.88941781647173' 'present']]","[['F96' '41.380904061274165' 'mated']
 ['F38' '113.06131269926996' 'mated']
 ['F19' '115.77341927143566' 'absent']
 ['F23' '148.08907434256383' 'mated']
 ['F28' '175.53113586196187' 'absent']
 ['F24' '272.2528533549259' 'mated']
 ['F60' '300.4808093963673' 'mated']]",556.0,72.8137883664338,15.109870343501358,1191.0,201.7035451975347,43.26081449587742,500.0,79.50248079434579,16.387959855740807,21.0,2.1000000000000005,0.21000000000000013,87.0,4.027777777777777,0.1864711934156376
9,0.054,8,360.07167010614654,"[['10' '3.3119195684146927' 'present']
 ['6' '3.9731933890898117' 'present']
 ['6' '4.019489685386108' 'present']
 ['4' '20.56063716405109' 'present']
 ['5' '26.90237737304269' 'present']
 ['11' '33.058472905450024' 'marauded']
 ['7' '36.759704456585325' 'presentdestroyed']
 ['8' '39.07017659951554' 'presentdestroyed']
 ['2' '46.82321295288624' 'present']
 ['5' '49.08774664453187' 'present']
 ['8' '49.57672318193081' 'present']
 ['7' '54.336801745798624' 'present']
 ['11' '67.33538256802173' 'marauded']
 ['8' '73.77995001582185' 'presentdestroyed']
 ['5' '73.9780335523232' 'presentdestroyed']
 ['10' '79.24084626543689' 'marauded']
 ['4' '79.44032436008013' 'presentdestroyed']
 ['6' '79.67297117060785' 'destroyed']
 ['8' '83.38756202337018' 'presentdestroyed']
 ['1' '86.29781410306514' 'present']
 ['4' '89.82855846963169' 'present']
 ['11' '108.86608706243676' 'marauded']
 ['11' '114.66184291775359' 'presentdestroyed']
 ['11' '124.18163283371393' 'marauded']
 ['1' '124.7804824675741' 'presentdestroyed']
 ['7' '128.00219726440437' 'presentdestroyed']
 ['4' '128.24602187408976' 'destroyed']
 ['10' '139.52888250533354' 'present']
 ['5' '147.75740923851924' 'present']
 ['11' '153.25090302320572' 'marauded']
 ['6' '160.758655746478' 'present']
 ['2' '163.21066386452893' 'marauded']
 ['4' '168.13688746239026' 'presentdestroyed']
 ['10' '170.8146653942536' 'destroyed']
 ['3' '177.09057358826266' 'present']
 ['11' '190.60072578400636' 'present']
 ['2' '208.56280237729058' 'present']
 ['4' '209.959623602986' 'marauded']
 ['10' '212.96589974500367' 'presentdestroyed']
 ['2' '215.32651219629065' 'presentdestroyed']
 ['1' '219.99776481540965' 'present']
 ['1' '225.6594724546378' 'present']
 ['7' '228.76288431827302' 'marauded']
 ['5' '234.2508102618396' 'presentdestroyed']
 ['10' '248.82648948476154' 'present']
 ['6' '257.3518697806557' 'present']
 ['10' '260.66150023650226' 'present']
 ['11' '261.2724864388047' 'marauded']
 ['10' '261.9279222420501' 'presentdestroyed']
 ['8' '267.25383941094805' 'destroyed']
 ['5' '269.3946402209445' 'marauded']
 ['4' '279.6360483230769' 'present']
 ['2' '286.2555961862441' 'present']
 ['6' '289.31488748622183' 'present']
 ['11' '293.08506319510724' 'present']
 ['2' '302.33641971882423' 'present']
 ['5' '313.789312643189' 'present']
 ['1' '315.11482831046766' 'present']
 ['3' '323.7109193569463' 'present']
 ['7' '336.05337597747626' 'present']
 ['1' '336.86095969297224' 'marauded']
 ['7' '338.9394712612281' 'presentdestroyed']
 ['10' '341.79099780605065' 'presentdestroyed']
 ['10' '346.924953791786' 'present']
 ['1' '356.7366491627492' 'present']
 ['2' '358.1153939455499' 'present']
 ['2' '359.83860525480424' 'present']]","[['F64' '4.826219357190548' 'mated']
 ['F96' '41.35775591312602' 'absent']
 ['F57' '105.06952583781093' 'absent']
 ['F19' '115.79656741958381' 'destroyed']
 ['F37' '124.7065349840307' 'destroyed']
 ['F48' '126.82165897615633' 'absentdestroyed']
 ['F63' '174.38887165528524' 'mated']
 ['F28' '175.55428401011002' 'mated']
 ['F92' '205.62890430473414' 'mated']
 ['F3' '273.85897754485' 'destroyed']
 ['F88' '307.7659410297577' 'mated']
 ['F8' '321.7948184822976' 'mated']
 ['F80' '330.35343292818993' 'mated']
 ['F47' '331.4746435568603' 'mated']]",576.0,69.6748237925401,13.757595105948493,1224.0,212.05962999156097,45.7077410167542,425.0,73.08439542733294,15.852408589745933,14.0,1.4000000000000001,0.14000000000000007,86.0,3.9814814814814805,0.18432784636488314
10,0.054,6,359.9549802935456,"[['9' '3.412233669110197' 'present']
 ['1' '11.716761973388529' 'present']
 ['3' '18.380787476171534' 'present']
 ['1' '19.750952335606044' 'present']
 ['11' '25.40842737445349' 'present']
 ['9' '27.36562567558803' 'present']
 ['1' '31.17271946181432' 'marauded']
 ['11' '32.263205860806494' 'presentdestroyed']
 ['8' '34.33593181911306' 'destroyed']
 ['9' '49.83073291978103' 'present']
 ['1' '52.81232269817184' 'marauded']
 ['6' '61.95438890613788' 'present']
 ['1' '63.6904816548061' 'present']
 ['1' '66.6780041997203' 'marauded']
 ['1' '88.80237156282854' 'present']
 ['4' '96.62920155098452' 'marauded']
 ['6' '112.94331423641621' 'present']
 ['1' '113.1272555602137' 'marauded']
 ['5' '117.70964752967092' 'presentdestroyed']
 ['7' '121.27103851126017' 'marauded']
 ['5' '125.60760798806147' 'presentdestroyed']
 ['4' '128.19972557779346' 'presentdestroyed']
 ['6' '131.11023927105066' 'present']
 ['7' '133.7240998204169' 'present']
 ['8' '134.42607063634495' 'present']
 ['7' '135.8945153435215' 'present']
 ['5' '136.7004781223273' 'present']
 ['6' '142.60128565989774' 'present']
 ['5' '149.2640477279369' 'present']
 ['4' '151.54621752463214' 'present']
 ['2' '154.1721045639669' 'present']
 ['1' '183.66699796899383' 'present']
 ['6' '185.72327050042486' 'present']
 ['6' '188.74991913023064' 'present']
 ['7' '193.51076537462552' 'present']
 ['8' '196.68351218270445' 'marauded']
 ['6' '197.53149676444863' 'presentdestroyed']
 ['8' '200.2820703845386' 'presentdestroyed']
 ['8' '202.29450359392678' 'presentdestroyed']
 ['4' '203.81991620635108' 'destroyed']
 ['1' '204.3848044768941' 'presentdestroyed']
 ['9' '205.72805071370223' 'marauded']
 ['11' '206.6949463966286' 'presentdestroyed']
 ['5' '206.8673712234808' 'presentdestroyed']
 ['1' '218.56408948391044' 'present']
 ['7' '221.02998961011656' 'present']
 ['8' '225.37470737976705' 'marauded']
 ['11' '228.13154519320196' 'presentdestroyed']
 ['1' '237.53081065459133' 'present']
 ['2' '242.6670286876457' 'present']
 ['7' '248.54803898509795' 'present']
 ['8' '252.29604254426366' 'present']
 ['3' '252.64339611247323' 'present']
 ['3' '265.52547140172607' 'present']
 ['7' '276.1356637317652' 'present']
 ['2' '291.4363872578382' 'present']
 ['11' '296.0501742801276' 'present']
 ['7' '310.8101762742677' 'present']
 ['5' '311.1385932990424' 'present']
 ['1' '320.4153827184863' 'present']
 ['2' '323.17436539069206' 'present']
 ['4' '326.7764297796954' 'present']
 ['8' '327.3888510770058' 'present']
 ['1' '327.6492670886445' 'present']
 ['7' '328.7202069066297' 'present']
 ['7' '332.79092655916867' 'present']
 ['5' '351.8705059414688' 'present']]","[['F65' '56.87852523413658' 'destroyed']
 ['F57' '105.02322954151462' '']
 ['F75' '127.05139748474232' 'absentdestroyed']
 ['F30' '128.28662130868776' 'destroyed']
 ['F9' '214.88061416338508' 'absent']
 ['F71' '232.6016940395973' '']
 ['F52' '253.31123817356882' 'mated']
 ['F87' '253.413834251691' 'mated']
 ['F86' '258.6291749658872' 'mated']
 ['F35' '272.21956298729816' 'mated']
 ['F13' '288.83738508142955' 'absent']
 ['F17' '322.6752162842825' 'mated']
 ['F1' '352.8153397632818' 'mated']]",564.0,68.88954616628985,14.003988796177708,1392.0,231.17139710341422,48.64686582417817,325.0,55.24731165463116,12.169845348386183,10.0,0.9999999999999999,0.10000000000000003,83.0,3.8425925925925917,0.1778978052126198
11,0.054,14,360.03589374932665,"[['9' '6.31940261188038' 'present']
 ['8' '11.123062676769822' 'present']
 ['10' '14.920409350840877' 'marauded']
 ['7' '18.69086701325584' 'presentdestroyed']
 ['6' '23.28368423434452' 'present']
 ['6' '32.087346102827674' 'present']
 ['1' '32.84044302801003' 'present']
 ['8' '33.75501742162912' 'marauded']
 ['6' '34.0297092295688' 'presentdestroyed']
 ['2' '34.26188789234885' 'presentdestroyed']
 ['2' '37.109689636317825' 'presentdestroyed']
 ['2' '40.53843416450409' 'destroyed']
 ['7' '48.19113231373669' 'marauded']
 ['7' '55.693859813700726' 'presentdestroyed']
 ['7' '59.24983536469281' 'present']
 ['5' '59.62824909616888' 'present']
 ['2' '61.08619411161348' 'present']
 ['6' '80.11352118430648' 'present']
 ['1' '85.96211434252278' 'marauded']
 ['6' '94.76235973385283' 'present']
 ['1' '97.90595859513148' 'present']
 ['8' '104.99805034842831' 'present']
 ['2' '107.00166147666262' 'present']
 ['2' '111.9248149984646' 'present']
 ['8' '118.00326111750836' 'present']
 ['4' '119.90192699121582' 'present']
 ['7' '131.52241311955382' 'present']
 ['5' '138.32476797933595' 'present']
 ['8' '138.77308304170964' 'present']
 ['9' '144.28461630830898' 'present']
 ['9' '144.89663623441191' 'marauded']
 ['10' '150.36924143266324' 'presentdestroyed']
 ['6' '154.94467352679158' 'marauded']
 ['3' '171.2128255763268' 'marauded']
 ['8' '173.81655055518527' 'presentdestroyed']
 ['5' '174.8166587864638' 'presentdestroyed']
 ['5' '176.07394295222883' 'presentdestroyed']
 ['10' '187.4710423612855' 'present']
 ['6' '212.76386264953678' 'present']
 ['8' '218.08975201976872' 'marauded']
 ['10' '219.23254571495977' 'destroyed']
 ['2' '221.0481145070981' 'presentdestroyed']
 ['10' '223.7857070572413' 'presentdestroyed']
 ['5' '224.92921330057857' 'presentdestroyed']
 ['7' '230.55069246626144' 'marauded']
 ['8' '238.92639824747693' 'present']
 ['5' '242.53141220334794' 'present']
 ['2' '246.25671060630918' 'marauded']
 ['7' '246.70128656090253' 'presentdestroyed']
 ['2' '254.7798609475798' 'present']
 ['2' '261.4765369398223' 'present']
 ['8' '270.55429170378216' 'present']
 ['4' '276.8661682729027' 'marauded']
 ['8' '286.0079235552588' 'present']
 ['5' '289.20659124347367' 'present']
 ['1' '295.61128816463224' 'present']
 ['9' '296.2263224162971' 'present']
 ['2' '299.38163729499735' 'present']
 ['3' '303.76649358114685' 'present']
 ['8' '314.28236901764916' 'present']
 ['10' '322.7216283763697' 'present']
 ['3' '322.86083762900387' 'present']
 ['4' '323.3639514036022' 'present']
 ['4' '330.1756958816354' 'present']
 ['4' '331.2391714041594' 'present']
 ['1' '333.4749627987908' 'present']
 ['5' '336.10992176120635' 'present']
 ['8' '346.50482452606906' 'marauded']
 ['10' '346.6509987937346' 'presentdestroyed']
 ['1' '346.7800515440664' 'presentdestroyed']
 ['6' '355.0484359942206' 'marauded']
 ['8' '355.7876772425075' 'presentdestroyed']]","[['F82' '32.771336114406026' 'mated']
 ['F53' '114.23364219362848' 'mated']
 ['F19' '115.81971556773196' 'mated']
 ['F85' '125.31842175560146' 'mated']
 ['F75' '127.00510118844602' 'absent']
 ['F58' '128.52968717181685' 'mated']
 ['F103' '153.45328605478917' 'mated']
 ['F95' '164.3850938739091' 'mated']
 ['F11' '174.38456355426555' 'destroyed']
 ['F45' '179.59664406483725' 'mated']
 ['F36' '189.2029206474996' 'mated']
 ['F81' '199.99807883439067' 'mated']
 ['F9' '214.90376231153323' 'mated']
 ['F94' '242.8630793776116' 'mated']
 ['F46' '249.15228209606903' 'destroyed']
 ['F54' '269.90075569371174' 'mated']
 ['F106' '306.6997333973395' 'mated']]",555.0,72.01598695852933,15.50365738848723,1201.0,205.0727715481141,44.35099503528381,465.0,78.13580713693109,16.776282795136332,14.0,1.4000000000000001,0.14000000000000007,76.0,3.5185185185185177,0.16289437585733868
