id,probability_maraud,successful_mating,next_foraging_time,mar_attempts,mate_attempts,foraging_events,foraging_hrs,foraging_sqhrs,staying_events,staying_hrs,staying_sqhrs,repairing_events,repairing_hrs,repairing_sqhrs,marauding_events,marauding_hrs,marauding_sqhrs,traveling_events,traveling_hrs,traveling_sqhrs
0,0.054,5,360.56126697949287,"[['7' '88.99528747075404' 'present']
 ['12' '141.34129174935592' 'present']
 ['7' '225.27553408700203' 'marauded']
 ['12' '255.11350374619647' 'present']
 ['18' '285.41164766490823' 'present']
 ['7' '292.6176043951611' 'marauded']]","[['F34' '32.46761420636175' 'absent']
 ['F43' '90.44402644169766' 'mated']
 ['F117' '137.09237097879964' 'mated']
 ['F67' '149.96377511597552' 'mated']
 ['F70' '156.97848948680064' 'mated']
 ['F37' '162.17748728887642' 'mated']
 ['F114' '183.7320139488909' 'absent']
 ['F131' '305.7181139062376' 'absent']]",559.0,70.43789965276493,14.929723870163347,1599.0,272.36968419260654,59.28854967243673,79.0,12.067261562748694,2.255073094953118,15.0,1.5000000000000002,0.15000000000000008,83.0,3.8425925925925917,0.1778978052126198
1,0.0,3,359.8337955665954,"[['12' '41.4667740353225' 'present']
 ['12' '44.5930609952828' 'present']
 ['7' '58.60058514176818' 'present']
 ['12' '105.55783179933344' 'present']
 ['0' '131.13391091812773' 'marauded']
 ['7' '134.27345742830747' 'presentdestroyed']
 ['7' '220.45638540436042' 'present']
 ['7' '224.02305721455025' 'present']
 ['0' '238.1403048973072' 'present']
 ['0' '274.1575369100276' 'present']
 ['7' '287.57370011230284' 'present']
 ['12' '352.83810675108134' 'present']]","[['F69' '12.926480927611461' 'mated']
 ['F28' '149.89450880080278' 'mated']
 ['F60' '290.200394293379' 'mated']]",565.0,68.05394436833758,14.035166175859276,1674.0,285.8835862944841,61.09026234072628,40.0,6.138626687491354,1.230747650278713,0.0,0.0,0.0,0.0,0.0,0.0
2,0.0,10,360.1783203307303,"[['18' '1.331137924444819' 'present']
 ['0' '34.81762471544015' 'present']
 ['7' '40.93839082543773' 'present']
 ['12' '44.54676469898651' 'present']
 ['18' '124.23387750303887' 'present']
 ['18' '151.39011133785493' 'present']
 ['12' '250.1887628475897' 'present']
 ['12' '286.7132408230685' 'present']
 ['12' '286.7595371193648' 'present']
 ['18' '349.8511987982256' 'present']
 ['12' '353.37668295742526' 'present']
 ['0' '353.4163381007369' 'present']]","[['F106' '82.53698162018729' 'mated']
 ['F110' '160.27345082021318' 'mated']
 ['F161' '171.1420246338026' 'mated']
 ['F121' '190.1234508904086' 'mated']
 ['F197' '248.67722202964646' 'mated']
 ['F200' '260.53271660709424' 'mated']
 ['F75' '260.73953207318766' 'mated']
 ['F214' '273.2924580411192' 'mated']
 ['F58' '281.0474530103231' 'mated']
 ['F36' '289.55487791794803' 'mated']]",557.0,74.44784152830154,17.102193569140372,1701.0,285.55479006110124,61.14329664035455,0.0,0.0,0.0,0.0,0.0,0.0,0.0,0.0,0.0
3,0.0,12,360.11740510813877,"[['7' '34.489476880602325' 'present']
 ['18' '38.00391763920015' 'present']
 ['7' '89.95913095926423' 'present']
 ['18' '96.33462207737013' 'present']
 ['12' '105.46308659558491' 'present']
 ['0' '153.842221253087' 'present']
 ['0' '206.3994666501309' 'marauded']
 ['18' '243.89271333170382' 'present']
 ['12' '250.90062438971054' 'present']
 ['18' '252.2866709638783' 'present']
 ['7' '270.582979587107' 'present']
 ['18' '285.45794396120453' 'present']
 ['12' '299.45700293957606' 'present']]","[['F13' '71.9534247776379' 'absent']
 ['F132' '85.15789950407942' 'mated']
 ['F183' '102.96492010548438' 'mated']
 ['F11' '115.90124409876296' 'mated']
 ['F54' '133.48867009288418' 'mated']
 ['F140' '154.67819304445672' 'mated']
 ['F48' '167.21323479362005' 'mated']
 ['F114' '183.75516209703906' 'mated']
 ['F204' '194.35048353773567' 'mated']
 ['F109' '211.07361245426216' 'destroyed']
 ['F4' '214.4542056397922' 'mated']
 ['F99' '221.96066487932234' 'mated']
 ['F133' '246.03317282305545' 'mated']
 ['F209' '331.3393524082335' 'mated']]",568.0,69.85741736781101,14.429106377590614,1691.0,284.4943688433391,60.236721808767136,43.0,6.075165513097638,1.1832246826237534,0.0,0.0,0.0,0.0,0.0,0.0
4,0.0,12,360.37253271054107,"[['18' '52.66288614890087' 'present']
 ['7' '56.906560224254534' 'present']
 ['18' '67.63033740867957' 'present']
 ['12' '70.90193551014465' 'present']
 ['0' '88.75763818096735' 'present']
 ['7' '105.42678203819597' 'marauded']
 ['18' '111.40632078989964' 'presentdestroyed']
 ['12' '119.03889720865492' 'present']
 ['12' '121.46649656369678' 'present']
 ['18' '129.99949423469843' 'present']
 ['0' '141.97207553945935' 'present']
 ['12' '148.5818871578079' 'present']
 ['0' '185.19713795305992' 'present']
 ['0' '189.5750975906482' 'marauded']
 ['18' '202.10265724018421' 'present']
 ['7' '209.28672300372816' 'marauded']
 ['18' '227.89922087075314' 'present']
 ['0' '250.8626411941314' 'present']
 ['0' '289.6976282982077' 'present']
 ['0' '306.0134537800308' 'present']
 ['0' '327.47484968888966' 'present']
 ['18' '342.9940417175097' 'present']
 ['18' '346.4863768540687' 'present']
 ['0' '352.71468014734353' 'present']]","[['F22' '82.22405758586488' 'mated']
 ['F202' '102.89018741790866' 'mated']
 ['F8' '151.9645120088567' 'absent']
 ['F41' '167.3849391581303' 'absent']
 ['F10' '172.4220684840092' 'mated']
 ['F94' '181.58175328096627' 'mated']
 ['F196' '184.46616832717967' 'mated']
 ['F88' '192.22319236757983' 'destroyed']
 ['F55' '217.90356168978337' 'mated']
 ['F187' '219.7469459165415' 'mated']
 ['F166' '238.68666699670433' 'mated']
 ['F78' '259.0059375017746' 'mated']
 ['F186' '273.4000047749615' 'mated']
 ['F137' '302.375638503963' 'absent']
 ['F128' '314.180458022674' 'mated']
 ['F89' '357.3375991290622' 'mated']]",583.0,71.59693249963463,14.711752989821361,1603.0,270.10898237418866,57.21814712904173,106.0,18.484158096710118,3.9781176226660846,0.0,0.0,0.0,0.0,0.0,0.0
5,0.0,5,359.9971945255423,"[['12' '4.27163063392448' 'present']
 ['12' '4.491154570171495' 'present']
 ['7' '23.138256914411' 'marauded']
 ['7' '84.4733245932142' 'present']
 ['12' '87.35337283444953' 'present']
 ['18' '123.98836757384151' 'present']
 ['12' '222.08129560768492' 'present']
 ['12' '278.7018157312931' 'marauded']
 ['18' '288.1354962443691' 'marauded']
 ['0' '310.2808220387886' 'present']
 ['12' '314.7099475212266' 'present']
 ['0' '318.85738620807086' 'marauded']
 ['7' '349.0167750346809' 'present']]","[['F103' '128.4514941582034' 'mated']
 ['F162' '143.23245757225033' 'mated']
 ['F111' '247.71740745306803' 'mated']
 ['F18' '298.8580384366367' 'mated']
 ['F153' '336.627251606043' 'mated']]",570.0,69.38908633322448,14.052974533525616,1581.0,266.0998200403914,56.578965085696666,146.0,24.66562455209543,5.2599677255219435,0.0,0.0,0.0,0.0,0.0,0.0
6,0.0,8,360.5388511185218,"[['18' '20.42815782756422' 'present']
 ['0' '25.560597651563757' 'present']
 ['12' '27.18127322902761' 'present']
 ['18' '33.27814882992199' 'present']
 ['18' '102.38046219342716' 'present']
 ['7' '146.7106423410607' 'present']
 ['7' '147.56153006749022' 'present']
 ['7' '207.81556717325992' 'marauded']
 ['18' '209.9421508242207' 'destroyed']
 ['12' '231.32803390019168' 'present']
 ['18' '249.96190466984348' 'present']
 ['0' '256.4170027575317' 'present']
 ['0' '275.65396534096465' 'present']
 ['0' '337.4384957265338' 'present']
 ['18' '341.79893060585925' 'present']
 ['18' '354.74879825536226' 'present']]","[['F135' '47.24517664033444' 'mated']
 ['F198' '116.64598956634491' 'mated']
 ['F8' '152.010808305153' 'mated']
 ['F65' '169.26184500632863' 'mated']
 ['F66' '277.09371457115844' 'mated']
 ['F136' '277.41187457473484' 'mated']
 ['F105' '283.8824135904987' 'mated']
 ['F17' '303.42509124990227' 'mated']]",552.0,74.37293163178018,16.816838564132084,1634.0,279.44645819980775,60.234399305770566,32.0,6.241491250363,1.4787939100298213,0.0,0.0,0.0,0.0,0.0,0.0
7,0.054,6,360.04130626410046,"[['0' '11.61917030573218' 'present']
 ['18' '59.002946247815416' 'present']
 ['18' '72.19851401685847' 'marauded']
 ['0' '80.91813165344446' 'present']
 ['12' '167.91328274778448' 'present']
 ['12' '173.9730899100814' 'present']
 ['12' '209.7013191539035' 'present']
 ['12' '230.5480112990356' 'present']
 ['0' '248.45239620060968' 'marauded']
 ['0' '257.48178749409055' 'marauded']
 ['12' '300.6985315913573' 'present']
 ['12' '312.60987271866156' 'marauded']
 ['18' '322.503682360954' 'present']]","[['F150' '81.42075661837599' 'mated']
 ['F129' '122.87358622285777' 'mated']
 ['F201' '167.84912073690944' 'mated']
 ['F107' '186.53383230963271' 'mated']
 ['F38' '211.08166589203583' 'mated']
 ['F174' '309.71842777727034' 'mated']]",551.0,73.94475911534386,16.544428931117057,1481.0,255.63365964845906,55.38335050643978,143.0,24.43516701580708,5.256890401706829,22.0,2.2000000000000006,0.22000000000000014,83.0,3.8425925925925917,0.1778978052126198
8,0.0,11,360.2092355928421,"[['0' '8.768754763975075' 'present']
 ['7' '119.62741375856368' 'present']
 ['12' '136.43787602730774' 'present']
 ['7' '144.9209236144278' 'marauded']
 ['0' '155.97855286590342' 'marauded']
 ['12' '184.1698043623626' 'present']
 ['0' '194.58130993217608' 'present']
 ['12' '218.90128523293814' 'present']
 ['12' '221.9204094016239' 'present']
 ['18' '244.48998972723314' 'present']
 ['12' '256.0100299293378' 'present']
 ['12' '275.6739127307388' 'present']
 ['18' '280.84994054443587' 'present']
 ['0' '287.9033277397508' 'present']
 ['18' '327.6306024959962' 'present']
 ['12' '350.3563130275329' 'present']
 ['7' '351.7734549947631' 'marauded']
 ['0' '357.6309624988961' 'presentdestroyed']]","[['F116' '56.50198363475185' 'absent']
 ['F175' '80.37025650886551' 'mated']
 ['F5' '94.09416423809171' 'mated']
 ['F15' '130.10182927878236' 'mated']
 ['F170' '148.98470498977906' 'destroyed']
 ['F53' '185.41716235116183' 'mated']
 ['F1' '196.86984133772222' 'mated']
 ['F80' '201.4542268769392' 'mated']
 ['F124' '212.75551147070968' 'mated']
 ['F164' '236.30705744413825' 'mated']
 ['F64' '269.4213526058857' 'mated']
 ['F205' '285.3082831483817' 'mated']
 ['F215' '303.38720090341417' 'mated']]",557.0,72.49226878436446,15.883129032642339,1599.0,269.47160770346505,57.42626258594866,106.0,18.052833814467878,3.8818198182511874,0.0,0.0,0.0,0.0,0.0,0.0
9,0.0,11,360.03416716194994,"[['18' '3.283711560288651' 'present']
 ['12' '30.46205309883941' 'present']
 ['0' '38.455504506824255' 'present']
 ['0' '85.78770336725022' 'present']
 ['7' '105.69011498484853' 'present']
 ['7' '124.1741137333525' 'present']
 ['18' '133.45662769247795' 'present']
 ['18' '161.64295934050799' 'present']
 ['12' '166.55166642622865' 'present']
 ['7' '184.39959431188413' 'present']
 ['12' '211.73158509065735' 'present']
 ['18' '250.38251466237529' 'present']
 ['0' '315.621517461388' 'present']
 ['18' '326.6791789260003' 'marauded']
 ['18' '327.6768987922925' 'destroyed']
 ['18' '328.05565654508194' 'presentdestroyed']
 ['12' '345.8674785089649' 'present']]","[['F138' '28.632090686325196' 'mated']
 ['F130' '37.16623368409086' 'mated']
 ['F203' '54.26713060005266' 'mated']
 ['F30' '62.59041373595051' 'absent']
 ['F81' '63.3856534223985' 'mated']
 ['F25' '108.54070127957036' 'mated']
 ['F61' '121.85801977346563' 'mated']
 ['F47' '168.5481200246357' 'mated']
 ['F112' '177.03755192162674' 'mated']
 ['F190' '202.9282581286371' 'absent']
 ['F39' '224.1592747458528' 'absent']
 ['F152' '244.9393896398687' 'mated']
 ['F3' '275.7498159995618' 'mated']
 ['F131' '305.74126205438574' 'mated']]",566.0,71.87478485289387,15.285007519384138,1699.0,282.21314843772996,59.260971811717106,36.0,6.0293508265416165,1.2821613525209201,0.0,0.0,0.0,0.0,0.0,0.0
10,0.0,11,360.4533656274417,"[['12' '3.1730547276812193' 'present']
 ['12' '24.820290741663197' 'present']
 ['12' '25.429714060584516' 'present']
 ['0' '25.728873465146606' 'marauded']
 ['12' '40.357421430801246' 'present']
 ['0' '47.37080291425205' 'marauded']
 ['7' '81.251933423653' 'marauded']
 ['18' '132.65346669237175' 'present']
 ['7' '133.81986981660071' 'present']
 ['12' '173.16794508927413' 'present']
 ['7' '204.0414303295435' 'present']
 ['7' '273.9244560749557' 'present']
 ['7' '275.33990629918947' 'marauded']
 ['18' '341.57910451581864' 'present']
 ['7' '349.74466104454086' 'present']]","[['F160' '20.238772407778608' 'mated']
 ['F185' '113.39002222308785' 'mated']
 ['F118' '130.6334398648454' 'mated']
 ['F93' '147.93181674045883' 'mated']
 ['F170' '149.0078531379272' 'mated']
 ['F8' '151.94136386070855' 'absent']
 ['F165' '183.5144582872058' 'mated']
 ['F57' '230.31966698192335' 'mated']
 ['F108' '246.67496804690057' 'mated']
 ['F213' '249.03049302969532' 'absent']
 ['F95' '301.4178243822732' 'mated']
 ['F137' '302.39878665211114' 'mated']
 ['F139' '323.5071045899961' 'mated']]",578.0,68.7783628110672,13.771719602094766,1594.0,266.9705457374296,56.23282002081198,144.0,24.31403563429146,5.378761304265902,0.0,0.0,0.0,0.0,0.0,0.0
11,0.0,10,360.79938294919435,"[['0' '40.8453701983797' 'present']
 ['12' '51.12618075998306' 'marauded']
 ['7' '51.351442869030365' 'presentdestroyed']
 ['12' '77.28768344165229' 'present']
 ['18' '127.78455794635654' 'present']
 ['0' '138.91513830803368' 'present']
 ['12' '144.7277005015571' 'present']
 ['12' '156.02010459308647' 'present']
 ['7' '177.6119050375125' 'present']
 ['12' '192.09679457474007' 'marauded']
 ['0' '210.46695614318833' 'marauded']
 ['12' '231.7762309636735' 'present']
 ['18' '233.2258094560396' 'present']
 ['12' '257.10706300938836' 'present']
 ['0' '259.7294324010802' 'present']
 ['18' '298.7495832381539' 'present']]","[['F116' '56.47883548660371' 'destroyed']
 ['F116' '56.5251317829' 'destroyed']
 ['F102' '63.259062486503176' 'mated']
 ['F71' '88.03366481135255' 'mated']
 ['F14' '106.36061849273587' 'mated']
 ['F210' '122.97933891428153' 'mated']
 ['F179' '126.2722692888509' 'mated']
 ['F27' '131.8246046660102' 'mated']
 ['F0' '160.28040190326377' 'mated']
 ['F114' '183.70886580074276' 'absent']
 ['F182' '189.50487000913375' 'mated']
 ['F187' '219.6543533239489' 'absent']
 ['F187' '219.7006496202452' 'absent']
 ['F213' '249.00734488154717' 'absent']
 ['F49' '286.1376490830808' 'absent']
 ['F145' '296.53584797345064' 'mated']
 ['F76' '311.07044257747486' 'mated']]",559.0,70.6754617699856,15.898758254629858,1585.0,271.1666805692032,58.281011046793154,112.0,18.24857234744811,3.711189877857372,0.0,0.0,0.0,0.0,0.0,0.0
12,0.054,6,360.7055714723279,"[['7' '8.19805503985724' 'marauded']
 ['7' '61.53359667641138' 'present']
 ['0' '64.1569674468413' 'present']
 ['0' '86.59849833003824' 'present']
 ['0' '148.88057155381097' 'present']
 ['0' '178.6722965672581' 'present']
 ['18' '180.23278681195305' 'present']
 ['18' '189.44243659220345' 'present']
 ['18' '191.0353229618079' 'present']
 ['0' '218.09033298631508' 'present']
 ['0' '258.4452395615741' 'marauded']
 ['0' '270.3337301555415' 'present']
 ['18' '289.0452729973625' 'present']
 ['0' '358.8129474208371' 'present']]","[['F173' '141.28379355577277' 'mated']
 ['F2' '166.62140779595006' 'mated']
 ['F100' '200.58108394641823' 'mated']
 ['F208' '216.8847965644514' 'mated']
 ['F166' '238.66351884855618' 'absent']
 ['F199' '239.8360844929918' 'mated']
 ['F131' '305.69496575808944' 'absent']
 ['F77' '319.266308371998' 'mated']]",553.0,70.22696917921303,14.7091587105093,1597.0,272.16204285764275,59.00373870916094,70.0,12.313537277221204,2.526774117354433,10.0,0.9999999999999999,0.10000000000000003,95.0,4.398148148148151,0.20361796982167316
13,0.0,9,360.0672957000648,"[['12' '38.351524854886684' 'present']
 ['7' '60.23725699124363' 'present']
 ['18' '83.17318232354599' 'present']
 ['12' '102.50465232063472' 'marauded']
 ['12' '112.58826104212119' 'present']
 ['12' '129.6440326262032' 'marauded']
 ['0' '148.47812704414338' 'present']
 ['18' '161.30484468487901' 'marauded']
 ['18' '171.0658691180543' 'marauded']
 ['7' '232.20592175916374' 'marauded']
 ['12' '251.71146024399627' 'present']
 ['18' '276.34244477838797' 'present']
 ['18' '278.91606014958353' 'present']
 ['0' '342.19767329943426' 'present']]","[['F79' '77.82649230759397' 'mated']
 ['F63' '140.4822898378519' 'mated']
 ['F29' '159.13590485922654' 'mated']
 ['F0' '160.2572537551156' 'absent']
 ['F201' '167.8259725887613' 'absentdestroyed']
 ['F156' '197.73032948075797' 'mated']
 ['F180' '224.28905764919864' 'mated']
 ['F119' '226.64062878621104' 'mated']
 ['F40' '256.92747079166895' 'mated']
 ['F72' '263.389377127712' 'mated']
 ['F45' '306.59353008733217' 'mated']]",563.0,69.17565346269163,14.481903360422576,1525.0,260.2750936442308,56.26184685211432,185.0,30.622546219769852,6.460922172507523,0.0,0.0,0.0,0.0,0.0,0.0
14,0.0,12,360.05233555639114,"[['18' '41.68577061514791' 'present']
 ['0' '51.92457901713709' 'present']
 ['12' '51.96013020303471' 'present']
 ['18' '58.42157902029561' 'present']
 ['18' '78.43023470197127' 'marauded']
 ['7' '131.34075755756717' 'present']
 ['18' '213.9029623536683' 'present']
 ['12' '220.4483066765017' 'present']
 ['18' '252.52195675656748' 'present']
 ['7' '287.97348667924484' 'present']
 ['18' '291.2423254968373' 'present']
 ['18' '291.9259204889957' 'present']
 ['12' '308.2121992958361' 'marauded']
 ['12' '322.60657494664883' 'present']]","[['F51' '71.08393605765855' 'mated']
 ['F175' '80.34710836071736' 'destroyed']
 ['F42' '92.0133003524698' 'mated']
 ['F52' '102.70467668723812' 'mated']
 ['F158' '116.46470157817274' 'mated']
 ['F101' '139.12611667252253' 'mated']
 ['F125' '149.2505222038135' 'mated']
 ['F211' '196.49837743569398' 'mated']
 ['F109' '211.11990875055847' 'mated']
 ['F171' '252.1086522558308' 'mated']
 ['F33' '253.9284047041304' 'mated']
 ['F172' '255.18511225607782' 'mated']
 ['F31' '289.6472756628408' 'absent']
 ['F174' '309.67213148097403' 'destroyed']
 ['F159' '316.2657298760705' 'mated']]",567.0,69.66319181854188,14.178742609155618,1643.0,278.03189746170324,59.47261798659609,73.0,12.41886561533436,2.5618289275954127,0.0,0.0,0.0,0.0,0.0,0.0
15,0.0,12,360.466355686146,"[['12' '52.147827539999355' 'present']
 ['18' '67.92666926882129' 'marauded']
 ['18' '74.85598762754101' 'presentdestroyed']
 ['7' '94.88295154226687' 'marauded']
 ['12' '115.37297603043125' 'marauded']
 ['12' '120.49514633791034' 'presentdestroyed']
 ['0' '127.81870972989725' 'present']
 ['12' '159.34972053832576' 'present']
 ['7' '182.13308822979914' 'present']
 ['18' '222.723933869472' 'present']
 ['0' '264.16931859169375' 'marauded']
 ['7' '274.5207468023015' 'present']
 ['18' '275.46460835318' 'present']
 ['0' '323.0442433967272' 'present']
 ['7' '337.083236504143' 'present']
 ['12' '340.96799503522203' 'present']
 ['12' '341.89947924061175' 'present']
 ['7' '347.49591565251296' 'marauded']]","[['F130' '37.14308553594272' 'absent']
 ['F21' '38.27588245869057' 'mated']
 ['F59' '129.74250380629834' 'mated']
 ['F144' '149.46548132979484' 'mated']
 ['F23' '149.59529862708703' 'mated']
 ['F19' '152.59997435533003' 'mated']
 ['F26' '154.82252150316813' 'mated']
 ['F98' '159.38592503823247' 'mated']
 ['F155' '206.27465552428498' 'mated']
 ['F84' '208.9864050709424' 'mated']
 ['F167' '222.82961770969757' 'mated']
 ['F56' '223.9062027672799' 'mated']
 ['F85' '253.63247929807528' 'mated']
 ['F137' '302.35249035581484' 'absent']]",569.0,69.13908084827568,14.405927054206302,1560.0,260.72886649353535,55.75823572564156,183.0,30.287099685290368,6.220956368789367,0.0,0.0,0.0,0.0,0.0,0.0
16,0.0,8,360.5008941283703,"[['7' '27.054494402551825' 'present']
 ['7' '54.79495367677856' 'present']
 ['7' '69.44872257064017' 'present']
 ['18' '109.9566567257207' 'marauded']
 ['18' '122.78684050508569' 'present']
 ['0' '136.26206206414778' 'present']
 ['18' '145.2836579073175' 'present']
 ['7' '173.9201058666303' 'present']
 ['0' '240.08099197931801' 'present']
 ['18' '288.60567052988506' 'present']
 ['12' '321.1843825878803' 'present']
 ['7' '353.86366204136675' 'marauded']]","[['F157' '79.84480868654978' 'mated']
 ['F158' '116.44155343002458' 'absentdestroyed']
 ['F195' '135.98932528178733' 'mated']
 ['F113' '159.28404475258273' 'mated']
 ['F41' '167.40808730627845' 'absent']
 ['F9' '210.87580305882753' 'mated']
 ['F141' '219.56623874451185' 'mated']
 ['F187' '219.67750147209705' 'absent']
 ['F68' '241.16400859205064' 'mated']
 ['F134' '251.74882563200904' 'absent']
 ['F194' '262.5905649173044' 'mated']
 ['F31' '289.67042381098895' 'mated']
 ['F174' '309.6489833328259' 'absent']
 ['F139' '323.48395644184797' 'absent']]",555.0,74.17848256696878,16.503356797696238,1566.0,274.48948985381855,60.123640089151415,70.0,11.371871407990751,2.4058498895718174,0.0,0.0,0.0,0.0,0.0,0.0
17,0.0,9,360.3232887850396,"[['7' '11.473176663013641' 'present']
 ['0' '31.208158455524703' 'present']
 ['18' '41.27742028432655' 'present']
 ['12' '57.288329343969096' 'present']
 ['0' '86.75998551820287' 'marauded']
 ['12' '87.60325253503473' 'presentdestroyed']
 ['18' '106.49556341815135' 'present']
 ['0' '109.0010205936654' 'present']
 ['18' '113.57843279989895' 'present']
 ['18' '174.56886966122337' 'present']
 ['7' '178.52939485301908' 'present']
 ['18' '182.47461605009244' 'present']
 ['18' '202.0563609438879' 'present']
 ['12' '208.38918628847426' 'present']
 ['0' '217.70359427513682' 'present']
 ['0' '221.67020778796098' 'present']
 ['12' '223.20049986717487' 'present']
 ['0' '252.06819714261815' 'present']
 ['18' '272.65163809785645' 'present']
 ['7' '301.94577622751456' 'present']
 ['18' '345.38937196828124' 'present']
 ['0' '351.7161471625038' 'present']]","[['F82' '99.89265799596434' 'mated']
 ['F191' '129.16996665775534' 'mated']
 ['F207' '131.2218932516326' 'mated']
 ['F20' '172.99330465489874' 'mated']
 ['F120' '251.7906500918317' 'mated']
 ['F168' '277.0160949882357' 'mated']
 ['F145' '296.5126998253025' 'absent']
 ['F148' '297.03519584696875' 'mated']
 ['F7' '321.31759800525793' 'mated']
 ['F62' '337.47080421545934' 'mated']]",554.0,70.22470963999577,14.68761428181971,1666.0,283.8761266707145,61.34501573278698,36.0,6.221591490105681,1.3235537400814128,0.0,0.0,0.0,0.0,0.0,0.0
18,0.054,11,359.9509365948932,"[['7' '6.485901636263824' 'marauded']
 ['0' '20.396400705149194' 'present']
 ['12' '33.3301014076232' 'present']
 ['7' '34.805199079521' 'present']
 ['7' '61.48730038011509' 'present']
 ['12' '82.69002602987177' 'present']
 ['0' '104.83250389180097' 'present']
 ['7' '136.68818601265414' 'marauded']
 ['12' '165.03454055507885' 'present']
 ['12' '190.63013202447198' 'present']
 ['7' '192.7258903464993' 'present']
 ['12' '207.1409677628307' 'present']
 ['7' '217.1307132079715' 'present']
 ['7' '227.7671767825048' 'present']
 ['12' '305.5929015966427' 'marauded']
 ['0' '314.2023144450627' 'marauded']
 ['7' '330.4592554781294' 'marauded']
 ['0' '356.6179013213507' 'present']]","[['F116' '56.54827993104814' 'absent']
 ['F188' '62.14982226970381' 'mated']
 ['F163' '97.98594174091724' 'mated']
 ['F127' '110.17976771642886' 'mated']
 ['F154' '112.0283191241013' 'mated']
 ['F73' '114.87322246028425' 'mated']
 ['F96' '117.85745160970671' 'mated']
 ['F140' '154.65504489630857' 'absent']
 ['F41' '167.4312354544266' 'mated']
 ['F176' '169.72724019665608' 'mated']
 ['F74' '213.8741116272896' 'mated']
 ['F184' '252.71668960594425' 'mated']
 ['F142' '328.8200871832805' 'mated']]",567.0,71.90631738517762,15.703026651988473,1505.0,252.6590147011306,54.19129691740562,188.0,30.342167368266512,6.204509203928182,9.0,0.8999999999999999,0.09000000000000002,91.0,4.212962962962964,0.19504458161865537
19,0.0,9,359.9575074193062,"[['12' '16.6261877491765' 'present']
 ['7' '70.20434567331075' 'present']
 ['12' '73.82071491170045' 'present']
 ['18' '106.01590385660691' 'present']
 ['12' '123.4989268087802' 'present']
 ['18' '124.78721623228104' 'present']
 ['12' '133.9295306789492' 'present']
 ['7' '183.1352843197056' 'present']
 ['18' '183.67110629229282' 'present']
 ['7' '232.85935914087187' 'present']
 ['0' '243.55957583644204' 'present']
 ['12' '275.31039406128053' 'present']
 ['0' '279.937255777429' 'present']]","[['F34' '32.4907623545099' 'mated']
 ['F32' '125.17356420851863' 'mated']
 ['F87' '136.4620229991075' 'mated']
 ['F192' '177.4383083230294' 'mated']
 ['F97' '184.66111420652018' 'mated']
 ['F122' '188.9629647763584' 'mated']
 ['F190' '202.95140627678526' 'mated']
 ['F35' '271.18110580748885' 'mated']
 ['F16' '277.6779786918524' 'mated']]",561.0,71.59655913955308,16.303422787210245,1723.0,288.5121334519521,61.37573925644644,0.0,0.0,0.0,0.0,0.0,0.0,0.0,0.0,0.0
20,0.0,6,359.99807653477865,"[['12' '52.60886890726456' 'present']
 ['7' '155.98141145257443' 'present']
 ['18' '185.38035743687422' 'marauded']
 ['0' '203.58005080374198' 'present']
 ['7' '237.17765166135223' 'present']
 ['18' '281.4149838652854' 'present']
 ['0' '289.7699845803664' 'present']
 ['18' '289.9183068364931' 'present']
 ['7' '352.39913112467525' 'present']]","[['F30' '62.61356188409866' 'mated']
 ['F143' '105.44965395746972' 'mated']
 ['F126' '138.2429189006605' 'mated']
 ['F6' '155.03006264313794' 'mated']
 ['F169' '183.0054167404262' 'mated']
 ['F177' '246.942159684491' 'mated']]",560.0,72.53392654046213,15.872538309105922,1682.0,281.44188501251017,60.18025292019237,37.0,6.1842430066537775,1.2966483814816276,0.0,0.0,0.0,0.0,0.0,0.0
21,0.0,9,360.2229047547894,"[['7' '6.439605339967528' 'present']
 ['18' '34.27530356256682' 'present']
 ['0' '34.71146800249528' 'present']
 ['12' '40.56785233807991' 'present']
 ['0' '51.21020015450304' 'present']
 ['0' '155.52974941030595' 'present']
 ['7' '168.48102664747253' 'marauded']
 ['0' '191.39304660208592' 'present']
 ['0' '200.45428616974812' 'present']
 ['18' '225.69946563763983' 'present']
 ['12' '231.2016956776177' 'present']
 ['12' '243.72017382165748' 'marauded']
 ['7' '278.98843875871455' 'present']
 ['18' '300.2855009456924' 'present']
 ['7' '309.10752426866264' 'present']
 ['7' '326.8968148643658' 'present']
 ['0' '328.73869970840246' 'present']
 ['12' '335.09061327757456' 'present']
 ['18' '341.0778149920737' 'present']]","[['F44' '46.0886644793004' 'mated']
 ['F83' '54.054420170573415' 'mated']
 ['F116' '56.57142807919629' 'mated']
 ['F13' '71.97657292578606' 'mated']
 ['F86' '148.5218879790086' 'mated']
 ['F8' '151.98766015700485' 'absent']
 ['F88' '192.24634051572798' 'mated']
 ['F24' '192.5954362038226' 'mated']
 ['F90' '202.43545283665316' 'mated']
 ['F181' '224.67979827152752' 'mated']
 ['F77' '319.2431602238498' 'absent']]",559.0,73.28900140296602,15.709827106052797,1617.0,274.6506796094131,59.0144059534002,69.0,12.166833775743944,2.5674273336298725,0.0,0.0,0.0,0.0,0.0,0.0
22,0.0,13,359.95117501247955,"[['18' '0.8738418645867564' 'present']
 ['0' '4.623485726250276' 'present']
 ['7' '21.3685725797038' 'present']
 ['12' '23.964496311016834' 'present']
 ['18' '66.80936988143286' 'present']
 ['18' '103.59856501113211' 'present']
 ['7' '125.35451091665595' 'present']
 ['0' '158.93445096389965' 'marauded']
 ['12' '168.50259085620743' 'present']
 ['12' '336.81125299074006' 'present']]","[['F130' '37.11993738779457' 'absent']
 ['F146' '80.3667888721542' 'mated']
 ['F50' '124.30836882041991' 'mated']
 ['F151' '131.9900443732685' 'mated']
 ['F123' '135.55973053087996' 'mated']
 ['F63' '140.45914168970376' 'absent']
 ['F178' '181.53533373947224' 'mated']
 ['F109' '211.050464306114' 'absent']
 ['F109' '211.0967606024103' 'absent']
 ['F149' '243.94958246027537' 'mated']
 ['F189' '245.3079437781988' 'mated']
 ['F213' '249.05364117784347' 'mated']
 ['F206' '253.71792298231327' 'mated']
 ['F49' '286.16079723122897' 'mated']
 ['F104' '290.08720031698164' 'mated']
 ['F115' '291.6711649719865' 'mated']
 ['F174' '309.6952796291222' 'absent']
 ['F46' '344.379184473301' 'mated']]",554.0,70.68517893569421,15.893342513586624,1667.0,283.28502834107604,60.48191108029689,39.0,6.113797986804596,1.1465884384375702,0.0,0.0,0.0,0.0,0.0,0.0
23,0.0,8,360.2283401390406,"[['7' '7.875770112945567' 'present']
 ['7' '27.716762702914988' 'present']
 ['7' '31.67899790649548' 'marauded']
 ['7' '48.639215483413246' 'marauded']
 ['7' '50.93088353432441' 'destroyed']
 ['7' '107.64882436291992' 'present']
 ['12' '148.30895308961502' 'present']
 ['0' '156.1939877953126' 'present']
 ['0' '183.9844852218501' 'present']
 ['7' '215.67910433190082' 'marauded']
 ['18' '223.58282569595846' 'present']
 ['0' '240.12728827561432' 'present']
 ['0' '289.8162808766627' 'present']
 ['7' '346.0447282999099' 'present']]","[['F147' '92.45219546277303' 'mated']
 ['F212' '106.24390351256099' 'mated']
 ['F12' '127.2019631719132' 'mated']
 ['F193' '173.64624825165907' 'mated']
 ['F91' '196.335002303144' 'mated']
 ['F187' '219.72379776839335' 'absentdestroyed']
 ['F39' '224.18242289400095' 'mated']
 ['F134' '251.7719737801572' 'mated']
 ['F92' '302.5273076549904' 'mated']]",576.0,68.1172621685208,14.230596404465237,1628.0,273.8618210082788,58.21126805522719,108.0,18.194457435389793,4.003313982607966,0.0,0.0,0.0,0.0,0.0,0.0
