id,probability_maraud,successful_mating,next_foraging_time,mar_attempts,mate_attempts,foraging_events,foraging_hrs,foraging_sqhrs,staying_events,staying_hrs,staying_sqhrs,repairing_events,repairing_hrs,repairing_sqhrs,marauding_events,marauding_hrs,marauding_sqhrs,traveling_events,traveling_hrs,traveling_sqhrs
0,0.054,8,360.13408058158535,"[['6' '2.1452902014069806' 'present']
 ['1' '5.10313984189651' 'present']
 ['3' '10.974292696215844' 'present']
 ['5' '14.401345154025101' 'present']
 ['21' '24.220306633788447' 'present']
 ['11' '25.5444149252854' 'present']
 ['11' '48.443955436943035' 'present']
 ['21' '54.79514030174697' 'marauded']
 ['21' '59.26076966878783' 'presentdestroyed']
 ['12' '77.49062141236524' 'present']
 ['15' '81.37107938281626' 'present']
 ['6' '93.73924486335346' 'present']
 ['6' '97.76110381433801' 'marauded']
 ['22' '115.63867920834794' 'present']
 ['12' '117.92626466345102' 'present']
 ['12' '130.2213984057484' 'present']
 ['16' '140.98695298575714' 'present']
 ['16' '150.73696029715293' 'present']
 ['21' '156.52103415494423' 'present']
 ['19' '166.0728494362033' 'present']
 ['15' '171.23275208455541' 'present']
 ['6' '184.29881254165792' 'present']
 ['22' '186.5418184487467' 'present']
 ['12' '189.35292899814306' 'present']
 ['11' '208.77988311236294' 'present']
 ['12' '223.22720237187997' 'present']
 ['21' '234.40774965357915' 'marauded']
 ['3' '234.58613490135988' 'presentdestroyed']
 ['1' '235.55391592031455' 'presentdestroyed']
 ['5' '246.45775627191628' 'present']
 ['12' '267.3133453643497' 'present']
 ['6' '267.36323080735804' 'present']
 ['22' '278.0427566283501' 'marauded']
 ['12' '293.8517602774478' 'present']
 ['11' '295.0855109663181' 'present']
 ['1' '302.63075995739683' 'present']
 ['5' '327.42596870661237' 'marauded']
 ['1' '344.7934933393807' 'present']]","[['F146' '108.14671821261163' 'mated']
 ['F80' '141.93086546690407' 'absent']
 ['F42' '156.92249720642687' 'absent']
 ['F58' '167.88892716023014' 'mated']
 ['F63' '186.1663378341288' 'absent']
 ['F135' '209.12708092860635' 'mated']
 ['F191' '232.1655643206985' 'mated']
 ['F130' '242.02735383083055' 'mated']
 ['F198' '244.57564177630863' 'mated']
 ['F167' '262.32976680251113' 'mated']
 ['F156' '301.6001997217219' 'mated']]",571.0,71.18304260202228,14.146693926440017,1498.0,252.1531514606067,53.55981690314263,175.0,30.436668112651372,6.427070822670199,18.0,1.8000000000000005,0.1800000000000001,97.0,4.490740740740744,0.20790466392318205
1,0.054,13,360.4626002736346,"[['21' '9.840142514046994' 'present']
 ['5' '12.785765826666859' 'present']
 ['12' '49.34859074116711' 'present']
 ['3' '63.474128397323234' 'present']
 ['0' '81.14507179712226' 'present']
 ['15' '87.04376660560227' 'present']
 ['11' '96.39321991688912' 'present']
 ['11' '97.49006771337787' 'present']
 ['15' '101.1417561253108' 'present']
 ['0' '109.17022318575123' 'present']
 ['0' '111.32417396992439' 'present']
 ['0' '119.20225466909706' 'present']
 ['19' '122.44167547458784' 'marauded']
 ['12' '127.13612758347475' 'presentdestroyed']
 ['0' '131.23450326693055' 'present']
 ['11' '139.40783817118296' 'present']
 ['19' '141.31680950893679' 'present']
 ['19' '176.84039093094663' 'marauded']
 ['22' '183.53014490664927' 'presentdestroyed']
 ['15' '185.6097909521734' 'present']
 ['6' '189.40797975796042' 'present']
 ['0' '191.6457836740262' 'present']
 ['12' '214.23526320848893' 'present']
 ['15' '215.34511617402111' 'present']
 ['21' '220.83251465187757' 'present']
 ['22' '223.05876685406014' 'marauded']
 ['21' '240.11557186476142' 'present']
 ['16' '240.6270349460754' 'present']
 ['5' '261.64577296625964' 'present']
 ['21' '264.5744677825434' 'present']
 ['0' '276.86390479442724' 'present']
 ['16' '280.8201661169024' 'present']
 ['3' '284.1900483213539' 'present']
 ['11' '294.67187008731804' 'marauded']
 ['5' '301.8906796005291' 'presentdestroyed']
 ['12' '309.1207033378298' 'present']
 ['16' '309.6434643261759' 'marauded']
 ['15' '349.1690440806075' 'marauded']]","[['F41' '98.06336205940609' 'mated']
 ['F214' '118.49557832627134' 'mated']
 ['F99' '152.45730213406316' 'mated']
 ['F143' '167.78013327601022' 'mated']
 ['F114' '210.5087328166212' 'mated']
 ['F118' '231.60618920311617' 'mated']
 ['F147' '239.11197756744974' 'mated']
 ['F91' '250.80957638774828' 'mated']
 ['F126' '257.89334157648904' 'mated']
 ['F39' '269.55070779423033' 'mated']
 ['F121' '271.42848333099533' 'mated']
 ['F105' '335.4572007638732' 'mated']
 ['F165' '347.02690461778036' 'mated']]",557.0,74.27190479337082,15.792891328031024,1431.0,242.73127042879108,52.30334848680063,218.0,36.87114678884996,8.142799030762918,18.0,1.8000000000000005,0.1800000000000001,95.0,4.398148148148151,0.20361796982167316
2,0.0,14,360.55432871673764,"[['15' '6.264123145603407' 'present']
 ['11' '8.54420716469306' 'marauded']
 ['21' '13.159660686944802' 'presentdestroyed']
 ['1' '21.857014173816033' 'present']
 ['22' '43.74071173448525' 'present']
 ['1' '48.19144098953806' 'present']
 ['16' '76.36368426748348' 'marauded']
 ['19' '82.43325403461063' 'presentdestroyed']
 ['21' '84.93095084024151' 'present']
 ['16' '89.08044079526348' 'present']
 ['6' '103.02280832484605' 'present']
 ['3' '113.59184719249694' 'present']
 ['1' '121.96311133609896' 'present']
 ['11' '143.59926678291637' 'marauded']
 ['0' '156.0431578817715' 'present']
 ['21' '163.1078637513359' 'present']
 ['5' '164.96755751689318' 'marauded']
 ['19' '168.9592235037981' 'presentdestroyed']
 ['0' '171.7808100866581' 'presentdestroyed']
 ['16' '173.1727322747331' 'marauded']
 ['16' '191.08364183891877' 'present']
 ['22' '202.35988005651973' 'present']
 ['1' '203.55906823852766' 'present']
 ['1' '203.88429667196257' 'present']
 ['15' '207.80018138130208' 'present']
 ['6' '208.3578546636061' 'present']
 ['1' '218.92421916463135' 'marauded']
 ['6' '219.42060575691062' 'presentdestroyed']
 ['21' '248.45683243865818' 'present']
 ['6' '267.7770618796285' 'present']
 ['5' '298.6539386472554' 'present']
 ['21' '309.1764367892919' 'present']
 ['21' '333.1051960650014' 'marauded']
 ['11' '343.2062251199749' 'present']]","[['F200' '35.57741710733418' 'mated']
 ['F107' '76.0599875462003' 'mated']
 ['F176' '96.6717327578881' 'absent']
 ['F33' '98.20359714096023' 'mated']
 ['F23' '120.69758503356687' 'mated']
 ['F136' '124.52763393676513' 'mated']
 ['F43' '149.5941606191063' 'destroyed']
 ['F22' '155.2261242695816' 'absent']
 ['F58' '167.865779012082' 'absentdestroyed']
 ['F192' '199.9258842992815' 'mated']
 ['F127' '229.7169265981612' 'mated']
 ['F83' '248.417021872379' 'mated']
 ['F157' '267.1184788955176' 'mated']
 ['F0' '274.9467632662433' 'mated']
 ['F133' '278.68829825021527' 'absent']
 ['F204' '281.1094686117541' 'mated']
 ['F3' '288.9168447142179' 'mated']
 ['F156' '301.5539034254256' 'absent']
 ['F38' '310.337761081813' 'mated']
 ['F180' '318.1407568637322' 'mated']]",575.0,70.07933077818818,13.808572729814811,1432.0,247.0420254033225,53.60940869391345,241.0,42.96095063727285,9.35421353754076,0.0,0.0,0.0,0.0,0.0,0.0
3,0.054,11,360.2728554527588,"[['16' '2.4389162381261578' 'marauded']
 ['5' '36.50381726142965' 'present']
 ['19' '52.23585852296303' 'marauded']
 ['6' '62.317680309521336' 'present']
 ['22' '88.12017201778252' 'present']
 ['6' '99.83297970265654' 'present']
 ['22' '103.01750859772464' 'present']
 ['6' '112.35207993546436' 'present']
 ['0' '124.77893480640252' 'marauded']
 ['16' '135.52211881188467' 'present']
 ['19' '136.86126237889954' 'present']
 ['5' '139.13067638014638' 'present']
 ['0' '151.11679375840185' 'present']
 ['16' '190.57338950879975' 'present']
 ['5' '198.82683217588996' 'present']
 ['12' '200.9187689362876' 'present']
 ['12' '202.79306169947225' 'present']
 ['1' '206.24720484742252' 'present']
 ['16' '221.6234619236114' 'present']
 ['12' '224.97206752485388' 'present']
 ['5' '243.24146869673723' 'present']
 ['19' '270.6260612584244' 'marauded']
 ['11' '281.5561139714107' 'present']
 ['6' '285.76201815988856' 'present']
 ['12' '286.6844374946892' 'present']
 ['21' '288.7006866472813' 'present']
 ['22' '288.9206403535815' 'marauded']
 ['16' '311.96577215036234' 'present']
 ['12' '314.0034941142876' 'marauded']
 ['0' '323.34224705310214' 'present']
 ['1' '329.65534138060485' 'present']
 ['19' '335.3986620893669' 'marauded']
 ['11' '338.9061531448812' 'presentdestroyed']
 ['12' '359.24252240146495' 'present']]","[['F9' '61.109673637478885' 'mated']
 ['F73' '116.3191163237779' 'mated']
 ['F163' '117.15454943778195' 'mated']
 ['F139' '133.00952814870246' 'mated']
 ['F22' '155.24927241772974' 'absent']
 ['F22' '155.29556871402605' 'absent']
 ['F171' '157.19847384830737' 'mated']
 ['F116' '165.1782752508926' 'mated']
 ['F94' '173.06571044562193' 'absent']
 ['F6' '187.06692471455713' 'mated']
 ['F184' '219.50332597364076' 'mated']
 ['F17' '219.73720308546635' 'mated']
 ['F19' '246.43764674058184' 'mated']
 ['F37' '270.21596393058087' 'mated']]",561.0,69.96119847920211,15.267839318518545,1438.0,242.76670361798077,52.3817813572846,245.0,42.74538280744746,9.443701858554327,11.0,1.0999999999999999,0.11000000000000004,77.0,3.564814814814814,0.16503772290809313
4,0.0,6,359.8796811931045,"[['3' '0.023148148148148147' 'present']
 ['1' '18.232440239169403' 'present']
 ['5' '21.478350607166806' 'present']
 ['3' '29.94708901650398' 'present']
 ['0' '30.496400198032124' 'present']
 ['5' '32.41953678281166' 'present']
 ['11' '33.29946659952957' 'present']
 ['11' '33.831583607063436' 'present']
 ['6' '40.14923724756252' 'present']
 ['16' '56.446215629478644' 'marauded']
 ['19' '61.53821178700108' 'presentdestroyed']
 ['12' '68.53083387040878' 'present']
 ['3' '75.482845976464' 'present']
 ['15' '76.20927293628439' 'present']
 ['0' '80.02088745491893' 'marauded']
 ['6' '85.66733839010043' 'presentdestroyed']
 ['6' '102.76949627612619' 'present']
 ['12' '119.16887614549987' 'present']
 ['1' '120.93853120909884' 'present']
 ['3' '122.74165260633575' 'present']
 ['12' '124.17651649349212' 'present']
 ['5' '124.5484446900791' 'present']
 ['0' '134.74537112449153' 'present']
 ['3' '140.8924218911099' 'present']
 ['22' '154.09537075869534' 'present']
 ['0' '158.0075355975279' 'marauded']
 ['11' '205.70654551134655' 'present']
 ['11' '222.05321778990702' 'present']
 ['0' '225.7745475446011' 'present']
 ['11' '226.01276200067522' 'present']
 ['3' '232.99119101719958' 'present']
 ['11' '235.17926713077708' 'present']
 ['11' '239.26758588464764' 'present']
 ['16' '240.71962753866802' 'present']
 ['6' '244.37526576901934' 'marauded']
 ['19' '247.71796739575535' 'destroyed']
 ['22' '258.3726531397354' 'present']
 ['3' '262.1645755156476' 'marauded']
 ['0' '263.19227374815665' 'presentdestroyed']
 ['0' '263.23857004445296' 'presentdestroyed']
 ['11' '266.0894076806502' 'presentdestroyed']
 ['12' '280.5082853491888' 'present']
 ['22' '313.7436022448143' 'present']
 ['15' '316.35853981809225' 'present']
 ['6' '318.5564364131117' 'present']
 ['3' '345.27900772057916' 'present']]","[['F62' '6.443044207618352' 'absent']
 ['F178' '123.85315509966792' 'mated']
 ['F79' '132.08886531898372' 'mated']
 ['F70' '173.5611160925164' 'mated']
 ['F63' '186.2126341304251' 'mated']
 ['F211' '192.86829751648247' 'mated']
 ['F15' '217.19700742507442' 'mated']
 ['F93' '246.58261966608472' 'destroyed']]",545.0,69.69549453966835,14.065608787928168,1528.0,260.02541260892383,56.003943563281624,182.0,30.390638572619547,6.4428254483508365,0.0,0.0,0.0,0.0,0.0,0.0
5,0.054,6,360.08317187052296,"[['1' '6.945174640098948' 'present']
 ['21' '18.951924790803574' 'present']
 ['3' '32.63290333119672' 'present']
 ['0' '36.84301417845407' 'present']
 ['21' '45.07228584040553' 'present']
 ['1' '48.874173937274605' 'present']
 ['0' '71.76645305223958' 'present']
 ['19' '71.9253674507735' 'present']
 ['12' '78.89540570671593' 'present']
 ['1' '89.43746434876542' 'present']
 ['16' '100.91124386152867' 'present']
 ['6' '102.97651202854975' 'present']
 ['15' '103.708835358684' 'present']
 ['15' '107.11040523384489' 'marauded']
 ['15' '119.5124375258701' 'present']
 ['16' '159.74784456145719' 'present']
 ['19' '170.89420281029072' 'present']
 ['6' '183.95528507458806' 'marauded']
 ['11' '184.9390391771693' 'presentdestroyed']
 ['6' '187.69776620848887' 'presentdestroyed']
 ['0' '201.44835443262645' 'marauded']
 ['0' '207.3603325610726' 'presentdestroyed']
 ['11' '207.42996409814987' 'presentdestroyed']
 ['15' '210.11041695812133' 'marauded']
 ['15' '231.8068621875045' 'present']
 ['19' '234.0315037994629' 'marauded']
 ['6' '237.13803531899273' 'presentdestroyed']
 ['6' '244.32896947272303' 'present']
 ['1' '246.80933737414716' 'present']
 ['11' '247.00652392188513' 'present']
 ['0' '259.4511500899836' 'present']
 ['0' '275.81027313135274' 'present']
 ['22' '285.7361775382649' 'present']
 ['21' '289.0792595696565' 'present']
 ['1' '292.3516049407335' 'present']
 ['1' '293.2548227728096' 'present']
 ['0' '296.91973824191854' 'present']
 ['3' '300.8759782039107' 'present']
 ['1' '322.17628210053994' 'present']
 ['16' '322.31921775592053' 'present']
 ['11' '329.30042719041734' 'present']
 ['3' '329.4215134504359' 'marauded']
 ['1' '335.6879516424917' 'presentdestroyed']
 ['16' '357.6772062725893' 'present']
 ['3' '358.8213609587206' 'present']]","[['F62' '6.4661923557665' 'mated']
 ['F175' '48.27194163380886' 'mated']
 ['F36' '102.29981474490025' 'mated']
 ['F170' '103.82772467865125' 'mated']
 ['F213' '117.35795549115785' 'absent']
 ['F69' '161.56351944017746' 'mated']
 ['F18' '238.5492025936299' 'destroyed']
 ['F57' '238.98851564468646' 'destroyed']
 ['F198' '244.55249362816048' 'absent']
 ['F167' '262.306618654363' 'absent']
 ['F151' '323.47237063644934' 'mated']]",554.0,72.9589796615969,16.039013647660003,1444.0,245.26752000951848,52.7419383247387,214.0,36.68274176272471,7.940846163721303,14.0,1.4000000000000001,0.14000000000000007,80.0,3.703703703703703,0.17146776406035646
6,0.054,15,360.01099942222555,"[['12' '20.69750802019504' 'marauded']
 ['21' '29.323955700757637' 'present']
 ['16' '33.41726336413815' 'present']
 ['1' '40.753276893049296' 'marauded']
 ['5' '81.67555899810442' 'present']
 ['11' '81.87942365010284' 'present']
 ['1' '86.8287475600662' 'present']
 ['15' '96.67720661617126' 'present']
 ['16' '104.59426748969885' 'present']
 ['19' '107.08030835085594' 'present']
 ['3' '108.4746015342495' 'present']
 ['0' '113.8528521566235' 'present']
 ['1' '117.3324516194003' 'present']
 ['12' '124.13022019719581' 'present']
 ['11' '147.41313700165747' 'present']
 ['1' '154.42412392767838' 'present']
 ['3' '165.9367689251236' 'present']
 ['19' '174.54682715681835' 'marauded']
 ['12' '187.66910149413442' 'present']
 ['12' '193.94263876503192' 'present']
 ['0' '198.1497218011141' 'present']
 ['21' '216.05780328483294' 'present']
 ['19' '216.80277676652955' 'present']
 ['1' '240.3109141247385' 'present']
 ['21' '240.46187753115083' 'present']
 ['19' '252.50070265609148' 'present']
 ['16' '271.2365061390325' 'present']
 ['1' '282.5412942753197' 'present']
 ['3' '305.03378694352244' 'marauded']
 ['22' '313.2114257387066' 'present']
 ['22' '327.660166482592' 'present']
 ['12' '331.99033757743865' 'marauded']
 ['3' '332.6545584099799' 'presentdestroyed']
 ['11' '347.6337921132445' 'marauded']
 ['12' '357.81444110275' 'marauded']
 ['21' '359.297669157996' 'destroyed']]","[['F199' '56.36342067484427' 'mated']
 ['F205' '57.33921250307908' 'mated']
 ['F177' '62.89764733653846' 'mated']
 ['F92' '72.1548298826055' 'absent']
 ['F51' '145.49322424807232' 'mated']
 ['F162' '157.59173609897317' 'mated']
 ['F153' '172.27320961535554' 'mated']
 ['F94' '173.08885859377008' 'mated']
 ['F87' '210.6670755238825' 'mated']
 ['F166' '228.08067991910542' 'mated']
 ['F34' '242.14508724098553' 'mated']
 ['F158' '247.04794794328475' 'mated']
 ['F203' '248.6082370159681' 'mated']
 ['F132' '285.8470134061421' 'mated']
 ['F152' '294.0079843562382' 'mated']
 ['F125' '302.9727440851125' 'mated']]",571.0,71.45269744880451,14.152582985924623,1460.0,245.20354459596768,51.80895086896444,214.0,38.291735809725154,8.540658947564971,11.0,1.0999999999999999,0.11000000000000004,86.0,3.9814814814814805,0.18432784636488314
7,0.0,11,360.395306841831,"[['11' '8.690503460989357' 'present']
 ['1' '16.99345524109955' 'marauded']
 ['0' '23.53800594347638' 'presentdestroyed']
 ['12' '28.306744589252357' 'present']
 ['12' '29.873143228314305' 'marauded']
 ['15' '29.895453473052875' 'presentdestroyed']
 ['3' '51.870175429703025' 'present']
 ['6' '78.06556824617948' 'marauded']
 ['0' '79.97459115862263' 'destroyed']
 ['21' '87.14997984478262' 'present']
 ['11' '92.34372366505103' 'present']
 ['16' '98.20678228856868' 'present']
 ['21' '100.18671968859587' 'present']
 ['6' '114.78149909627625' 'present']
 ['16' '150.36508040966328' 'present']
 ['1' '156.736235105188' 'present']
 ['0' '167.32640940155895' 'present']
 ['1' '167.95345494368104' 'present']
 ['16' '171.74567992984677' 'present']
 ['0' '177.235637352061' 'present']
 ['6' '183.37022426422965' 'present']
 ['11' '203.74430279307424' 'marauded']
 ['19' '203.78147424611905' 'presentdestroyed']
 ['5' '209.99425981206178' 'presentdestroyed']
 ['0' '210.2206770507859' 'presentdestroyed']
 ['21' '217.10797363854957' 'marauded']
 ['12' '219.33319475145564' 'presentdestroyed']
 ['16' '226.00633628726592' 'present']
 ['15' '236.45794442050575' 'present']
 ['1' '242.20074499824358' 'present']
 ['21' '254.43111088378868' 'present']
 ['21' '255.5006803610092' 'present']
 ['19' '283.2085935362418' 'present']
 ['12' '303.3943222406907' 'marauded']
 ['16' '306.93328224078795' 'presentdestroyed']
 ['6' '322.6287567907171' 'marauded']
 ['19' '330.1782020410638' 'present']
 ['12' '341.7810116972082' 'present']
 ['6' '356.7119984368478' 'present']]","[['F140' '33.08865465678109' 'destroyed']
 ['F164' '47.956728693428424' 'mated']
 ['F173' '65.0197077091822' 'absent']
 ['F31' '127.00101490259523' 'mated']
 ['F185' '159.68660199401614' 'mated']
 ['F40' '161.36016197084317' 'mated']
 ['F12' '163.8721895734825' 'mated']
 ['F193' '195.10361841225796' 'mated']
 ['F55' '217.33905307918772' 'destroyed']
 ['F201' '232.1853312702338' 'mated']
 ['F179' '234.48022608565742' 'mated']
 ['F108' '241.41224022759388' 'mated']
 ['F21' '282.47402772810005' 'absent']
 ['F8' '344.10073366556344' 'mated']
 ['F109' '350.1387287006561' 'mated']]",568.0,70.58125021305165,14.811025286308581,1488.0,246.94059529975272,51.73049561857872,251.0,42.49486538419665,9.356884575024129,0.0,0.0,0.0,0.0,0.0,0.0
8,0.0,8,360.3362834352527,"[['16' '4.920577853270001' 'present']
 ['6' '6.522603010589979' 'present']
 ['11' '26.651862360298885' 'present']
 ['15' '29.849157176756577' 'present']
 ['19' '29.98335816728143' 'present']
 ['16' '41.21221769540072' 'marauded']
 ['0' '79.92829486232633' 'present']
 ['0' '81.43979344073608' 'present']
 ['11' '83.9742946563346' 'present']
 ['11' '94.49505935245577' 'present']
 ['6' '99.65214633919199' 'present']
 ['15' '102.43379651277061' 'marauded']
 ['22' '114.72357966433393' 'present']
 ['5' '127.51725682851372' 'present']
 ['15' '135.13406931245842' 'present']
 ['19' '138.57004632444733' 'present']
 ['15' '156.66459909680444' 'present']
 ['6' '162.32494351761937' 'present']
 ['15' '167.02216734088955' 'marauded']
 ['0' '175.5705241571327' 'present']
 ['12' '188.86663061991433' 'present']
 ['0' '189.74031386970145' 'present']
 ['15' '190.84280509880506' 'present']
 ['0' '200.08316738433834' 'marauded']
 ['19' '205.97412961368542' 'presentdestroyed']
 ['11' '211.0034010146842' 'present']
 ['6' '218.62650973760248' 'present']
 ['6' '223.20071325296786' 'marauded']
 ['19' '223.39480340502587' 'presentdestroyed']
 ['16' '229.36312266660275' 'presentdestroyed']
 ['22' '250.83393424472732' 'present']
 ['21' '253.52265595424146' 'present']
 ['22' '258.7134380768585' 'present']
 ['1' '260.89003959041037' 'marauded']
 ['19' '262.69379753962113' 'presentdestroyed']
 ['19' '269.85556513010806' 'present']
 ['1' '276.5613311526438' 'present']
 ['16' '302.24518685322045' 'marauded']
 ['15' '311.51473900969734' 'present']
 ['5' '315.8936703292435' 'present']
 ['22' '337.45377838345735' 'present']
 ['22' '341.0658074564882' 'present']]","[['F78' '46.6395665427361' 'destroyed']
 ['F26' '63.30272391142612' 'mated']
 ['F92' '72.17797803075365' 'mated']
 ['F53' '93.54018189468248' 'mated']
 ['F43' '149.61730876725446' 'mated']
 ['F7' '149.8941495263723' 'mated']
 ['F68' '188.74261828057718' 'mated']
 ['F77' '221.6353909592982' 'mated']
 ['F104' '227.3411563845818' 'absentdestroyed']
 ['F102' '300.27679305634774' 'mated']]",576.0,68.89206771732405,13.956877073195463,1459.0,248.3593581048781,54.11303660796555,269.0,42.75577038210899,8.797573188850523,0.0,0.0,0.0,0.0,0.0,0.0
9,0.0,10,360.0546827196809,"[['19' '2.1596055053420753' 'present']
 ['19' '3.803765175490435' 'marauded']
 ['15' '10.499868800143059' 'destroyed']
 ['22' '15.046562826544752' 'present']
 ['16' '22.913888385952593' 'marauded']
 ['12' '30.730345646386716' 'present']
 ['0' '34.7258997426613' 'present']
 ['16' '49.303967065040084' 'marauded']
 ['16' '67.5182788440211' 'present']
 ['0' '68.57159656598313' 'present']
 ['22' '87.19512052978024' 'present']
 ['5' '90.43212130004618' 'present']
 ['19' '109.66985813763975' 'present']
 ['5' '117.32868728628654' 'present']
 ['16' '118.3176546032872' 'present']
 ['5' '119.19071357720154' 'present']
 ['19' '137.39378773643338' 'present']
 ['12' '140.7358134717967' 'present']
 ['22' '141.14507658533907' 'marauded']
 ['1' '142.16157094153576' 'destroyed']
 ['5' '154.35892251021662' 'present']
 ['5' '154.93579044637266' 'present']
 ['6' '161.41278915279173' 'present']
 ['11' '165.61112994625734' 'present']
 ['22' '168.57988643020968' 'present']
 ['22' '182.41026644443974' 'marauded']
 ['1' '188.33296769890438' 'presentdestroyed']
 ['15' '191.22127452320316' 'present']
 ['12' '192.20290470572854' 'present']
 ['11' '195.15979342737268' 'present']
 ['12' '198.425423903077' 'present']
 ['19' '202.86898069541726' 'marauded']
 ['15' '224.0179293337011' 'present']
 ['1' '231.76582251366204' 'present']
 ['12' '236.48396551282238' 'marauded']
 ['21' '237.898841529602' 'presentdestroyed']
 ['6' '244.25487045717168' 'present']
 ['21' '245.05743219487016' 'present']
 ['6' '250.15291131261964' 'present']
 ['19' '251.30651304413212' 'marauded']
 ['21' '256.28297948272973' 'presentdestroyed']
 ['16' '265.0520510871226' 'present']
 ['19' '274.9070135954872' 'marauded']
 ['21' '288.2901288400783' 'present']
 ['0' '292.32394863659016' 'present']
 ['12' '304.6560752947921' 'present']
 ['5' '308.686644625963' 'present']
 ['22' '309.9325214586569' 'present']
 ['5' '314.0923590159462' 'marauded']
 ['6' '314.8905744718996' 'presentdestroyed']
 ['3' '352.4751510721259' 'marauded']
 ['16' '354.8526605803164' 'destroyed']
 ['19' '356.2455022215766' 'destroyed']]","[['F155' '21.14036092326395' 'mated']
 ['F100' '72.68691149318137' 'mated']
 ['F35' '78.7264274697745' 'mated']
 ['F89' '156.25577867461533' 'mated']
 ['F186' '193.43450316349262' 'mated']
 ['F1' '202.75195940931988' 'mated']
 ['F135' '209.1039327804582' 'destroyed']
 ['F144' '216.88868508419773' 'mated']
 ['F130' '242.0042056826824' 'destroyed']
 ['F93' '246.60576781423288' 'mated']
 ['F138' '247.10247448838913' 'mated']
 ['F21' '282.4508795799519' '']
 ['F14' '309.2405570724013' 'mated']]",576.0,69.58328247135354,14.164256065260451,1344.0,223.00021357564015,47.390713590453295,406.0,67.47871021203993,14.405685194309845,0.0,0.0,0.0,0.0,0.0,0.0
10,0.0,8,360.61991585607257,"[['12' '4.084265397587569' 'marauded']
 ['15' '12.585228206086297' 'present']
 ['6' '19.861789758956597' 'present']
 ['15' '29.439414462188086' 'present']
 ['19' '33.95689088383463' 'present']
 ['12' '37.20814554661145' 'present']
 ['19' '57.65002421580534' 'marauded']
 ['21' '75.87004136810016' 'present']
 ['1' '86.73449821089156' 'present']
 ['5' '102.8513724287842' 'present']
 ['0' '126.88460950768729' 'marauded']
 ['12' '132.17168973458905' 'destroyed']
 ['16' '134.9092635452496' 'present']
 ['22' '137.45379102109393' 'present']
 ['12' '139.77256607938227' 'present']
 ['5' '141.45567351935173' 'present']
 ['1' '152.8980882676515' 'present']
 ['0' '154.3218802185716' 'present']
 ['12' '177.94632718142154' 'present']
 ['11' '181.61436060380214' 'present']
 ['21' '204.88645361364146' 'present']
 ['11' '205.28959615071076' 'present']
 ['1' '205.82602726280135' 'marauded']
 ['0' '216.7239734599711' 'marauded']
 ['11' '235.83396535958315' 'present']
 ['0' '253.1869984046311' 'marauded']
 ['0' '255.3133040182136' 'presentdestroyed']
 ['12' '266.92867163378025' 'present']
 ['0' '277.49638639403946' 'present']
 ['12' '282.69521819773746' 'present']
 ['21' '286.2473959908393' 'present']
 ['19' '296.10337864631714' 'present']
 ['19' '297.66425324299263' 'marauded']
 ['11' '305.23004918687616' 'present']
 ['1' '328.5031334667302' 'marauded']
 ['0' '343.4678583619812' 'present']
 ['15' '353.0393010894898' 'present']]","[['F197' '97.72158421988426' 'mated']
 ['F120' '142.1674432185022' 'mated']
 ['F13' '166.64568918064478' 'mated']
 ['F16' '198.96815394724143' 'mated']
 ['F189' '222.19397525887445' 'absentdestroyed']
 ['F104' '227.36430453272996' 'mated']
 ['F65' '233.8374289274047' 'mated']
 ['F169' '266.1133719173512' 'mated']
 ['F121' '271.4053351828472' 'absent']
 ['F212' '278.9840339411262' 'absent']
 ['F45' '294.12254263708996' 'mated']]",574.0,72.87150970532237,14.769198272367282,1395.0,238.58598181308838,52.35113076360884,279.0,48.67139463402019,10.654075524079744,0.0,0.0,0.0,0.0,0.0,0.0
11,0.054,5,359.8795216659651,"[['3' '10.532697404793668' 'marauded']
 ['1' '17.37783945121117' 'destroyed']
 ['12' '22.04921241717011' 'present']
 ['16' '37.69167785536395' 'present']
 ['16' '64.494020084651' 'present']
 ['6' '70.32941558968018' 'present']
 ['15' '75.51664771280925' 'present']
 ['3' '104.55114841745562' 'present']
 ['22' '106.7097110789234' 'marauded']
 ['16' '107.72063721539683' 'destroyed']
 ['22' '117.14722603399512' 'present']
 ['6' '119.75224445618642' 'present']
 ['6' '120.30221008864449' 'marauded']
 ['16' '130.74585167106437' 'present']
 ['5' '157.2729886626057' 'marauded']
 ['1' '165.6889509250962' 'present']
 ['1' '170.4039296825714' 'marauded']
 ['12' '180.69369876617458' 'present']
 ['22' '187.02234955773426' 'present']
 ['16' '217.08044727061738' 'present']
 ['6' '222.73580146188496' 'present']
 ['1' '230.47447710903646' 'present']
 ['3' '258.7925389089295' 'present']
 ['0' '267.75574099580194' 'present']
 ['19' '269.23104437621845' 'present']
 ['19' '272.4844508190831' 'present']
 ['19' '276.3342198695815' 'present']
 ['5' '279.7804490782' 'present']
 ['15' '314.06351803037364' 'present']
 ['1' '319.11340960186476' 'marauded']
 ['16' '327.0253882660038' 'present']
 ['12' '354.6644062118233' 'marauded']
 ['3' '357.1771918583436' 'destroyed']]","[['F59' '98.26499932117267' 'mated']
 ['F4' '99.2461074594801' 'mated']
 ['F31' '126.97786675444708' 'absentdestroyed']
 ['F29' '268.03715257589045' 'mated']
 ['F21' '282.4971758762482' 'mated']
 ['F25' '288.3172985678145' 'mated']]",563.0,73.2014390482728,15.689391394669377,1431.0,241.18884893595825,51.213339297625446,239.0,40.78446968929206,9.057941629237847,11.0,1.0999999999999999,0.11000000000000004,81.0,3.749999999999999,0.1736111111111109
12,0.054,12,359.97648984004604,"[['0' '2.6384506706899815' 'present']
 ['22' '27.394670846866376' 'present']
 ['5' '38.972564691957686' 'present']
 ['16' '39.73912805740596' 'marauded']
 ['21' '73.51793182174593' 'present']
 ['1' '81.27504834176378' 'marauded']
 ['22' '84.8497945276144' 'presentdestroyed']
 ['21' '87.79111636855347' 'presentdestroyed']
 ['16' '88.03628098555014' 'presentdestroyed']
 ['19' '98.2408619066059' 'marauded']
 ['3' '98.73102710404417' 'presentdestroyed']
 ['22' '109.04595391363567' 'present']
 ['5' '146.68935756457586' 'present']
 ['21' '147.84116037997347' 'marauded']
 ['3' '155.87069537720294' 'present']
 ['1' '161.41462198903744' 'present']
 ['5' '165.9381351948641' 'marauded']
 ['0' '171.11181073498605' 'presentdestroyed']
 ['15' '174.87655757679354' 'present']
 ['1' '191.68617686464896' 'present']
 ['0' '209.428431568798' 'present']
 ['15' '211.1862290781707' 'present']
 ['3' '224.50548435878432' 'present']
 ['1' '248.40119709103803' 'present']
 ['11' '255.37246279757062' 'present']
 ['11' '256.12680665342975' 'present']
 ['1' '258.5140451552918' 'marauded']
 ['15' '262.1335897513819' 'presentdestroyed']
 ['1' '291.5234178199649' 'present']
 ['0' '292.27765234029386' 'present']
 ['11' '295.27579959068873' 'present']
 ['22' '304.8781783274414' 'present']
 ['3' '309.32468673616967' 'present']
 ['22' '314.2542692827617' 'present']
 ['19' '314.3740839477034' 'present']
 ['19' '314.96177467365027' 'marauded']
 ['22' '329.29180669085184' 'present']
 ['19' '333.928946531846' 'marauded']
 ['11' '338.73581629816016' 'destroyed']
 ['11' '341.1537430671998' 'presentdestroyed']
 ['3' '343.65291942619706' 'present']
 ['6' '345.4549634501193' 'present']]","[['F206' '63.1710290347519' 'mated']
 ['F48' '73.0477306147702' 'mated']
 ['F154' '127.56763710525067' 'mated']
 ['F24' '130.3427451273251' 'mated']
 ['F60' '145.06844378996706' 'mated']
 ['F84' '147.3466814431559' 'mated']
 ['F210' '162.97205590239543' 'mated']
 ['F44' '200.96426808813914' 'mated']
 ['F144' '216.86553693604958' 'absent']
 ['F195' '225.47347130938581' 'mated']
 ['F57' '239.0116637928346' 'mated']
 ['F168' '272.0361369140751' 'mated']
 ['F3' '288.89369656606976' 'absent']
 ['F129' '300.4531895998039' 'absent']
 ['F96' '327.7973886845501' 'mated']]",570.0,68.73561660872916,13.546102728958346,1392.0,237.0737695569795,50.612655749595866,293.0,48.92134850559697,10.500035261336855,12.0,1.2,0.12000000000000005,88.0,4.0740740740740735,0.18861454046639203
13,0.0,9,360.1651516915678,"[['6' '7.999492113480014' 'present']
 ['15' '8.701223572722864' 'present']
 ['3' '10.742748412580386' 'present']
 ['15' '27.30696387475318' 'present']
 ['11' '32.55595239705302' 'present']
 ['11' '37.5758603949195' 'present']
 ['1' '46.90791372294532' 'present']
 ['5' '51.28389492099145' 'marauded']
 ['21' '80.94485638151784' 'present']
 ['5' '96.65325110687323' 'present']
 ['22' '98.07536724775765' 'present']
 ['1' '143.3702805514432' 'present']
 ['15' '155.3262262923482' 'marauded']
 ['19' '163.24830786018123' 'present']
 ['5' '183.40023009564098' 'marauded']
 ['0' '187.17453712781324' 'presentdestroyed']
 ['19' '194.16616359256753' 'present']
 ['16' '199.309555550471' 'present']
 ['22' '202.15893771411578' 'marauded']
 ['0' '212.09576113269466' 'marauded']
 ['6' '212.4311839476003' 'presentdestroyed']
 ['15' '214.85008444021534' 'presentdestroyed']
 ['12' '231.60890617706798' 'present']
 ['0' '232.3531471264895' 'present']
 ['11' '232.59784906947948' 'marauded']
 ['5' '249.01959585347745' 'present']
 ['21' '260.69390576543026' 'marauded']
 ['16' '275.1882842172355' 'present']
 ['1' '284.9148958842842' 'marauded']
 ['16' '287.2841804927646' 'presentdestroyed']
 ['11' '287.39102942039705' 'presentdestroyed']
 ['6' '289.1778972150461' 'destroyed']
 ['19' '303.57269687254836' 'present']
 ['5' '306.2646102584985' 'present']
 ['15' '342.4192678068535' 'present']
 ['15' '342.4671342334249' 'present']
 ['15' '354.5055886916779' 'present']]","[['F194' '46.20359810233423' 'mated']
 ['F205' '57.31606435493094' 'absentdestroyed']
 ['F53' '93.51703374653432' 'absent']
 ['F56' '99.78446615757271' 'mated']
 ['F97' '123.03926982639815' 'mated']
 ['F150' '134.42506875374087' 'mated']
 ['F22' '155.2724205658779' 'absent']
 ['F74' '165.4060991228227' 'mated']
 ['F172' '168.7208786347205' 'mated']
 ['F66' '182.34439255183847' 'mated']
 ['F111' '211.66631774953282' 'mated']
 ['F64' '242.0135740037108' 'mated']
 ['F169' '266.090223769203' 'destroyed']]",553.0,74.30286162587812,16.526292291527504,1391.0,236.42654985308803,50.59823858520536,290.0,49.27863615166611,10.406536571399984,0.0,0.0,0.0,0.0,0.0,0.0
14,0.0,8,360.27799967183165,"[['16' '0.7298189056857689' 'marauded']
 ['6' '3.0796572757491743' 'destroyed']
 ['0' '36.24170092321257' 'present']
 ['3' '38.019027195855415' 'present']
 ['0' '40.49665720133526' 'present']
 ['16' '61.631727432790754' 'present']
 ['12' '66.06682318340945' 'present']
 ['21' '67.61096426313533' 'present']
 ['19' '69.06077786723039' 'marauded']
 ['16' '71.73316179996631' 'presentdestroyed']
 ['22' '74.52490361142173' 'presentdestroyed']
 ['3' '75.52914227276031' 'destroyed']
 ['19' '77.57157195703302' 'present']
 ['16' '86.19655463894188' 'present']
 ['19' '88.42474577414853' 'present']
 ['3' '95.33648548593648' 'present']
 ['22' '103.31006970505422' 'marauded']
 ['12' '119.21517244179617' 'present']
 ['6' '120.07801899744399' 'present']
 ['5' '127.26772482670317' 'present']
 ['21' '131.01532165198097' 'marauded']
 ['5' '132.82579016681942' 'presentdestroyed']
 ['22' '135.31278538967092' 'presentdestroyed']
 ['6' '142.64925992647474' 'marauded']
 ['0' '152.47146214524827' 'marauded']
 ['5' '153.65731453688616' 'presentdestroyed']
 ['12' '181.34648550963573' 'present']
 ['22' '184.94658640835718' 'present']
 ['15' '189.21263358674653' 'present']
 ['0' '193.24487442583168' 'present']
 ['6' '203.73295846789702' 'present']
 ['12' '208.04330528335404' 'present']
 ['5' '209.49683830487507' 'present']
 ['3' '216.9825197795732' 'present']
 ['5' '217.51268018163555' 'present']
 ['11' '230.1816879171142' 'present']
 ['3' '236.60997044383728' 'present']
 ['15' '242.48045685167082' 'present']
 ['3' '244.5754477218092' 'marauded']
 ['6' '246.67642083573767' 'presentdestroyed']
 ['12' '248.75194290379756' 'presentdestroyed']
 ['16' '248.97677919188843' 'presentdestroyed']
 ['22' '264.0609706602107' 'present']
 ['6' '269.00051171570476' 'present']
 ['16' '282.10509232697547' 'present']
 ['1' '284.7517420677987' 'present']
 ['5' '285.87689280907836' 'present']
 ['22' '299.4829042830163' 'present']
 ['11' '300.41421280285454' 'marauded']
 ['12' '311.9651358623149' 'present']
 ['3' '327.7503598589504' 'present']
 ['11' '332.90844519982903' 'present']
 ['6' '340.865680448853' 'present']
 ['5' '343.8205465707078' 'present']
 ['19' '348.07859583536543' 'present']
 ['22' '352.7972561506507' 'present']]","[['F140' '33.11180280492923' 'mated']
 ['F78' '46.66271469088424' 'mated']
 ['F146' '108.12357006446348' 'absentdestroyed']
 ['F80' '142.00030991134852' 'mated']
 ['F42' '156.94564535457502' 'destroyed']
 ['F88' '158.90611569303383' 'destroyed']
 ['F187' '187.06248929594062' 'mated']
 ['F90' '189.12123872215452' 'mated']
 ['F16' '198.92185765094513' 'absent']
 ['F86' '207.29176492580635' 'mated']
 ['F55' '217.36220122733587' 'absent']
 ['F148' '233.08403937101818' 'mated']
 ['F203' '248.58508886781993' 'absentdestroyed']
 ['F98' '341.197200121503' 'mated']]",566.0,69.58468169486531,14.191001122200548,1425.0,241.53811458838746,51.625178373433094,281.0,48.95900297767036,10.482242969904977,0.0,0.0,0.0,0.0,0.0,0.0
15,0.054,8,360.0722756247575,"[['0' '2.6847469669862782' 'present']
 ['12' '15.037745398873053' 'marauded']
 ['3' '22.25588884827403' 'presentdestroyed']
 ['16' '32.628358509402766' 'present']
 ['1' '39.44585778941907' 'present']
 ['5' '46.928535615926386' 'marauded']
 ['5' '65.22106385293606' 'marauded']
 ['3' '67.2673805340115' 'presentdestroyed']
 ['12' '67.88429549703369' 'presentdestroyed']
 ['3' '77.81558075033506' 'present']
 ['19' '90.83032843193179' 'present']
 ['16' '109.46456162353391' 'marauded']
 ['5' '117.37498358258284' 'destroyed']
 ['1' '120.03824595681613' 'marauded']
 ['0' '139.39942223057176' 'present']
 ['11' '168.52649908422592' 'present']
 ['11' '182.61000423422496' 'present']
 ['21' '206.6940268847691' 'present']
 ['11' '232.27221833437295' 'present']
 ['1' '236.6021199549104' 'present']
 ['5' '253.5587242849133' 'present']
 ['16' '253.69942455207564' 'marauded']
 ['3' '256.83641132366904' 'presentdestroyed']
 ['11' '258.25000531240767' 'presentdestroyed']
 ['6' '260.7978868441224' 'present']
 ['1' '267.37408447771946' 'present']
 ['5' '275.5797297050703' 'present']
 ['21' '292.63996423294896' 'marauded']
 ['11' '303.3280184480162' 'marauded']
 ['11' '306.61914320071327' 'presentdestroyed']
 ['22' '318.7115639523351' 'marauded']
 ['19' '334.07524282814234' 'marauded']
 ['3' '344.6729608559878' 'present']
 ['12' '345.21841656736524' 'present']
 ['5' '351.2129174199839' 'present']
 ['3' '354.48042382250287' 'present']
 ['16' '355.54064074509756' 'present']]","[['F110' '45.08521126863166' 'absent']
 ['F141' '143.02072268019566' 'mated']
 ['F42' '156.96879350272317' 'mated']
 ['F54' '226.43742658211352' 'mated']
 ['F34' '242.09879094468923' 'absent']
 ['F196' '242.55826889050522' 'mated']
 ['F101' '249.6085992336108' 'mated']
 ['F133' '278.7345945465116' 'mated']
 ['F21' '282.42773143180375' 'absent']
 ['F209' '285.78673248582584' 'mated']
 ['F129' '300.4763377479521' 'mated']
 ['F20' '307.94724011479' 'destroyed']
 ['F105' '335.434052615725' 'absentdestroyed']
 ['F98' '341.17405197335484' 'destroyed']]",564.0,70.79555713722601,14.805374982584883,1319.0,222.95159031626227,48.61167046847078,362.0,61.430062639624225,13.01696188917362,13.0,1.3,0.13000000000000006,77.0,3.564814814814814,0.16503772290809313
16,0.054,13,360.03548510509216,"[['6' '14.40349843979143' 'present']
 ['0' '22.986489689633434' 'marauded']
 ['0' '48.108785973119595' 'present']
 ['15' '89.75251766276571' 'present']
 ['6' '93.41168946946183' 'present']
 ['21' '106.95693966750045' 'present']
 ['15' '107.97553739242056' 'present']
 ['3' '112.52628525199324' 'present']
 ['12' '114.27724857993505' 'present']
 ['12' '120.96415271930337' 'marauded']
 ['11' '130.21222894664507' 'present']
 ['22' '144.2510809878794' 'present']
 ['0' '151.6859559890769' 'marauded']
 ['5' '153.70361083318247' 'destroyed']
 ['0' '157.07425463603283' 'presentdestroyed']
 ['12' '160.26669906568782' 'present']
 ['21' '164.10981236626625' 'marauded']
 ['12' '204.61977260861147' 'present']
 ['12' '215.59046172794524' 'present']
 ['6' '221.82629466306813' 'present']
 ['11' '225.96646570437892' 'present']
 ['6' '242.6375984879292' 'present']
 ['12' '248.37398559179297' 'present']
 ['0' '254.43546685285565' 'present']
 ['11' '256.76314970736576' 'present']
 ['11' '262.4169368798796' 'present']
 ['0' '271.8739593888496' 'present']
 ['22' '283.8158018981722' 'present']
 ['12' '294.22063283582276' 'present']
 ['22' '306.44630082040294' 'present']
 ['6' '313.0507910066735' 'present']
 ['19' '315.809805847664' 'present']
 ['6' '344.74996301292435' 'marauded']]","[['F182' '32.44686529692037' 'mated']
 ['F134' '94.46455801393218' 'mated']
 ['F170' '103.8045765305031' 'absent']
 ['F208' '130.59254541569481' 'mated']
 ['F46' '198.62530278570847' 'mated']
 ['F123' '204.61038015469907' 'mated']
 ['F117' '204.893872666442' 'mated']
 ['F113' '210.17120570917652' 'mated']
 ['F174' '212.25309666461567' 'mated']
 ['F142' '216.45985136044945' 'mated']
 ['F128' '233.90199314057418' 'mated']
 ['F34' '242.12193909283738' 'absent']
 ['F85' '248.32117183063824' 'mated']
 ['F5' '305.22726667076125' 'mated']
 ['F20' '307.9703882629382' 'mated']]",565.0,69.16972714176741,13.772346302416864,1517.0,253.80560906014867,53.47980089239405,187.0,30.727327045718603,6.36251341567646,20.0,2.0000000000000004,0.20000000000000012,95.0,4.398148148148151,0.20361796982167316
17,0.0,9,360.1932730103589,"[['1' '1.882970951083036' 'present']
 ['16' '3.2679197873438177' 'marauded']
 ['12' '36.86149505095036' 'present']
 ['16' '41.46958521687914' 'present']
 ['11' '48.397659140646745' 'present']
 ['16' '64.57798326178637' 'present']
 ['0' '73.16085731532917' 'present']
 ['21' '81.20604453361' 'present']
 ['15' '89.88497591418127' 'present']
 ['11' '90.08220247490132' 'present']
 ['22' '96.75635009059714' 'present']
 ['16' '99.35087587179125' 'present']
 ['15' '103.34325417506355' 'present']
 ['0' '124.47149799245358' 'present']
 ['19' '125.56078432185738' 'present']
 ['5' '128.07646378697743' 'marauded']
 ['16' '135.47582251558836' 'presentdestroyed']
 ['15' '140.38918420572108' 'marauded']
 ['21' '150.77917280504863' 'present']
 ['21' '151.8099964318915' 'present']
 ['15' '160.91677025991362' 'present']
 ['6' '162.47128582938944' 'present']
 ['6' '163.4825017778107' 'present']
 ['1' '167.4825101380556' 'present']
 ['19' '175.1334354921131' 'present']
 ['16' '189.51613991298555' 'present']
 ['6' '190.74029974911966' 'present']
 ['0' '191.5994873777299' 'present']
 ['5' '199.13276246571053' 'marauded']
 ['16' '212.04159113671136' 'marauded']
 ['3' '215.79339930524154' 'presentdestroyed']
 ['22' '239.70939982036023' 'marauded']
 ['0' '242.057949659016' 'presentdestroyed']
 ['3' '244.95115026511147' 'presentdestroyed']
 ['5' '250.06703053298384' 'marauded']
 ['3' '255.07688096233846' 'presentdestroyed']
 ['0' '265.86415866835443' 'marauded']
 ['1' '270.9888621184273' 'presentdestroyed']
 ['15' '276.333868120623' 'present']
 ['22' '285.2644491913401' 'present']
 ['21' '287.9331904784405' 'present']
 ['16' '292.12977700978905' 'marauded']
 ['22' '306.192406741035' 'present']
 ['0' '323.72296081000695' 'present']
 ['16' '329.09286655962325' 'marauded']
 ['19' '333.8826502355497' 'presentdestroyed']
 ['5' '345.3097107401107' 'present']
 ['15' '352.80276189236463' 'marauded']
 ['16' '359.58523208622563' 'presentdestroyed']]","[['F173' '65.04285585733035' 'mated']
 ['F49' '123.65634438432323' 'mated']
 ['F76' '125.86961361344535' 'mated']
 ['F139' '132.9863800005543' 'destroyed']
 ['F61' '137.31117138214393' 'mated']
 ['F145' '158.4750128090991' 'mated']
 ['F122' '163.4823339967211' 'mated']
 ['F81' '175.7729192355449' 'mated']
 ['F55' '217.38534937548403' 'destroyed']
 ['F104' '227.31800823643366' 'absent']
 ['F138' '247.07932634024098' '']
 ['F190' '260.5366444874345' 'mated']
 ['F131' '317.41831872194234' 'mated']]",570.0,69.86866312415707,14.050509453845713,1329.0,222.88065905354287,47.21240703497637,410.0,67.3345705445944,14.006169835612788,0.0,0.0,0.0,0.0,0.0,0.0
18,0.0,14,360.23199236137987,"[['22' '4.81718020123692' 'present']
 ['19' '8.411594714373173' 'present']
 ['21' '24.266602930084744' 'marauded']
 ['21' '24.412899226381043' 'presentdestroyed']
 ['19' '41.04102805490521' 'marauded']
 ['5' '47.77075652365487' 'presentdestroyed']
 ['21' '56.515784322084386' 'present']
 ['12' '59.80036480005452' 'present']
 ['1' '63.34344470944289' 'present']
 ['19' '67.27508020381947' 'present']
 ['12' '75.8791841913944' 'present']
 ['3' '86.67889292563731' 'present']
 ['22' '98.78966258649577' 'present']
 ['19' '113.37213459110632' 'present']
 ['0' '113.4154401446646' 'present']
 ['19' '116.77777197133982' 'present']
 ['6' '120.44850638494079' 'present']
 ['6' '126.88002617040587' 'present']
 ['21' '176.82518034214198' 'marauded']
 ['16' '181.15297395276528' 'destroyed']
 ['19' '195.07946314124183' 'present']
 ['15' '197.03277772387088' 'present']
 ['21' '200.96399534037553' 'present']
 ['16' '205.48588093789851' 'present']
 ['1' '206.10338079658013' 'present']
 ['3' '216.4134801432564' 'present']
 ['0' '226.48807109057367' 'present']
 ['12' '244.05501831703367' 'present']
 ['15' '249.5351022920578' 'present']
 ['12' '250.62968491451142' 'present']
 ['16' '252.018859128171' 'present']
 ['5' '270.9937044932314' 'present']
 ['6' '278.5076257561719' 'marauded']
 ['12' '286.43679546947965' 'destroyed']
 ['3' '287.18292014596295' 'present']
 ['22' '290.63898932531026' 'marauded']
 ['16' '302.3914831495168' 'present']
 ['16' '309.7897606224722' 'present']
 ['16' '310.69450723375695' 'marauded']
 ['16' '343.8581997656803' 'present']
 ['22' '345.7031185215246' 'present']
 ['12' '347.7749523932216' 'present']
 ['12' '351.35298881779875' 'present']]","[['F67' '40.22447306078367' 'mated']
 ['F183' '73.03538095722766' 'mated']
 ['F72' '80.51960884211877' 'mated']
 ['F176' '96.69488090603625' 'mated']
 ['F2' '104.37417754968052' 'mated']
 ['F10' '116.24794503457088' 'mated']
 ['F106' '127.84937692986227' 'mated']
 ['F160' '136.07782658049243' 'mated']
 ['F115' '139.19157917707477' 'mated']
 ['F80' '141.97716176320037' 'absent']
 ['F27' '159.42933720981202' 'mated']
 ['F159' '174.76551391234491' 'mated']
 ['F32' '257.9839745720317' 'mated']
 ['F124' '302.04075776409377' 'mated']
 ['F47' '319.7658223015029' 'mated']]",566.0,72.87844047323475,15.747034666186508,1464.0,250.86034874344688,54.14589461620623,222.0,36.54445624822606,7.310708845328678,0.0,0.0,0.0,0.0,0.0,0.0
19,0.054,9,359.99321682811023,"[['15' '1.2177689268651817' 'present']
 ['0' '5.199461318131576' 'present']
 ['11' '6.361862351343997' 'present']
 ['3' '12.719801423564803' 'present']
 ['3' '16.59667286206979' 'marauded']
 ['1' '28.0877877130665' 'present']
 ['1' '48.920470233570896' 'present']
 ['1' '49.281844947196326' 'present']
 ['0' '63.16710866715131' 'present']
 ['3' '66.59868480189236' 'present']
 ['0' '71.67662221124736' 'present']
 ['6' '74.08785794686356' 'present']
 ['22' '80.65387501897477' 'present']
 ['16' '85.00863446069583' 'present']
 ['15' '85.07903377296155' 'present']
 ['21' '85.42266151959356' 'present']
 ['15' '89.79881395906202' 'present']
 ['3' '103.26528789993117' 'present']
 ['3' '110.03108358618573' 'present']
 ['6' '114.11661682169388' 'present']
 ['11' '115.81001454119453' 'present']
 ['3' '119.55395662673041' 'present']
 ['0' '125.09336418856482' 'present']
 ['5' '125.75776503701654' 'present']
 ['1' '133.71341097699622' 'present']
 ['0' '142.04572168099304' 'present']
 ['1' '144.0246070853703' 'marauded']
 ['1' '147.13759795626459' 'presentdestroyed']
 ['21' '148.84135619163948' 'presentdestroyed']
 ['21' '151.3765750112189' 'present']
 ['3' '159.3258884848999' 'present']
 ['6' '171.33308602584756' 'present']
 ['3' '174.1852319288394' 'present']
 ['3' '178.9236555502119' 'present']
 ['0' '184.15157214141468' 'marauded']
 ['1' '196.23315310313262' 'present']
 ['5' '197.5082230528199' 'present']
 ['6' '203.3612358609574' 'present']
 ['15' '209.0166647955765' 'marauded']
 ['5' '209.7609784296771' 'destroyed']
 ['21' '213.14655667241934' 'presentdestroyed']
 ['1' '218.05234893438603' 'present']
 ['5' '228.73874766619716' 'present']
 ['6' '232.83941665981874' 'present']
 ['5' '234.01146531851202' 'marauded']
 ['11' '237.94047734901122' 'destroyed']
 ['6' '244.55358694157465' 'present']
 ['1' '253.73703852088545' 'present']
 ['1' '258.3939467874732' 'present']
 ['6' '261.95276778240395' 'present']
 ['11' '277.0698453453716' 'present']
 ['5' '287.7760764496938' 'present']
 ['11' '299.56011671590255' 'present']
 ['5' '305.9020775262657' 'marauded']
 ['21' '307.1264438563998' 'presentdestroyed']
 ['15' '310.4912013929522' 'presentdestroyed']
 ['16' '326.2898246247519' 'present']
 ['21' '333.0588997687051' 'present']]","[['F11' '38.034134399016914' 'mated']
 ['F110' '45.108359416779805' 'mated']
 ['F36' '102.2766665967521' 'absent']
 ['F215' '132.07662846308511' 'mated']
 ['F188' '139.90610828880284' 'mated']
 ['F82' '165.5628037876071' 'mated']
 ['F52' '166.88464790004934' 'mated']
 ['F119' '168.16857298579157' 'mated']
 ['F63' '186.18948598227695' 'destroyed']
 ['F6' '187.04377656640898' 'absentdestroyed']
 ['F189' '222.2171234070226' 'mated']
 ['F18' '238.57235074177805' 'destroyed']
 ['F207' '294.34585832458424' 'mated']]",554.0,69.58886712270014,14.75356256525647,1466.0,248.18051694847125,53.444386472336824,229.0,36.43381491221653,7.375742504045378,22.0,2.2000000000000006,0.22000000000000014,82.0,3.7962962962962954,0.17575445816186536
20,0.0,3,360.1711373859301,"[['0' '3.3601553955313626' 'present']
 ['1' '3.887176097647291' 'present']
 ['15' '4.522704978923099' 'marauded']
 ['19' '10.227168608270864' 'presentdestroyed']
 ['16' '15.074405334015012' 'present']
 ['16' '17.740156315257124' 'present']
 ['1' '19.43630163394903' 'present']
 ['5' '22.814121979745877' 'present']
 ['15' '29.941749769349173' 'present']
 ['0' '31.518033218265863' 'present']
 ['19' '49.887075892518226' 'present']
 ['12' '50.59621749275172' 'present']
 ['6' '51.72284108846494' 'present']
 ['1' '52.092919476243466' 'present']
 ['22' '53.67802432948409' 'present']
 ['5' '78.04146116213457' 'present']
 ['11' '87.16054733443669' 'present']
 ['1' '96.17091013221868' 'marauded']
 ['22' '101.68448011464821' 'destroyed']
 ['22' '109.36947119050697' 'present']
 ['11' '116.15361400454617' 'marauded']
 ['21' '117.61301034787822' 'destroyed']
 ['21' '126.02315721850765' 'marauded']
 ['22' '141.09878028904276' 'present']
 ['15' '145.40699973685133' 'present']
 ['11' '149.52770384322466' 'marauded']
 ['1' '190.12783950913456' 'present']
 ['22' '190.17314752362844' 'present']
 ['15' '204.08643772446138' 'present']
 ['16' '240.67333124237172' 'present']
 ['19' '244.17453362443126' 'marauded']
 ['12' '244.83273974933576' 'presentdestroyed']
 ['5' '257.6626097906028' 'present']
 ['19' '258.0846069891675' 'present']
 ['0' '263.14597745186035' 'present']
 ['5' '263.7573517296634' 'present']
 ['19' '266.8597790286938' 'present']
 ['5' '279.7341527819037' 'present']
 ['12' '285.3342063647212' 'present']
 ['12' '288.0779608887954' 'present']
 ['6' '289.8435823684938' 'present']
 ['16' '297.62998310733457' 'present']
 ['19' '298.3787976749411' 'present']
 ['5' '299.3452122124014' 'present']
 ['21' '308.63077227338664' 'present']
 ['0' '320.5851841250866' 'marauded']
 ['1' '320.8323727521364' 'presentdestroyed']
 ['6' '330.68918806531855' 'present']
 ['6' '343.08789168589124' 'marauded']
 ['12' '345.50508751279307' 'destroyed']
 ['12' '354.618109915527' 'present']
 ['3' '358.8676572550169' 'marauded']]","[['F28' '38.474491405279274' 'mated']
 ['F56' '99.76131800942456' 'destroyed']
 ['F103' '135.77513849692076' 'mated']
 ['F7' '149.87100137822415' 'destroyed']
 ['F158' '247.00165164698845' 'destroyed']
 ['F91' '250.78642823960013' 'destroyed']
 ['F112' '337.7083144237174' 'mated']]",552.0,72.34222916004177,15.503701581529064,1426.0,237.9496991026931,50.3488180700464,292.0,49.827688449345956,10.698439310981469,0.0,0.0,0.0,0.0,0.0,0.0
21,0.054,6,360.0962746100551,"[['0' '2.4197132130068533' 'present']
 ['6' '11.79088456267207' 'present']
 ['15' '12.631524502382595' 'present']
 ['1' '13.363626348506253' 'present']
 ['0' '46.56854476866669' 'marauded']
 ['1' '61.68467008754443' 'present']
 ['1' '62.1806991457949' 'present']
 ['15' '62.94567569004417' 'present']
 ['0' '71.02473116456407' 'present']
 ['22' '78.52258468826501' 'present']
 ['22' '91.78635380930383' 'marauded']
 ['16' '98.25307858486498' 'presentdestroyed']
 ['16' '114.7675125491154' 'present']
 ['3' '117.2650696837625' 'present']
 ['19' '131.2851351904238' 'present']
 ['6' '136.18703192912724' 'present']
 ['3' '137.18500310226406' 'present']
 ['15' '137.90475565238177' 'present']
 ['5' '153.52812023718118' 'present']
 ['19' '153.94264195373535' 'present']
 ['19' '174.35827325200083' 'present']
 ['1' '190.08154321283826' 'present']
 ['15' '191.81002655274906' 'marauded']
 ['16' '204.2811109913501' 'present']
 ['3' '212.52885728943906' 'present']
 ['15' '223.11553402938483' 'present']
 ['15' '246.62230970870164' 'present']
 ['22' '249.13096683327444' 'present']
 ['15' '261.12527377095563' 'present']
 ['6' '290.7509901297668' 'present']
 ['0' '296.96745093113776' 'marauded']
 ['3' '300.6896299304997' 'presentdestroyed']
 ['5' '310.6412029242755' 'present']
 ['12' '326.50562724690917' 'present']
 ['6' '332.01082068401416' 'present']
 ['0' '337.75009930913234' 'marauded']
 ['22' '344.9989178206671' 'presentdestroyed']
 ['22' '349.9937366243281' 'marauded']
 ['5' '356.2096105155929' 'presentdestroyed']]","[['F30' '22.53658514408931' 'mated']
 ['F140' '33.06550650863294' 'absent']
 ['F50' '132.56213287039702' 'mated']
 ['F80' '141.95401361505222' 'absent']
 ['F161' '144.8064683190067' 'mated']
 ['F46' '198.60215463756032' 'destroyed']
 ['F16' '198.94500579909328' 'destroyed']
 ['F55' '217.40849752363218' 'mated']
 ['F18' '238.61864703807436' 'mated']
 ['F212' '279.00718208927435' 'mated']
 ['F156' '301.5770515735737' 'destroyed']
 ['F112' '337.68516627556926' 'absent']
 ['F8' '344.0775855174153' 'destroyed']]",567.0,74.47682382765467,15.314000376341175,1454.0,244.0472960101045,51.597328164943306,214.0,36.93044314913905,8.152190410674189,13.0,1.3,0.13000000000000006,73.0,3.379629629629629,0.15646433470507534
22,0.054,4,360.1582038967191,"[['16' '6.735935043272258' 'present']
 ['19' '28.80375076677122' 'present']
 ['21' '33.62432525553876' 'present']
 ['11' '33.87787990335973' 'marauded']
 ['3' '44.31159931814085' 'marauded']
 ['5' '59.769530018609814' 'present']
 ['1' '62.814180864889316' 'marauded']
 ['6' '72.33364486974826' 'present']
 ['12' '110.24092398557897' 'present']
 ['1' '111.63706755304024' 'present']
 ['6' '112.8528138300441' 'present']
 ['21' '114.61271309420869' 'present']
 ['0' '116.83870813004398' 'present']
 ['15' '119.71162400779075' 'marauded']
 ['11' '120.30431760602265' 'destroyed']
 ['1' '135.75624897879908' 'present']
 ['12' '138.27908466282778' 'present']
 ['15' '184.8224191481041' 'present']
 ['3' '191.50947319050792' 'marauded']
 ['11' '209.37714142206758' 'present']
 ['11' '219.70942476596608' 'present']
 ['0' '228.61258718744827' 'present']
 ['21' '239.14795271234655' 'present']
 ['12' '239.79422001978259' 'marauded']
 ['15' '246.44441375808353' 'presentdestroyed']
 ['11' '246.62605666006007' 'presentdestroyed']
 ['16' '253.84572084837194' 'present']
 ['12' '271.37065873316953' 'present']
 ['3' '299.14188789683175' 'present']
 ['3' '304.4722505164934' 'present']
 ['11' '306.8400977115203' 'present']
 ['12' '308.7722468210447' 'present']
 ['0' '316.22513161137647' 'present']
 ['21' '345.5296899310175' 'present']]","[['F51' '145.47007609992417' 'absent']
 ['F137' '156.09032244410943' 'mated']
 ['F202' '178.12180764840477' 'mated']
 ['F71' '182.34511504552876' 'mated']
 ['F181' '216.21831681953537' 'mated']
 ['F142' '216.4367032123013' 'absent']
 ['F18' '238.5954988899262' 'absent']]",563.0,70.2196838359195,14.712880002952057,1471.0,248.08049738450987,53.221174728374635,222.0,36.80037842450496,7.774831358441769,13.0,1.3,0.13000000000000006,78.0,3.6111111111111103,0.16718106995884757
23,0.0,6,360.4747153285973,"[['5' '3.930742125112883' 'present']
 ['1' '8.96488723413165' 'present']
 ['12' '13.953191300764487' 'present']
 ['22' '14.29042875048343' 'present']
 ['22' '21.44882798534248' 'present']
 ['6' '31.23883338182749' 'present']
 ['19' '34.59087251903519' 'marauded']
 ['15' '43.40290002383325' 'present']
 ['16' '46.27475277321064' 'present']
 ['1' '47.83563886985136' 'marauded']
 ['19' '51.927009192955964' 'presentdestroyed']
 ['21' '65.50881946629586' 'present']
 ['1' '66.55807616817582' 'marauded']
 ['6' '83.88315700500024' 'present']
 ['21' '84.8846545439452' 'present']
 ['11' '88.6896739264678' 'present']
 ['22' '89.5617588497387' 'present']
 ['22' '89.9177386487487' 'present']
 ['19' '107.75638646516258' 'present']
 ['22' '116.50256873053227' 'present']
 ['16' '136.2564548745503' 'marauded']
 ['19' '139.40443995697456' 'presentdestroyed']
 ['5' '143.5085069163532' 'present']
 ['1' '144.72815690105367' 'present']
 ['16' '149.60119627531336' 'present']
 ['3' '152.95855250839745' 'present']
 ['0' '158.9635414819665' 'present']
 ['0' '160.6899740691748' 'present']
 ['3' '168.44214569349967' 'present']
 ['22' '173.4436918262241' 'present']
 ['21' '202.86463884655342' 'marauded']
 ['0' '228.01254809458896' 'present']
 ['22' '228.5885767091495' 'present']
 ['16' '234.58450182117969' 'marauded']
 ['1' '235.03436193008147' 'presentdestroyed']
 ['11' '235.43772115457108' 'presentdestroyed']
 ['19' '243.2351861431253' 'marauded']
 ['1' '252.4057394362249' 'marauded']
 ['5' '256.9563347807889' 'presentdestroyed']
 ['3' '261.61371398262406' 'present']
 ['1' '265.18255050579313' 'present']
 ['5' '274.88235610996605' 'present']
 ['21' '277.30254432021013' 'present']
 ['16' '282.15138862327177' 'present']
 ['3' '283.5580454541047' 'present']
 ['15' '290.7428548660883' 'marauded']
 ['22' '290.94835306935124' 'presentdestroyed']
 ['16' '297.6762794036309' 'presentdestroyed']
 ['3' '299.09559160053544' 'present']
 ['3' '311.99867076137326' 'marauded']
 ['22' '314.54513748380066' 'destroyed']
 ['16' '316.69149737499305' 'presentdestroyed']
 ['19' '341.9465838973711' 'present']
 ['5' '358.5190585876431' 'present']]","[['F36' '102.25351844860394' 'absent']
 ['F95' '110.74839025235845' 'mated']
 ['F213' '117.381103639306' 'mated']
 ['F75' '143.78063981603017' 'mated']
 ['F22' '155.3187168621742' 'mated']
 ['F88' '158.92926384118198' 'mated']
 ['F172' '168.69773048657234' 'absent']
 ['F149' '189.6489398074571' 'mated']
 ['F158' '247.0247997951366' 'destroyed']
 ['F133' '278.7114463983634' 'absent']
 ['F212' '278.96088579297805' 'absent']]",565.0,72.90678056073234,16.3059369445718,1384.0,226.32356682137697,47.24703730808489,354.0,60.818304407644646,12.881644018830686,0.0,0.0,0.0,0.0,0.0,0.0
