id,probability_maraud,successful_mating,next_foraging_time,mar_attempts,mate_attempts,foraging_events,foraging_hrs,foraging_sqhrs,staying_events,staying_hrs,staying_sqhrs,repairing_events,repairing_hrs,repairing_sqhrs,marauding_events,marauding_hrs,marauding_sqhrs,traveling_events,traveling_hrs,traveling_sqhrs
0,0.0,11,360.3068430427453,"[['15' '4.770741342419906' 'present']
 ['1' '13.113583970956652' 'marauded']
 ['13' '29.221028712591206' 'present']
 ['17' '30.932264519429967' 'present']
 ['13' '36.116986905498976' 'present']
 ['15' '41.737577898767576' 'present']
 ['2' '43.5712905124418' 'present']
 ['23' '46.16931841508943' 'marauded']
 ['21' '48.56023415066987' 'destroyed']
 ['20' '60.33701063733503' 'present']
 ['20' '62.17733146880957' 'present']
 ['11' '80.49968587139357' 'present']
 ['5' '83.93415487969425' 'present']
 ['12' '85.42602477335653' 'present']
 ['2' '92.15644473320387' 'present']
 ['18' '101.37907293583768' 'marauded']
 ['21' '103.8537743419495' 'presentdestroyed']
 ['2' '114.5596270143871' 'present']
 ['18' '114.80691703446894' 'present']
 ['2' '119.88378730335221' 'present']
 ['6' '131.77715125543415' 'present']
 ['22' '134.3602894274882' 'present']
 ['12' '134.4813334370238' 'present']
 ['18' '165.88159679002206' 'present']
 ['18' '178.0080135834036' 'present']
 ['15' '178.22083277182156' 'present']
 ['11' '188.57687529915066' 'present']
 ['18' '205.09388763601623' 'present']
 ['7' '224.11936009498936' 'marauded']
 ['12' '229.6789879745502' 'destroyed']
 ['9' '229.7473463424224' 'destroyed']
 ['23' '231.82945618583014' 'presentdestroyed']
 ['18' '262.48917442627135' 'present']
 ['21' '287.30317705471174' 'marauded']
 ['17' '288.13414013771194' 'presentdestroyed']
 ['5' '294.2225020146802' 'presentdestroyed']
 ['11' '309.75913003299877' 'marauded']
 ['21' '310.09730476181574' 'presentdestroyed']
 ['5' '350.04491578954713' 'present']
 ['5' '358.6043450598749' 'present']]","[['F173' '122.24522168368807' 'mated']
 ['F93' '124.15274632264973' 'absent']
 ['F74' '148.123385556783' 'mated']
 ['F21' '162.52404701181763' 'mated']
 ['F213' '201.51938120271953' 'mated']
 ['F6' '207.70201931543016' 'mated']
 ['F102' '222.10787165907425' 'mated']
 ['F60' '252.47580035691502' 'mated']
 ['F124' '257.0594558861365' 'mated']
 ['F13' '268.55224924296544' 'mated']
 ['F183' '271.03899006233064' 'mated']
 ['F209' '278.6708212390242' 'mated']
 ['F211' '290.8173131853701' 'destroyed']]",556.0,74.39425636057143,18.605316949979528,1484.0,249.18378901996644,52.99849392990122,214.0,36.57043923723095,7.728583502210929,0.0,0.0,0.0,0.0,0.0,0.0
1,0.054,11,360.43066128833857,"[['12' '9.736132614354503' 'present']
 ['11' '12.783505960241758' 'present']
 ['7' '12.811314672589694' 'present']
 ['22' '29.99964178222306' 'present']
 ['11' '30.456069930546054' 'present']
 ['12' '39.439449849527335' 'present']
 ['7' '39.49609995968627' 'marauded']
 ['23' '43.365762512309345' 'destroyed']
 ['21' '52.46586274062293' 'present']
 ['21' '55.264549100754635' 'present']
 ['13' '63.21581788879921' 'present']
 ['20' '65.29507128284294' 'present']
 ['9' '79.61234334075392' 'marauded']
 ['20' '87.76538068920217' 'presentdestroyed']
 ['23' '94.15707541372808' 'present']
 ['7' '98.62893258659201' 'present']
 ['6' '104.08468896266288' 'present']
 ['23' '106.37904086068784' 'present']
 ['18' '113.72470174775246' 'present']
 ['2' '133.27184988622258' 'present']
 ['17' '136.53992516636046' 'present']
 ['13' '141.9026922362678' 'present']
 ['18' '149.29885180038644' 'marauded']
 ['13' '154.41094860660814' 'presentdestroyed']
 ['3' '162.4601819184748' 'present']
 ['17' '167.4713293683602' 'present']
 ['21' '168.00406966423787' 'present']
 ['7' '169.64192607582785' 'present']
 ['3' '178.4428725058407' 'present']
 ['6' '228.87692614849917' 'present']
 ['13' '243.25315743320007' 'present']
 ['20' '258.7535499002181' 'present']
 ['7' '258.8165917185945' 'present']
 ['15' '261.7088085187111' 'present']
 ['20' '272.2718589268752' 'marauded']
 ['18' '272.9672238794061' 'destroyed']
 ['21' '273.82507463501906' 'presentdestroyed']
 ['7' '277.2926769019708' 'presentdestroyed']
 ['7' '283.0615861283854' 'present']
 ['13' '286.8629942634612' 'present']
 ['13' '287.8029446355701' 'present']
 ['13' '288.97924935178827' 'present']
 ['17' '289.67565923639347' 'present']
 ['2' '298.6606867740942' 'present']
 ['7' '316.25045880517166' 'present']
 ['11' '322.98073035979576' 'present']
 ['13' '323.9161868444674' 'present']
 ['11' '324.75103078429845' 'present']
 ['11' '325.73200785242955' 'marauded']
 ['7' '333.530715944827' 'present']
 ['21' '336.4812079907199' 'present']
 ['22' '339.7503076010152' 'present']
 ['18' '340.49578839562747' 'present']
 ['2' '340.77642221575013' 'present']
 ['9' '344.9040656455515' 'present']]","[['F198' '14.674527657419963' 'absent']
 ['F198' '14.683786916679223' 'absent']
 ['F103' '56.494127027852464' 'mated']
 ['F66' '62.97804951806278' 'mated']
 ['F188' '63.65914126814513' 'mated']
 ['F205' '148.74027059939' 'mated']
 ['F125' '164.1011026464347' 'mated']
 ['F110' '179.3582631578426' 'mated']
 ['F158' '188.0099201144814' 'mated']
 ['F126' '205.29392498551186' 'mated']
 ['F23' '215.1209684750988' 'mated']
 ['F53' '247.11780575580607' 'absent']
 ['F36' '253.02311034468593' 'mated']
 ['F179' '306.76501563108997' 'mated']]",565.0,67.34009223417954,13.775063726182111,1552.0,259.8799154650089,55.868609543710946,175.0,30.661510508247876,7.128611776743008,19.0,1.9000000000000006,0.1900000000000001,87.0,0.4027777777777782,0.0018647119341563768
2,0.054,8,360.48053669635885,"[['11' '0.3103739851642481' 'present']
 ['7' '16.98549492034016' 'present']
 ['22' '20.055309073153083' 'present']
 ['11' '21.249478266260983' 'present']
 ['15' '24.879117242737017' 'present']
 ['7' '24.951582032625403' 'present']
 ['12' '42.26005745224808' 'present']
 ['9' '48.30822414653584' 'present']
 ['11' '50.05396537057984' 'present']
 ['12' '58.10331798873244' 'present']
 ['9' '59.27740383526044' 'marauded']
 ['21' '60.02527271675453' 'presentdestroyed']
 ['11' '91.33842295763205' 'present']
 ['23' '98.36613291444085' 'present']
 ['17' '102.28533660224886' 'marauded']
 ['23' '105.06411635385571' 'presentdestroyed']
 ['23' '105.4720223336656' 'presentdestroyed']
 ['1' '120.58714850231777' 'present']
 ['9' '124.55286582188876' 'marauded']
 ['3' '129.11153971010262' 'presentdestroyed']
 ['3' '129.11616933973224' 'presentdestroyed']
 ['23' '142.37354709011012' 'marauded']
 ['18' '160.3651079219884' 'present']
 ['17' '166.20719895855953' 'marauded']
 ['20' '171.97476643764594' 'presentdestroyed']
 ['13' '187.0175997226593' 'present']
 ['11' '193.28856309340136' 'present']
 ['18' '198.02337041809972' 'present']
 ['9' '209.80549230860007' 'present']
 ['11' '210.4700413379654' 'present']
 ['3' '217.33879034662226' 'present']
 ['15' '225.05750485651956' 'present']
 ['7' '225.14857494353961' 'present']
 ['17' '229.24987791897973' 'present']
 ['7' '229.30185490342134' 'present']
 ['21' '233.59187664237987' 'present']
 ['21' '249.770722978507' 'present']
 ['17' '258.2439588883841' 'present']
 ['20' '263.6619897408928' 'marauded']
 ['17' '263.9101141977799' 'presentdestroyed']
 ['20' '268.9595157349454' 'destroyed']
 ['15' '277.583722988583' 'present']
 ['17' '296.62282074803073' 'present']
 ['22' '299.446478587805' 'present']
 ['7' '303.5471579704241' 'marauded']
 ['23' '308.56984714478943' 'presentdestroyed']
 ['21' '327.6187483998107' 'present']
 ['21' '347.9685931991688' 'present']
 ['17' '357.3390941119509' 'marauded']]","[['F33' '27.49786284307277' 'mated']
 ['F210' '63.910707176770906' 'destroyed']
 ['F71' '69.55731019758537' 'mated']
 ['F163' '121.29954561148952' 'absent']
 ['F42' '165.77407569710056' 'mated']
 ['F170' '178.57221581617176' 'mated']
 ['F110' '179.35363352821298' 'absent']
 ['F158' '188.00760529966658' 'absent']
 ['F81' '213.376869761473' 'absent']
 ['F152' '241.73951971313514' 'mated']
 ['F69' '259.79263534634345' 'mated']
 ['F0' '261.22717576827705' 'mated']
 ['F181' '326.58056962570004' 'mated']]",567.0,71.23165192283378,14.126824475412784,1409.0,242.75145106771095,52.03544280470055,254.0,44.80634982186003,9.81517688503236,9.0,0.8999999999999999,0.09000000000000002,84.0,0.38888888888888923,0.0018004115226337432
3,0.054,8,359.9905669584136,"[['9' '6.429415888282683' 'present']
 ['17' '9.683423538204332' 'present']
 ['22' '10.963162587747444' 'present']
 ['18' '13.915230029897486' 'present']
 ['17' '38.308901901918055' 'marauded']
 ['18' '50.83912477853115' 'present']
 ['15' '52.2968290344668' 'marauded']
 ['17' '56.82443046071121' 'presentdestroyed']
 ['12' '59.4696041410407' 'presentdestroyed']
 ['1' '62.613922592611075' 'present']
 ['11' '66.105687961304' 'marauded']
 ['23' '74.2474373715284' 'present']
 ['20' '80.92251831707715' 'present']
 ['20' '83.34258651585098' 'present']
 ['1' '96.27595593521978' 'present']
 ['23' '109.5826447755357' 'present']
 ['6' '121.96904446791208' 'marauded']
 ['9' '126.2820665684613' 'destroyed']
 ['17' '141.53121856116854' 'present']
 ['22' '144.95488442519468' 'present']
 ['15' '146.3688005546266' 'present']
 ['22' '154.03820707146514' 'marauded']
 ['23' '155.90372875069644' 'presentdestroyed']
 ['6' '157.49723060720265' 'destroyed']
 ['18' '160.36047829235878' 'presentdestroyed']
 ['2' '165.67104069459413' 'present']
 ['7' '170.3599053603393' 'marauded']
 ['7' '171.3247030293557' 'destroyed']
 ['21' '175.49929248882657' 'presentdestroyed']
 ['1' '181.24011425651184' 'present']
 ['11' '182.98236347836112' 'present']
 ['7' '203.42172311073207' 'present']
 ['15' '214.90853081708403' 'present']
 ['15' '224.02608892236034' 'present']
 ['22' '226.18182101318325' 'present']
 ['22' '243.07293871769303' 'present']
 ['23' '253.32174809538174' 'present']
 ['22' '268.37287646778753' 'marauded']
 ['21' '272.5787004459695' 'presentdestroyed']
 ['2' '277.92186394311494' 'marauded']
 ['9' '287.51313787947606' 'present']
 ['22' '289.18363328742123' 'present']
 ['1' '304.7164028814093' 'present']
 ['5' '308.7184607278909' 'present']
 ['18' '311.65773834397834' 'present']
 ['11' '312.98988170296064' 'present']
 ['11' '323.5365785626284' 'present']
 ['5' '325.54708306434713' 'present']
 ['11' '328.47508455753706' 'present']
 ['15' '331.4657352080501' 'present']
 ['22' '333.82641987751146' 'present']
 ['11' '333.83623815798836' 'present']
 ['7' '335.60318597280303' 'marauded']
 ['1' '338.8396866129406' 'presentdestroyed']
 ['5' '349.8469316683662' 'marauded']
 ['9' '356.7597549877746' 'destroyed']]","[['F88' '60.473989094274366' 'mated']
 ['F206' '97.82747618752785' 'mated']
 ['F161' '110.76635132015926' 'mated']
 ['F107' '125.84343154998027' 'destroyed']
 ['F70' '145.66579185509048' 'mated']
 ['F214' '156.98665633845613' 'destroyed']
 ['F54' '167.36845825371728' 'mated']
 ['F130' '191.13354171283441' 'mated']
 ['F146' '214.41089639223378' 'mated']
 ['F15' '272.19919949826027' 'destroyed']
 ['F120' '272.5292610182633' 'destroyed']
 ['F144' '343.01423476415135' 'mated']
 ['F32' '351.77946025455464' 'destroyed']]",571.0,66.0714088052218,12.676649666082053,1382.0,231.73786693474275,49.83098821393502,370.0,61.20113566093101,12.550389104531869,7.0,0.7,0.07,64.0,0.2962962962962962,0.001371742112482852
4,0.0,13,360.1840574854888,"[['12' '20.78281858690697' 'present']
 ['7' '21.477382478039157' 'marauded']
 ['3' '22.99241169560573' 'destroyed']
 ['6' '27.964869926471096' 'presentdestroyed']
 ['13' '41.15540880667867' 'marauded']
 ['21' '65.01002273117972' 'marauded']
 ['17' '91.18093799837457' 'present']
 ['21' '98.78864606178007' 'present']
 ['12' '107.50533883027406' 'present']
 ['11' '108.26804366446066' 'present']
 ['20' '153.7089505916037' 'present']
 ['9' '169.69102494174854' 'present']
 ['9' '191.9080987903594' 'present']
 ['2' '192.02568664846868' 'present']
 ['2' '200.62339141607242' 'present']
 ['11' '206.8972890633895' 'present']
 ['12' '215.812724466697' 'present']
 ['7' '229.29722527379172' 'present']
 ['22' '231.91209917193558' 'present']
 ['5' '238.29053074802937' 'present']
 ['17' '255.33983976990913' 'present']
 ['17' '264.1744525718077' 'present']
 ['20' '278.4859174819975' 'present']
 ['15' '278.70135181253414' 'present']
 ['1' '292.4013965336339' 'present']
 ['17' '293.7783399038574' 'present']
 ['2' '297.61975261623076' 'present']
 ['23' '304.1257216889685' 'present']
 ['7' '304.24667199864064' 'marauded']
 ['11' '305.8430193185617' 'presentdestroyed']
 ['15' '323.1729866212564' 'present']
 ['12' '329.95202822610565' 'present']
 ['23' '335.36748388914316' 'present']
 ['7' '346.86083372520596' 'present']
 ['9' '347.57144543107904' 'marauded']
 ['13' '352.34425778244827' 'presentdestroyed']
 ['17' '352.5792125235659' 'presentdestroyed']]","[['F19' '98.55399116179508' 'mated']
 ['F122' '149.47335782492686' 'mated']
 ['F57' '151.30033902965982' 'absent']
 ['F125' '152.09415820199027' 'absent']
 ['F21' '162.52173219700282' 'absent']
 ['F95' '169.38025565493686' 'mated']
 ['F50' '184.85330366234095' 'mated']
 ['F1' '192.08261665513302' 'mated']
 ['F9' '198.765869824593' 'mated']
 ['F176' '207.4787795053126' 'mated']
 ['F140' '213.93148312518045' 'mated']
 ['F215' '237.32610618596283' 'mated']
 ['F131' '240.56613326465313' 'absent']
 ['F53' '247.1247502002505' 'mated']
 ['F160' '252.24081325704114' 'mated']
 ['F29' '267.6048727625954' 'mated']
 ['F15' '272.20382912788995' 'absent']
 ['F202' '276.72334517911384' 'mated']]",570.0,69.59219965723021,14.217944625499037,1531.0,260.15515412529146,55.07558001615855,172.0,30.330842158671185,6.57605784640397,0.0,0.0,0.0,0.0,0.0,0.0
5,0.054,10,360.32512587828154,"[['1' '0.6242480164511125' 'marauded']
 ['1' '19.685909817771122' 'marauded']
 ['23' '25.8137049641871' 'presentdestroyed']
 ['23' '26.56519716994888' 'presentdestroyed']
 ['23' '47.000166143001955' 'marauded']
 ['7' '48.466252124693796' 'presentdestroyed']
 ['12' '56.928487974969954' 'present']
 ['15' '67.72424545328568' 'present']
 ['23' '74.91673337425968' 'marauded']
 ['23' '96.18900622335406' 'present']
 ['22' '101.99095316807586' 'present']
 ['13' '103.91404364205425' 'present']
 ['21' '104.16085392193641' 'present']
 ['3' '111.9444452122803' 'present']
 ['9' '123.66590150876914' 'present']
 ['9' '135.3326596511886' 'present']
 ['12' '137.32851568396833' 'present']
 ['7' '140.0831714712255' 'present']
 ['22' '158.35421525558823' 'marauded']
 ['1' '161.68032226351752' 'presentdestroyed']
 ['1' '162.28948782328814' 'presentdestroyed']
 ['21' '164.99397819235548' 'presentdestroyed']
 ['3' '168.12893375115937' 'present']
 ['15' '171.93958016772743' 'marauded']
 ['18' '174.98334565013448' 'presentdestroyed']
 ['2' '179.01551014590808' 'present']
 ['6' '184.3853394076094' 'present']
 ['1' '196.08642544165932' 'marauded']
 ['21' '201.63128718496168' 'presentdestroyed']
 ['15' '205.73225824823598' 'present']
 ['18' '209.8795493446397' 'present']
 ['20' '210.3230794949094' 'marauded']
 ['22' '224.7380771283698' 'present']
 ['21' '230.2140140030248' 'present']
 ['7' '237.4573092203035' 'present']
 ['23' '238.1548702071485' 'present']
 ['6' '246.5258213638262' 'present']
 ['11' '251.16885264858593' 'present']
 ['23' '260.2353109837818' 'marauded']
 ['13' '261.83006749862705' 'presentdestroyed']
 ['22' '286.79985083831997' 'present']
 ['21' '287.29854742508206' 'present']
 ['9' '289.4703421997536' 'present']
 ['23' '298.3940036987237' 'marauded']
 ['9' '305.93994318056' 'present']
 ['7' '311.34368009925436' 'marauded']
 ['20' '311.64300651202495' 'presentdestroyed']
 ['6' '312.9736895381475' 'presentdestroyed']
 ['12' '313.54807048143186' 'presentdestroyed']
 ['13' '313.6230381846207' 'presentdestroyed']
 ['13' '329.48037944281964' 'present']
 ['6' '332.46745885827323' 'present']
 ['22' '342.14822896186075' 'present']
 ['2' '343.22732797084905' 'present']
 ['7' '345.4603562030092' 'present']]","[['F20' '82.60363289292543' 'absent']
 ['F10' '110.68723719386809' 'absent']
 ['F117' '113.20274576701722' 'mated']
 ['F77' '127.20753028803806' 'mated']
 ['F186' '175.03227756396615' 'destroyed']
 ['F147' '192.02182923629326' 'mated']
 ['F162' '225.36049283612945' 'mated']
 ['F134' '271.0218224287026' 'mated']
 ['F128' '278.7334101510567' 'mated']
 ['F83' '281.8507111059952' 'mated']
 ['F105' '289.04919233181477' 'mated']
 ['F190' '292.6389018643935' 'mated']
 ['F18' '306.5157513325178' 'mated']]",558.0,70.8198494238295,14.590654561762191,1326.0,221.26877258352562,46.59278330430799,378.0,67.21158253176834,15.319870321353873,5.0,0.5,0.05000000000000001,65.0,0.3009259259259259,0.0013931755829903966
6,0.054,11,360.2705651112394,"[['11' '0.5790933004789077' 'marauded']
 ['7' '8.996686473630854' 'marauded']
 ['12' '9.082047028165729' 'destroyed']
 ['9' '17.90502474895078' 'marauded']
 ['20' '33.69291227260089' 'marauded']
 ['21' '37.605627574444625' 'destroyed']
 ['22' '39.93852748632489' 'presentdestroyed']
 ['12' '45.792126315689835' 'marauded']
 ['18' '50.83449514890152' 'presentdestroyed']
 ['7' '52.9727019582941' 'present']
 ['2' '58.0095132870521' 'present']
 ['18' '68.99492872515931' 'present']
 ['11' '82.22265174982978' 'present']
 ['9' '82.50971375163587' 'present']
 ['7' '82.92488782328374' 'present']
 ['18' '93.54194409553496' 'present']
 ['11' '105.1405689817869' 'present']
 ['2' '112.95121065512663' 'present']
 ['23' '123.7508731034722' 'present']
 ['9' '125.87234172139773' 'present']
 ['7' '128.13165970450808' 'present']
 ['17' '133.46104384400283' 'present']
 ['13' '138.53335884171236' 'present']
 ['5' '142.3352815443621' 'present']
 ['18' '156.2695961277646' 'present']
 ['12' '159.16838465066672' 'marauded']
 ['15' '167.92362015193237' 'present']
 ['5' '171.01849366705198' 'present']
 ['9' '171.23511171821698' 'present']
 ['18' '182.1263370102197' 'present']
 ['13' '184.99004156229867' 'present']
 ['3' '187.61764894832706' 'present']
 ['2' '192.02105701883906' 'present']
 ['1' '192.07574107394157' 'present']
 ['20' '193.58064901567093' 'present']
 ['12' '194.89664892489873' 'present']
 ['17' '199.00774797467452' 'marauded']
 ['1' '204.097783501152' 'presentdestroyed']
 ['20' '210.427709124539' 'marauded']
 ['17' '211.782787414944' 'destroyed']
 ['15' '212.84050241109182' 'presentdestroyed']
 ['5' '222.68466432548036' 'present']
 ['1' '225.03745740137757' 'present']
 ['2' '226.40694551459117' 'present']
 ['23' '234.14907432383106' 'present']
 ['21' '234.49932711288957' 'marauded']
 ['12' '234.9575098257524' 'presentdestroyed']
 ['1' '250.28688403455328' 'marauded']
 ['12' '254.60924982783777' 'presentdestroyed']
 ['11' '254.87712155887206' 'presentdestroyed']
 ['5' '256.9959340110155' 'presentdestroyed']
 ['12' '257.7880904820666' 'presentdestroyed']
 ['9' '262.84861586327287' 'present']
 ['3' '265.1457162556636' 'marauded']
 ['17' '283.3239043193039' 'present']
 ['15' '288.0725087124822' 'marauded']
 ['1' '290.2937072961366' 'presentdestroyed']
 ['5' '291.7047679529878' 'presentdestroyed']
 ['3' '293.66745730214103' 'presentdestroyed']
 ['3' '307.39387704189' 'present']
 ['3' '319.74609339534106' 'present']
 ['1' '319.9938307267369' 'present']
 ['21' '320.62561639396887' 'marauded']
 ['15' '321.7282489355459' 'presentdestroyed']
 ['11' '325.2301255483718' 'presentdestroyed']
 ['23' '334.4968603279666' 'present']
 ['5' '336.36832964022585' 'present']
 ['21' '338.169860545248' 'present']
 ['17' '344.5910699215358' 'present']
 ['23' '345.9867884343532' 'present']
 ['1' '358.4949937703442' 'present']]","[['F210' '63.91302199158572' 'absent']
 ['F178' '81.2200159271475' 'mated']
 ['F61' '81.67883756441299' 'mated']
 ['F136' '99.22579761861417' 'mated']
 ['F104' '117.05285030875113' 'mated']
 ['F34' '122.33953085973802' 'mated']
 ['F12' '145.55542124966536' 'mated']
 ['F153' '155.99124323780757' 'mated']
 ['F95' '169.37794084012205' 'absent']
 ['F35' '170.33774483894823' 'absent']
 ['F73' '196.99832245264682' 'mated']
 ['F41' '230.14502172595692' 'mated']
 ['F53' '247.1224353854357' 'absent']
 ['F86' '256.28636005223103' 'destroyed']
 ['F134' '271.01950761388775' 'destroyed']
 ['F15' '272.1945698686306' 'destroyed']
 ['F87' '283.9536477609708' 'mated']
 ['F105' '289.0468775169999' 'destroyed']
 ['F143' '311.44108699188445' 'mated']
 ['F181' '326.5782548108852' 'destroyed']]",561.0,72.95232715253663,15.518021008648939,1237.0,205.98899451144888,43.3906978535533,461.0,79.53134035228526,17.193739341138503,13.0,1.3,0.13000000000000006,66.0,0.3055555555555555,0.0014146090534979412
7,0.054,9,360.22939074472663,"[['22' '4.263420802888067' 'present']
 ['11' '6.592956029800993' 'present']
 ['9' '14.704694114695542' 'present']
 ['1' '24.786006397159955' 'present']
 ['20' '26.629839656980156' 'marauded']
 ['18' '29.467520334901856' 'presentdestroyed']
 ['20' '33.94309414004341' 'present']
 ['21' '46.91651681006455' 'present']
 ['1' '49.69424603068616' 'present']
 ['11' '57.41820268617034' 'marauded']
 ['11' '66.83980639892891' 'present']
 ['21' '87.67966510367646' 'marauded']
 ['20' '88.55920918716495' 'presentdestroyed']
 ['5' '91.25420327610901' 'presentdestroyed']
 ['17' '111.75989659968326' 'marauded']
 ['22' '114.03025171052882' 'presentdestroyed']
 ['20' '139.87372550821235' 'present']
 ['12' '151.26641135836215' 'present']
 ['18' '156.89178093373428' 'present']
 ['6' '157.02554645150371' 'present']
 ['18' '157.6339945052905' 'present']
 ['2' '162.59465286691815' 'present']
 ['15' '166.75106820519628' 'present']
 ['17' '172.79892930276637' 'marauded']
 ['11' '173.68192360218038' 'presentdestroyed']
 ['1' '174.68590427847664' 'presentdestroyed']
 ['20' '193.01468246272614' 'marauded']
 ['18' '197.13984860798328' 'presentdestroyed']
 ['6' '197.7178031068908' 'presentdestroyed']
 ['15' '198.6524700855445' 'destroyed']
 ['17' '199.20609478287017' 'presentdestroyed']
 ['2' '219.21360582164263' 'present']
 ['5' '247.9341634910608' 'present']
 ['9' '248.07364683509448' 'marauded']
 ['3' '248.32903704899059' 'presentdestroyed']
 ['6' '248.72354983418379' 'presentdestroyed']
 ['20' '249.001114363489' 'destroyed']
 ['15' '258.8322813746087' 'present']
 ['20' '260.1229891124662' 'marauded']
 ['9' '273.02213478165726' 'present']
 ['5' '281.2505473473106' 'present']
 ['22' '283.774132154353' 'present']
 ['13' '289.80156967532827' 'present']
 ['12' '290.192903582861' 'present']
 ['23' '296.31824920738944' 'present']
 ['11' '298.6700861468201' 'present']
 ['3' '301.5571297020358' 'present']
 ['21' '305.58793303428394' 'present']
 ['6' '348.068518162195' 'present']
 ['2' '352.5364193225125' 'present']
 ['15' '353.5786976171633' 'present']]","[['F133' '57.05144296360876' 'mated']
 ['F52' '61.949728152211264' 'destroyed']
 ['F210' '63.917651621215356' 'destroyed']
 ['F97' '102.45745828090307' 'mated']
 ['F104' '117.0459058643067' 'absentdestroyed']
 ['F104' '117.05053549393632' 'absentdestroyed']
 ['F16' '122.71473544018494' 'mated']
 ['F166' '177.4527035719268' 'absentdestroyed']
 ['F110' '179.3559483430278' 'destroyed']
 ['F113' '215.8789479971934' 'mated']
 ['F131' '240.56844807946794' 'mated']
 ['F112' '243.8128805892495' 'mated']
 ['F47' '271.89982255488' 'mated']
 ['F120' '272.53157583307814' 'mated']
 ['F32' '351.7817750693695' 'mated']]",567.0,70.64149875362007,13.991508581859057,1414.0,238.5158252783443,51.63032841454524,290.0,48.420086282594696,10.262746783159587,20.0,2.0000000000000004,0.20000000000000012,98.0,0.45370370370370433,0.0021004801097393683
8,0.0,4,360.4844075544802,"[['1' '4.794608287534537' 'present']
 ['18' '9.493125624555036' 'present']
 ['17' '9.903211246821288' 'present']
 ['1' '13.434317364816472' 'present']
 ['2' '16.23563411807756' 'present']
 ['18' '18.989523658754358' 'marauded']
 ['12' '35.48090906798876' 'present']
 ['18' '51.96172207568972' 'present']
 ['12' '59.1955779175852' 'present']
 ['9' '67.91638235878432' 'present']
 ['11' '75.05766759607083' 'marauded']
 ['5' '83.92952525006463' 'present']
 ['3' '86.26003477232284' 'present']
 ['2' '90.30053459352601' 'present']
 ['2' '94.60265900562564' 'present']
 ['3' '95.85838603166795' 'present']
 ['1' '115.34840507334123' 'marauded']
 ['1' '131.10638729412867' 'present']
 ['13' '142.37669581523033' 'present']
 ['12' '148.86130557571167' 'marauded']
 ['18' '157.40839624260374' 'present']
 ['1' '165.65047767766768' 'present']
 ['1' '165.6551073072973' 'present']
 ['9' '172.0338021317991' 'present']
 ['12' '192.58098477178748' 'present']
 ['17' '193.89079101985882' 'present']
 ['21' '197.84003888848906' 'present']
 ['9' '219.66200896360274' 'present']
 ['9' '224.0300159559344' 'marauded']
 ['5' '226.36670998342956' 'presentdestroyed']
 ['7' '236.8178324246844' 'present']
 ['13' '262.3886819368135' 'present']
 ['21' '275.3391262470875' 'marauded']
 ['2' '278.2126764662595' 'presentdestroyed']
 ['9' '283.12122866142994' 'present']
 ['21' '285.2716982279029' 'marauded']
 ['6' '286.51888359778224' 'presentdestroyed']
 ['7' '291.75646901156205' 'presentdestroyed']
 ['17' '295.0351016014828' 'present']
 ['6' '299.43560868372305' 'marauded']
 ['11' '306.9445297844855' 'present']
 ['12' '312.0483589112538' 'present']
 ['23' '314.94031182210387' 'present']
 ['11' '315.7176003346792' 'present']
 ['5' '322.73237661070726' 'present']
 ['17' '336.5931197309618' 'present']
 ['3' '342.8826864437527' 'present']
 ['15' '347.95210783856066' 'present']]","[['F175' '93.88578479281941' 'absent']
 ['F197' '115.12262980752683' 'mated']
 ['F34' '122.3349012301084' 'destroyed']
 ['F68' '161.0675823977123' 'absent']
 ['F79' '207.27982297863943' 'mated']
 ['F38' '218.19738542520975' 'mated']
 ['F114' '232.53380143796818' 'absent']
 ['F96' '250.10326116860506' 'mated']
 ['F7' '252.08369399065313' 'absent']]",562.0,68.254484198805,13.910106414627473,1419.0,242.7395753420634,52.31344537844017,275.0,49.01178824859355,10.676715168308819,0.0,0.0,0.0,0.0,0.0,0.0
9,0.054,6,360.3219879280266,"[['23' '10.380514102444915' 'present']
 ['23' '14.122658639332547' 'present']
 ['18' '16.660827699630428' 'present']
 ['20' '16.696355931538722' 'present']
 ['17' '21.080899639082634' 'present']
 ['11' '24.15431860088488' 'marauded']
 ['3' '25.524140425852437' 'presentdestroyed']
 ['11' '50.2002143434102' 'marauded']
 ['17' '53.1683234481554' 'presentdestroyed']
 ['3' '63.04010396845126' 'present']
 ['3' '76.35996942693701' 'present']
 ['2' '76.79884949968954' 'present']
 ['5' '85.86025213719586' 'present']
 ['21' '87.4966740899937' 'present']
 ['18' '95.36131202205999' 'present']
 ['21' '109.02228769297474' 'marauded']
 ['3' '114.72261111477368' 'destroyed']
 ['12' '132.09659201194222' 'present']
 ['12' '132.10122164157184' 'present']
 ['11' '133.53034238206166' 'present']
 ['15' '146.264170924997' 'marauded']
 ['6' '150.9071885512497' 'destroyed']
 ['2' '153.1757925203172' 'presentdestroyed']
 ['11' '158.5826345739134' 'marauded']
 ['1' '161.666219072896' 'presentdestroyed']
 ['12' '168.83091240852113' 'present']
 ['17' '170.89177668571654' 'present']
 ['23' '183.2738798398892' 'present']
 ['6' '183.96511303894334' 'present']
 ['3' '195.68256517866237' 'marauded']
 ['3' '200.5764454738135' 'presentdestroyed']
 ['11' '207.36899130963846' 'present']
 ['12' '209.43558191814998' 'present']
 ['12' '217.2074858687118' 'present']
 ['3' '221.66396989469266' 'present']
 ['22' '231.08577832050912' 'present']
 ['1' '231.68922128798167' 'present']
 ['17' '235.69678145102284' 'marauded']
 ['5' '236.99602982878872' 'destroyed']
 ['2' '253.23011922735873' 'marauded']
 ['23' '263.0672203601352' 'present']
 ['1' '264.37926554149357' 'present']
 ['3' '267.2418954737059' 'present']
 ['12' '274.905601131082' 'present']
 ['11' '288.5395251587417' 'present']
 ['7' '292.4322173394751' 'present']
 ['2' '294.1678886236031' 'present']
 ['22' '296.3072000408079' 'marauded']
 ['23' '302.8839607621529' 'presentdestroyed']
 ['17' '304.5396541778795' 'present']
 ['6' '311.02660295981576' 'present']
 ['22' '314.0259729582338' 'marauded']
 ['12' '336.81921839204455' 'present']
 ['6' '343.4940012166344' 'present']
 ['15' '354.12488439935635' 'present']
 ['3' '357.4314959507257' 'marauded']]","[['F52' '61.94741333739645' 'absent']
 ['F187' '69.81144401688864' 'absent']
 ['F203' '126.26211357171337' 'mated']
 ['F22' '185.47256351737582' 'mated']
 ['F11' '208.94564825706135' 'mated']
 ['F62' '211.14977034118658' 'mated']
 ['F177' '233.44645655774718' 'mated']
 ['F5' '243.76549803295003' 'mated']]",557.0,72.99595392123854,15.636172057233388,1305.0,221.61370175917403,47.362068568136394,370.0,63.04111697815733,13.548923015210454,20.0,2.0000000000000004,0.20000000000000012,81.0,0.3750000000000003,0.0017361111111111095
10,0.0,6,360.43888722816797,"[['3' '3.4250506766856343' 'present']
 ['20' '3.5716455228402015' 'present']
 ['2' '5.507793987926409' 'present']
 ['6' '8.281815760336478' 'marauded']
 ['18' '12.987644047869715' 'presentdestroyed']
 ['9' '13.16662676368152' 'presentdestroyed']
 ['7' '16.47443445699951' 'present']
 ['13' '19.10561955250651' 'present']
 ['2' '19.151595406055804' 'present']
 ['5' '38.50130641995283' 'present']
 ['12' '39.88813750256803' 'present']
 ['3' '76.86263776533175' 'marauded']
 ['17' '88.25467293973679' 'marauded']
 ['3' '97.60751797605178' 'present']
 ['21' '102.9316537355547' 'present']
 ['22' '104.105839124781' 'present']
 ['23' '112.51662200312693' 'present']
 ['21' '117.34548055544778' 'present']
 ['9' '124.91503136192892' 'present']
 ['23' '129.39219364761033' 'present']
 ['3' '132.20909480169058' 'present']
 ['20' '134.60715552780073' 'present']
 ['1' '134.8805049774305' 'present']
 ['17' '141.53584819079816' 'present']
 ['21' '147.91660864684408' 'marauded']
 ['23' '156.49612106083208' 'marauded']
 ['2' '157.34175232399699' 'destroyed']
 ['6' '158.64570897402004' 'presentdestroyed']
 ['1' '160.72312189473976' 'presentdestroyed']
 ['18' '176.87153736566273' 'present']
 ['1' '184.43991640713097' 'present']
 ['1' '186.45117531845204' 'present']
 ['11' '194.10244792402855' 'present']
 ['20' '195.36139480413624' 'present']
 ['21' '204.82300258639867' 'present']
 ['12' '219.0328752677213' 'present']
 ['7' '220.38590532873155' 'present']
 ['21' '222.20335053742826' 'present']
 ['17' '227.8214866775787' 'marauded']
 ['21' '231.51376774446388' 'presentdestroyed']
 ['15' '231.75613168673038' 'presentdestroyed']
 ['2' '240.88648664634266' 'marauded']
 ['3' '250.3987969614306' 'present']
 ['13' '251.0653614270061' 'present']
 ['18' '252.25853226767714' 'marauded']
 ['12' '256.59289044644896' 'presentdestroyed']
 ['12' '259.72985208103904' 'marauded']
 ['15' '262.8057479921416' 'destroyed']
 ['20' '267.7889631918106' 'marauded']
 ['7' '270.1992698162075' 'presentdestroyed']
 ['9' '271.59068251379324' 'destroyed']
 ['11' '272.50925249728' 'presentdestroyed']
 ['18' '278.0924032711188' 'present']
 ['22' '293.188592228387' 'marauded']
 ['1' '306.3816283135615' 'marauded']
 ['6' '311.14171474212895' 'presentdestroyed']
 ['18' '313.06943828138236' 'presentdestroyed']
 ['18' '329.452530040012' 'present']
 ['2' '332.03511745921475' 'present']
 ['13' '345.00230123276265' 'present']
 ['13' '345.4415014304291' 'present']]","[['F94' '14.31858090829312' 'destroyed']
 ['F198' '14.679157287049593' 'destroyed']
 ['F139' '67.40583967361323' 'mated']
 ['F136' '99.22348280379936' 'absent']
 ['F204' '132.47689521748245' 'mated']
 ['F125' '152.08952857236065' 'destroyed']
 ['F153' '155.98892842299276' 'absent']
 ['F3' '156.83142812791988' 'destroyed']
 ['F214' '156.98897115327094' 'destroyed']
 ['F68' '161.0652675828975' 'destroyed']
 ['F118' '164.96078764228847' 'mated']
 ['F207' '165.34981901329743' 'mated']
 ['F11' '208.94333344224654' 'absent']
 ['F81' '213.3791845762878' 'mated']
 ['F114' '232.536116252783' 'destroyed']
 ['F86' '256.2840452374162' 'destroyed']
 ['F155' '354.21149290590716' 'mated']]",566.0,68.75642278080524,12.656678435076623,1285.0,218.12618103733743,46.4050637395544,430.0,73.22394565329358,15.870955090650508,0.0,0.0,0.0,0.0,0.0,0.0
11,0.054,8,360.3843934940771,"[['17' '37.3565058684025' 'present']
 ['22' '51.4319385525349' 'present']
 ['17' '51.440169520757486' 'present']
 ['1' '55.48401697956438' 'present']
 ['6' '57.28409216118417' 'present']
 ['21' '93.31663068266761' 'present']
 ['20' '115.15368239582989' 'marauded']
 ['7' '134.5003944519029' 'marauded']
 ['17' '140.7676555047264' 'destroyed']
 ['3' '142.15022927151924' 'present']
 ['12' '149.25823753776245' 'present']
 ['23' '155.20840883877574' 'present']
 ['15' '165.24025209558403' 'marauded']
 ['23' '165.82063311790947' 'presentdestroyed']
 ['1' '172.27856406017915' 'destroyed']
 ['17' '193.89542064948844' 'present']
 ['6' '208.93752959521527' 'present']
 ['20' '221.10129659901526' 'present']
 ['3' '237.11571181736164' 'marauded']
 ['17' '238.75125279710716' 'presentdestroyed']
 ['5' '238.96815516996904' 'presentdestroyed']
 ['1' '261.52519714187173' 'present']
 ['13' '267.10204461194957' 'present']
 ['23' '290.30917696688937' 'present']
 ['5' '291.5162920149051' 'present']
 ['1' '301.45664410311196' 'present']
 ['2' '319.4940203187515' 'present']
 ['13' '328.3522335690839' 'present']
 ['13' '333.5520803546994' 'present']
 ['23' '352.8454613680313' 'present']]","[['F76' '9.213754532945392' 'mated']
 ['F94' '14.320895723107935' 'mated']
 ['F46' '42.865126579413506' 'mated']
 ['F191' '63.628301619033316' 'mated']
 ['F141' '123.11355390343627' 'mated']
 ['F149' '130.15350011234125' 'mated']
 ['F125' '152.09647301680508' 'absent']
 ['F214' '156.98434152364132' 'absent']
 ['F68' '161.06295276808268' 'absent']
 ['F207' '165.34518938366782' 'destroyed']
 ['F54' '167.36614343890247' 'destroyed']
 ['F84' '197.30554645942703' 'mated']
 ['F208' '217.36075187728565' 'mated']
 ['F53' '247.12012057062088' 'absent']]",557.0,71.12094138390168,14.728622300013415,1541.0,262.73975622871274,56.11980559658392,143.0,24.5348106566347,5.3871482708153735,13.0,1.3,0.13000000000000006,94.0,0.43518518518518573,0.002014746227709189
12,0.054,9,360.04423883625975,"[['18' '0.5850844801737117' 'present']
 ['13' '1.2922616632678006' 'present']
 ['7' '3.5433654200554616' 'present']
 ['13' '13.683008483376238' 'present']
 ['22' '40.399510224481276' 'present']
 ['21' '58.47068326439262' 'present']
 ['20' '64.8362425230817' 'marauded']
 ['20' '69.48643274521193' 'presentdestroyed']
 ['15' '86.46341391843112' 'present']
 ['13' '89.0286426457719' 'present']
 ['17' '99.11676275466849' 'marauded']
 ['22' '100.40098067130835' 'presentdestroyed']
 ['9' '108.67947894195767' 'marauded']
 ['11' '109.54088537509489' 'destroyed']
 ['18' '121.39285642448291' 'present']
 ['13' '121.5609769317935' 'present']
 ['17' '122.95267182135889' 'marauded']
 ['23' '129.6258679495088' 'destroyed']
 ['20' '138.2785655003967' 'present']
 ['1' '139.1601527406002' 'present']
 ['5' '142.1287007856812' 'present']
 ['3' '150.0086572144238' 'present']
 ['5' '170.96761741338622' 'present']
 ['5' '181.20731246918712' 'present']
 ['9' '184.47551454288612' 'marauded']
 ['6' '190.47269146370456' 'presentdestroyed']
 ['20' '194.83308874273396' 'present']
 ['5' '195.93551290029714' 'marauded']
 ['20' '216.144339420086' 'present']
 ['18' '219.31308361066849' 'present']
 ['1' '227.61784368858113' 'present']
 ['15' '236.05495333712807' 'present']
 ['20' '238.12060382317947' 'present']
 ['1' '247.34081103597535' 'present']
 ['21' '261.349173396884' 'marauded']
 ['15' '271.0784510357555' 'present']
 ['7' '271.2482407741167' 'present']
 ['20' '274.9375419523376' 'present']
 ['11' '298.0926606120366' 'present']
 ['13' '298.49217358427114' 'marauded']
 ['11' '299.23819425522686' 'presentdestroyed']
 ['6' '300.8684738365332' 'presentdestroyed']
 ['18' '318.7414464454917' 'present']
 ['7' '318.84169669992804' 'present']
 ['7' '324.9414289306892' 'present']
 ['3' '328.0774360548946' 'present']
 ['5' '328.76265066258' 'present']
 ['5' '329.9547702741938' 'present']
 ['15' '337.92363199560737' 'present']
 ['20' '339.4301920816076' 'present']
 ['13' '341.80370839494293' 'marauded']
 ['23' '344.36168518419834' 'presentdestroyed']
 ['2' '349.0777061455723' 'presentdestroyed']
 ['13' '351.12001120413004' 'present']
 ['9' '351.5193417317339' 'present']
 ['5' '356.27580772565676' 'present']]","[['F198' '26.686101731494038' 'mated']
 ['F210' '63.91996643603017' 'mated']
 ['F25' '91.40825921720919' 'mated']
 ['F150' '131.13308029835864' 'mated']
 ['F55' '140.7079350576218' 'mated']
 ['F200' '148.0998348227619' 'mated']
 ['F72' '156.13569165267486' 'absent']
 ['F3' '156.8337429427347' 'mated']
 ['F101' '169.55342801801666' 'mated']
 ['F164' '181.46630387818007' 'mated']
 ['F215' '237.32379137114802' 'absent']
 ['F180' '247.61857457046688' 'absent']
 ['F91' '265.8990806475984' 'absentdestroyed']
 ['F8' '300.9312225444359' 'destroyed']]",562.0,69.71612120095952,14.226779785461769,1347.0,233.8791353628607,51.13498439001676,330.0,54.75049161713588,11.489174787330528,13.0,1.3,0.13000000000000006,87.0,0.4027777777777782,0.0018647119341563768
13,0.054,5,360.45144937709847,"[['17' '9.243741905860345' 'present']
 ['5' '9.84302382735222' 'present']
 ['12' '15.459703114005727' 'present']
 ['2' '23.925550065985902' 'present']
 ['15' '30.494597982073547' 'present']
 ['20' '38.62615385268204' 'present']
 ['7' '47.215467581494394' 'marauded']
 ['21' '53.14709043417299' 'presentdestroyed']
 ['7' '55.15040362461316' 'marauded']
 ['21' '63.63236002300277' 'marauded']
 ['11' '69.22544846351789' 'presentdestroyed']
 ['20' '72.17325465637258' 'present']
 ['11' '72.92114841138198' 'present']
 ['2' '73.47492864004198' 'present']
 ['12' '80.17842471671821' 'marauded']
 ['9' '82.51434338126549' 'destroyed']
 ['17' '82.71673635271075' 'presentdestroyed']
 ['3' '85.5144739614139' 'destroyed']
 ['20' '91.6744531350345' 'present']
 ['1' '96.01549832555497' 'marauded']
 ['18' '101.4837025654673' 'presentdestroyed']
 ['6' '101.81235511459072' 'presentdestroyed']
 ['22' '105.56167730474628' 'present']
 ['5' '108.27536963726995' 'present']
 ['22' '110.60830576056873' 'present']
 ['1' '112.1767131912704' 'marauded']
 ['6' '115.58755951580375' 'presentdestroyed']
 ['18' '115.88603648816974' 'presentdestroyed']
 ['6' '126.85332648451296' 'marauded']
 ['20' '130.85442233522562' 'presentdestroyed']
 ['2' '133.07432474768012' 'presentdestroyed']
 ['9' '134.5141280846735' 'present']
 ['18' '138.0213349466182' 'present']
 ['21' '144.12902955913574' 'marauded']
 ['1' '147.0775720058187' 'destroyed']
 ['7' '147.41192602783764' 'presentdestroyed']
 ['3' '148.06372162527163' 'presentdestroyed']
 ['15' '150.66861891230155' 'destroyed']
 ['21' '153.6278554245541' 'present']
 ['22' '156.87780659385442' 'marauded']
 ['20' '168.00926754554845' 'marauded']
 ['21' '168.97721689190618' 'destroyed']
 ['15' '176.42085476842914' 'present']
 ['17' '182.136920434758' 'present']
 ['5' '187.40284914557563' 'present']
 ['17' '191.1467969805104' 'present']
 ['20' '195.0108138796818' 'present']
 ['6' '196.1462120303528' 'present']
 ['11' '209.58253550616294' 'marauded']
 ['18' '213.14342891670208' 'presentdestroyed']
 ['1' '217.9723798809688' 'present']
 ['1' '217.9770095105984' 'present']
 ['17' '227.24402863782538' 'present']
 ['9' '231.94028404801819' 'present']
 ['12' '232.98780946569516' 'marauded']
 ['23' '233.02423588258938' 'destroyed']
 ['3' '239.94588516444253' 'presentdestroyed']
 ['17' '242.35298737079867' 'present']
 ['2' '247.65479011702277' 'present']
 ['3' '252.62493025415762' 'present']
 ['7' '256.067111736195' 'present']
 ['20' '258.7489202705884' 'present']
 ['7' '270.2038994458372' 'present']
 ['2' '271.9868718743291' 'present']
 ['7' '274.9659660668722' 'present']
 ['9' '275.1765870034977' 'present']
 ['2' '276.45893346538514' 'marauded']
 ['6' '281.19765775442613' 'presentdestroyed']
 ['7' '282.4874988124244' 'presentdestroyed']
 ['1' '291.00416787357096' 'marauded']
 ['6' '304.88196692106175' 'marauded']
 ['23' '319.8758795246564' 'present']
 ['18' '331.1051948184709' 'present']
 ['1' '347.81459961064064' 'present']
 ['7' '355.2519729712973' 'marauded']]","[['F115' '41.33509422344989' 'absent']
 ['F88' '60.47167427945955' 'destroyed']
 ['F57' '151.29802421484501' 'absentdestroyed']
 ['F189' '165.63938237733683' 'mated']
 ['F166' '177.4550183867416' 'mated']
 ['F146' '214.40858157741897' 'destroyed']
 ['F157' '262.9100911992762' 'mated']
 ['F80' '300.4854877081668' 'mated']
 ['F8' '300.93353735925075' 'mated']]",550.0,69.09279510480506,14.093776066978167,1157.0,194.69680569760652,41.69557390264386,545.0,95.28873134685718,20.95400245733021,8.0,0.7999999999999999,0.08000000000000002,64.0,0.2962962962962962,0.001371742112482852
14,0.0,8,360.5849827742584,"[['3' '18.854436892104562' 'present']
 ['12' '25.143690078015403' 'present']
 ['9' '34.55342347241283' 'present']
 ['7' '39.600729589315904' 'present']
 ['15' '43.84102436327499' 'present']
 ['22' '46.39831158932852' 'present']
 ['22' '48.827105374563466' 'marauded']
 ['23' '51.484958246412084' 'destroyed']
 ['18' '56.803300246219486' 'present']
 ['9' '65.08123224806515' 'present']
 ['11' '71.877822859892' 'present']
 ['7' '78.63333239500456' 'marauded']
 ['17' '92.98878729282912' 'present']
 ['11' '111.72674936959206' 'present']
 ['20' '126.74496850911792' 'present']
 ['21' '137.71690562398402' 'present']
 ['20' '140.82797348781313' 'marauded']
 ['7' '164.89422953428235' 'present']
 ['20' '167.55410004715336' 'present']
 ['1' '181.23548462688223' 'present']
 ['17' '181.6639434394112' 'present']
 ['7' '182.16779791030226' 'present']
 ['11' '191.32113548447774' 'present']
 ['9' '194.9964695645' 'marauded']
 ['13' '208.44104718376525' 'present']
 ['13' '209.48971215728096' 'marauded']
 ['3' '214.27395474676314' 'destroyed']
 ['11' '216.22129883375993' 'presentdestroyed']
 ['11' '216.43135879306942' 'presentdestroyed']
 ['2' '222.30291062469485' 'present']
 ['7' '226.35623400303822' 'present']
 ['22' '227.98957372881793' 'present']
 ['15' '244.9571838005916' 'present']
 ['22' '268.2435343925947' 'marauded']
 ['5' '270.8554232366435' 'presentdestroyed']
 ['9' '280.6675605875766' 'present']
 ['2' '297.62438224586043' 'present']
 ['18' '300.266540742687' 'marauded']
 ['6' '306.68749575429837' 'presentdestroyed']
 ['21' '309.59806868905974' 'present']
 ['15' '310.2950834861385' 'present']
 ['9' '312.87988308944904' 'present']
 ['7' '313.30369652871826' 'present']
 ['2' '314.48695116972993' 'present']
 ['11' '319.08561456831063' 'present']
 ['1' '335.7642679992229' 'present']
 ['5' '346.76958064811384' 'present']
 ['12' '350.1366869573731' 'present']
 ['2' '357.0087427462264' 'present']
 ['22' '358.44000909614084' 'present']
 ['17' '358.7429663151076' 'marauded']
 ['7' '358.79573030897205' 'presentdestroyed']]","[['F49' '95.56782926416766' 'mated']
 ['F10' '110.6895520086829' 'mated']
 ['F35' '170.34005965376303' 'mated']
 ['F142' '172.86271319352315' 'mated']
 ['F192' '189.18123947882145' 'mated']
 ['F114' '232.5384310675978' 'mated']
 ['F174' '234.9373774298398' 'mated']
 ['F7' '252.09063843509756' 'mated']
 ['F47' '271.8975077400652' 'destroyed']
 ['F15' '272.2015143130751' 'absentdestroyed']]",563.0,69.05535446778389,13.555741882775795,1461.0,247.76611145498194,53.02412605747129,243.0,43.40898410111352,9.487181603995968,0.0,0.0,0.0,0.0,0.0,0.0
15,0.054,14,360.07758473753125,"[['20' '3.306693699789271' 'present']
 ['2' '5.897097596527246' 'present']
 ['17' '10.589000292374902' 'marauded']
 ['12' '10.86057409370365' 'presentdestroyed']
 ['7' '14.572286701067219' 'presentdestroyed']
 ['3' '14.669835073680495' 'presentdestroyed']
 ['18' '25.273572322699984' 'present']
 ['6' '31.97090922898487' 'marauded']
 ['22' '34.08464591755938' 'presentdestroyed']
 ['12' '35.485538697618395' 'presentdestroyed']
 ['18' '42.812783336311256' 'present']
 ['2' '56.25671429598231' 'present']
 ['17' '61.89420654095145' 'present']
 ['11' '63.02154181706261' 'present']
 ['6' '66.90395143076113' 'present']
 ['5' '68.57300987454684' 'marauded']
 ['6' '91.18341794904204' 'marauded']
 ['21' '96.3578142657037' 'presentdestroyed']
 ['6' '116.29949568205043' 'present']
 ['2' '120.69761819441572' 'marauded']
 ['2' '123.23854338459525' 'destroyed']
 ['9' '123.67053113839876' 'presentdestroyed']
 ['5' '125.79711843049172' 'presentdestroyed']
 ['2' '136.7940139261857' 'present']
 ['22' '143.64235892754795' 'present']
 ['22' '152.9786178354335' 'marauded']
 ['11' '159.42931486280017' 'presentdestroyed']
 ['2' '177.03977311192105' 'present']
 ['13' '185.71797670226263' 'marauded']
 ['5' '186.54385303908626' 'destroyed']
 ['11' '212.56206367220167' 'present']
 ['9' '223.76078496923463' 'present']
 ['18' '243.61372849372478' 'present']
 ['20' '255.25577722464297' 'present']
 ['2' '255.89604238279873' 'present']
 ['20' '272.6592396658673' 'present']
 ['12' '277.10529605322705' 'present']
 ['12' '281.05128054558344' 'present']
 ['11' '281.28542633901645' 'present']
 ['23' '293.3037193213398' 'marauded']
 ['2' '299.3804440274011' 'presentdestroyed']
 ['22' '301.488456998935' 'present']
 ['6' '303.8627742826006' 'present']
 ['18' '303.9341440385351' 'present']
 ['18' '304.695093523236' 'present']
 ['2' '311.2066240395987' 'present']
 ['18' '311.91129769833344' 'marauded']
 ['2' '314.63642227467545' 'presentdestroyed']
 ['11' '335.8428199205679' 'present']
 ['12' '337.2957852815783' 'present']
 ['22' '342.1528585914904' 'present']
 ['23' '351.0901069100957' 'present']
 ['17' '354.071989691928' 'present']
 ['20' '356.0185305273522' 'present']]","[['F198' '14.681472101864408' 'destroyed']
 ['F115' '41.33740903826471' 'mated']
 ['F45' '100.67145600419984' 'mated']
 ['F151' '139.80239074392674' 'mated']
 ['F31' '143.91019319310644' 'mated']
 ['F82' '161.32762449845382' 'mated']
 ['F137' '166.09622199913932' 'mated']
 ['F99' '168.8933048969272' 'mated']
 ['F59' '172.0680005033733' 'mated']
 ['F212' '173.5590570038979' 'mated']
 ['F130' '191.1312268980196' 'destroyed']
 ['F24' '192.5481767321721' 'destroyed']
 ['F194' '199.657854214807' 'mated']
 ['F75' '208.34755632078725' 'mated']
 ['F154' '246.19906042582343' 'mated']
 ['F183' '271.0366752475158' 'absent']
 ['F172' '275.2496978486623' 'mated']
 ['F171' '284.1656272329428' 'mated']]",551.0,73.6496377063885,17.381145843517803,1381.0,230.54109224238888,50.22421159724424,331.0,54.83100362633925,11.639455564190484,8.0,0.7999999999999999,0.08000000000000002,61.0,0.2824074074074073,0.0013074417009602184
16,0.0,7,361.13195272469704,"[['11' '11.964044213243156' 'present']
 ['5' '15.729181089219082' 'present']
 ['12' '25.760580830996986' 'present']
 ['1' '31.01924399517559' 'present']
 ['23' '42.123109030494916' 'present']
 ['2' '48.76206812372952' 'present']
 ['12' '49.62589651696017' 'present']
 ['17' '73.08720083003607' 'present']
 ['2' '74.30353035719276' 'marauded']
 ['23' '80.77611106077333' 'presentdestroyed']
 ['11' '81.1625733564872' 'presentdestroyed']
 ['21' '96.13786858654605' 'present']
 ['11' '99.19948004556048' 'present']
 ['13' '108.89265294148478' 'present']
 ['15' '114.42717249277247' 'present']
 ['12' '119.16656294596395' 'marauded']
 ['12' '119.27119257559356' 'presentdestroyed']
 ['22' '124.91275521914162' 'presentdestroyed']
 ['6' '128.15726456654164' 'present']
 ['12' '130.81268040190437' 'present']
 ['23' '144.3462277168105' 'marauded']
 ['11' '144.56305250779332' 'presentdestroyed']
 ['15' '163.19500793642595' 'present']
 ['7' '165.44881041633718' 'present']
 ['20' '167.3400346972442' 'present']
 ['23' '167.49096887735806' 'present']
 ['21' '168.9818465215358' 'present']
 ['20' '173.19020177083664' 'present']
 ['17' '188.97986153205613' 'present']
 ['11' '200.2655452539118' 'marauded']
 ['2' '204.87593285228536' 'presentdestroyed']
 ['15' '214.9039011874544' 'present']
 ['12' '222.2475486133264' 'present']
 ['3' '234.26789456408397' 'present']
 ['20' '242.34839693759756' 'present']
 ['12' '245.26569693335162' 'present']
 ['6' '246.53045099345582' 'present']
 ['5' '249.27430424755838' 'present']
 ['7' '258.8212213482242' 'present']
 ['9' '265.0976197524064' 'present']
 ['7' '273.58877798298937' 'present']
 ['13' '275.24015879790534' 'present']
 ['6' '280.7878709712821' 'marauded']
 ['11' '282.3492457252392' 'presentdestroyed']
 ['3' '313.0122063843519' 'present']
 ['6' '313.15515605471904' 'marauded']
 ['9' '322.8002153365155' 'present']
 ['20' '326.2919379564814' 'marauded']
 ['3' '326.58731026506865' 'presentdestroyed']
 ['12' '337.0680491531362' 'present']
 ['13' '342.6701011880466' 'present']
 ['20' '343.8889438612847' 'present']
 ['23' '350.2889560349227' 'present']
 ['9' '352.96093001483615' 'marauded']]","[['F49' '95.56551444935285' 'absent']
 ['F98' '111.4209311878048' 'mated']
 ['F200' '148.09752000794708' 'absentdestroyed']
 ['F121' '162.95924049908555' 'mated']
 ['F111' '173.66315077102175' 'mated']
 ['F158' '188.00529048485177' 'absent']
 ['F145' '189.99970840768725' 'mated']
 ['F65' '203.59766907243437' 'destroyed']
 ['F126' '205.29161017069706' 'destroyed']
 ['F51' '207.3209272124553' 'mated']
 ['F28' '243.03901326381532' 'mated']
 ['F108' '253.22047572884398' 'absent']
 ['F44' '350.78785839187174' 'mated']]",571.0,71.05284649118349,13.9356615153641,1444.0,241.40972276671914,51.41741430322745,286.0,48.02829787111022,10.377758959423485,0.0,0.0,0.0,0.0,0.0,0.0
17,0.054,10,360.5547442763074,"[['5' '0.5389443180541512' 'marauded']
 ['2' '4.139227926265067' 'destroyed']
 ['7' '12.400095488091601' 'marauded']
 ['22' '12.934656866256429' 'destroyed']
 ['7' '21.47275284840953' 'present']
 ['11' '31.595506076806036' 'present']
 ['18' '32.345129681888736' 'present']
 ['9' '35.84651246432095' 'present']
 ['2' '42.04967505080706' 'present']
 ['15' '52.42243110291824' 'present']
 ['9' '61.19999223875845' 'present']
 ['23' '80.45851931548772' 'present']
 ['20' '80.92714794670677' 'present']
 ['13' '91.51525680527763' 'present']
 ['6' '92.86732976536442' 'present']
 ['3' '104.35418770252237' 'marauded']
 ['1' '124.1998610684106' 'present']
 ['13' '135.89870802272097' 'present']
 ['9' '155.84182767517112' 'present']
 ['12' '157.62887275407542' 'marauded']
 ['13' '176.4165326709824' 'present']
 ['11' '177.77937666477354' 'present']
 ['9' '187.48554343434702' 'present']
 ['12' '192.57635514215787' 'present']
 ['22' '193.70290961520394' 'present']
 ['23' '203.60949763662072' 'marauded']
 ['21' '208.22238370210826' 'destroyed']
 ['15' '217.52497762324302' 'present']
 ['1' '247.33618140634573' 'present']
 ['13' '249.39574037022868' 'present']
 ['5' '272.53573907119306' 'marauded']
 ['1' '280.88661831102144' 'present']
 ['6' '282.5804393578441' 'present']
 ['21' '292.1632213475227' 'present']
 ['9' '304.8677563974295' 'marauded']
 ['7' '305.3956679413875' 'presentdestroyed']
 ['21' '325.1996922641423' 'marauded']
 ['9' '329.47949085814207' 'presentdestroyed']
 ['3' '330.8127192065165' 'destroyed']
 ['11' '342.33909532036495' 'present']
 ['13' '346.988194763913' 'present']]","[['F198' '14.676842472234778' 'absentdestroyed']
 ['F156' '48.79669033225836' 'mated']
 ['F52' '61.95204296702608' 'mated']
 ['F197' '115.12031499271203' 'absent']
 ['F163' '121.30186042630433' 'mated']
 ['F34' '122.33721604492321' 'absent']
 ['F169' '130.80316281851526' 'mated']
 ['F125' '152.09184338717546' 'absent']
 ['F72' '156.14032128230448' 'mated']
 ['F68' '161.0698972125271' 'absentdestroyed']
 ['F123' '169.48693767008436' 'mated']
 ['F17' '172.4494099240872' 'mated']
 ['F48' '202.1726227841141' 'mated']
 ['F184' '204.97370243280886' 'destroyed']
 ['F90' '257.1522306130987' 'mated']
 ['F47' '271.8928781104355' 'absent']
 ['F56' '281.91253089613633' 'mated']]",560.0,71.57192704865274,15.001367186564167,1411.0,237.59007684321742,50.402233349107156,277.0,48.838922911158896,10.845372222271228,17.0,1.7000000000000004,0.1700000000000001,84.0,0.38888888888888923,0.0018004115226337432
18,0.054,11,360.4480517726542,"[['22' '6.7761843208806845' 'present']
 ['11' '13.972225691520537' 'present']
 ['5' '15.347290381030986' 'present']
 ['17' '27.419007065158997' 'present']
 ['17' '34.41233111947104' 'present']
 ['22' '38.27413727269314' 'present']
 ['5' '38.90345043707083' 'present']
 ['7' '48.47088175432343' 'present']
 ['1' '71.46789585447841' 'present']
 ['1' '78.53726758920617' 'present']
 ['3' '88.37599387700925' 'present']
 ['5' '90.45611482665718' 'present']
 ['9' '92.43440543443037' 'present']
 ['21' '95.21339152952238' 'present']
 ['13' '103.63770471408898' 'marauded']
 ['15' '104.57126011682082' 'destroyed']
 ['22' '105.55704767511666' 'presentdestroyed']
 ['5' '113.6086516905844' 'present']
 ['7' '129.2404317993519' 'marauded']
 ['17' '131.8526282736118' 'presentdestroyed']
 ['6' '134.38633158590287' 'presentdestroyed']
 ['2' '139.15487791417607' 'marauded']
 ['22' '148.75211441343575' 'present']
 ['22' '161.81672727889665' 'present']
 ['15' '168.76312617838738' 'present']
 ['20' '172.16389284078593' 'present']
 ['9' '175.9339105756071' 'present']
 ['20' '182.68728650484866' 'present']
 ['1' '186.45580494808166' 'marauded']
 ['20' '207.6261235898648' 'present']
 ['12' '209.4402115477796' 'present']
 ['7' '222.1255203710216' 'present']
 ['2' '226.4115751442208' 'present']
 ['5' '231.13217117137776' 'present']
 ['1' '233.69802749614323' 'present']
 ['7' '237.10676087087637' 'present']
 ['11' '292.4420289405474' 'present']
 ['22' '295.18374283042124' 'present']
 ['6' '311.14634437175863' 'present']
 ['6' '314.01217628789044' 'present']
 ['1' '318.7228162052316' 'present']
 ['15' '320.0249928441374' 'marauded']
 ['1' '348.42712966927303' 'marauded']
 ['13' '349.0900745033855' 'presentdestroyed']
 ['5' '351.7917216218525' 'presentdestroyed']]","[['F58' '39.27783122978949' 'mated']
 ['F4' '41.538343507411845' 'mated']
 ['F43' '62.210492657253376' 'mated']
 ['F39' '81.63147537175912' 'absent']
 ['F20' '82.60594770774024' 'mated']
 ['F185' '101.64078849066875' 'mated']
 ['F12' '145.55310643485055' 'destroyed']
 ['F72' '156.13800646748967' 'absent']
 ['F100' '162.73056220016716' 'absent']
 ['F147' '192.01719960666364' 'destroyed']
 ['F184' '204.97601724762367' 'mated']
 ['F119' '234.37244671995677' 'mated']
 ['F78' '235.38437785811675' 'mated']
 ['F154' '246.19674561100862' 'absent']
 ['F108' '253.2227905436588' 'mated']
 ['F86' '256.28867486704587' 'mated']
 ['F168' '307.1178813115196' 'mated']]",562.0,71.96607182531083,13.957496585160303,1499.0,249.9979388125783,53.33702425386589,231.0,37.00872672952766,7.779985763344986,7.0,0.7,0.07,79.0,0.365740740740741,0.0016932441700960204
19,0.0,8,360.1346201596185,"[['15' '1.15529598111036' 'present']
 ['5' '9.83839419772259' 'present']
 ['12' '25.65595120136736' 'marauded']
 ['22' '34.46731941633375' 'present']
 ['18' '44.45939289750513' 'present']
 ['15' '50.56657802059709' 'present']
 ['18' '52.67933286655888' 'present']
 ['6' '56.15627404381502' 'present']
 ['20' '56.233422580401395' 'marauded']
 ['21' '60.02990234638416' 'presentdestroyed']
 ['9' '62.83830774249313' 'presentdestroyed']
 ['11' '67.15010545710354' 'present']
 ['11' '68.47065043879368' 'marauded']
 ['7' '69.6152051409378' 'presentdestroyed']
 ['21' '71.2472155505606' 'presentdestroyed']
 ['3' '73.2242886975606' 'destroyed']
 ['13' '73.76988042705183' 'presentdestroyed']
 ['12' '87.97731631751226' 'present']
 ['21' '91.28107892392616' 'present']
 ['11' '91.55403567832695' 'present']
 ['18' '94.52314024424918' 'present']
 ['12' '94.85873977226683' 'present']
 ['6' '100.2760413948546' 'present']
 ['22' '100.57724153651407' 'present']
 ['9' '105.2187296745207' 'present']
 ['1' '107.33387125848765' 'present']
 ['23' '124.03596189098641' 'present']
 ['20' '141.50996782114913' 'present']
 ['9' '143.86455856976465' 'marauded']
 ['22' '144.95025479556506' 'presentdestroyed']
 ['7' '147.4892316497948' 'destroyed']
 ['9' '156.0687422822794' 'marauded']
 ['22' '182.4141504800805' 'present']
 ['2' '182.67983668269946' 'present']
 ['23' '184.8016168552425' 'present']
 ['20' '194.83771837236358' 'present']
 ['3' '198.34279396770955' 'present']
 ['2' '200.12285604801914' 'marauded']
 ['22' '204.23918575149665' 'presentdestroyed']
 ['6' '209.20486316991003' 'present']
 ['11' '217.7279985888347' 'present']
 ['12' '224.6007318163226' 'present']
 ['17' '232.07054058247064' 'present']
 ['20' '240.18127947802526' 'marauded']
 ['2' '240.88185701671304' 'presentdestroyed']
 ['3' '242.71493386366032' 'presentdestroyed']
 ['5' '244.00379008889047' 'presentdestroyed']
 ['13' '253.32106938909408' 'marauded']
 ['17' '254.45722733855916' 'presentdestroyed']
 ['3' '261.71571385136946' 'present']
 ['11' '270.07557149822077' 'present']
 ['6' '288.02955773104503' 'marauded']
 ['7' '291.2122338332544' 'presentdestroyed']
 ['18' '292.2335069897777' 'presentdestroyed']
 ['22' '298.10324936669684' 'present']
 ['17' '299.61715055054594' 'present']
 ['11' '299.7314849004229' 'present']
 ['22' '302.8841758371297' 'present']
 ['3' '304.41691210980036' 'present']
 ['7' '308.573391160185' 'present']
 ['7' '309.88971720347564' 'present']
 ['11' '309.9627848317883' 'present']
 ['12' '312.36969440385883' 'present']
 ['22' '314.25953234676336' 'marauded']
 ['23' '338.81013524842996' 'present']
 ['23' '339.6903382761593' 'present']
 ['1' '345.2015505726524' 'marauded']
 ['11' '348.85590171680076' 'presentdestroyed']]","[['F88' '60.46935946464473' 'destroyed']
 ['F210' '63.91533680640054' 'absent']
 ['F39' '81.63379018657393' 'mated']
 ['F2' '99.70439138643638' 'mated']
 ['F117' '113.20043095220241' 'absent']
 ['F93' '124.15506113746454' 'mated']
 ['F55' '140.705620242807' 'absent']
 ['F205' '148.73795578457518' 'destroyed']
 ['F3' '156.82911331310507' 'absentdestroyed']
 ['F67' '173.41895700288094' 'mated']
 ['F186' '175.03459237878096' 'mated']
 ['F24' '192.5504915469869' 'mated']
 ['F148' '216.38993410911564' 'mated']
 ['F28' '243.0366984490005' 'destroyed']
 ['F30' '247.33210732479486' 'destroyed']
 ['F132' '249.10434555358646' 'mated']
 ['F7' '252.08832362028275' 'absent']
 ['F209' '278.66850642420934' 'absent']
 ['F211' '290.81962800018493' 'destroyed']]",584.0,69.49225958807283,14.004835767265257,1335.0,223.4915201205336,47.65155262049366,409.0,67.06309325950012,14.083758147678898,0.0,0.0,0.0,0.0,0.0,0.0
20,0.054,7,360.12053505927776,"[['2' '4.1345982966354375' 'present']
 ['7' '7.710414050455521' 'present']
 ['22' '13.157538374245627' 'present']
 ['23' '15.19580570577649' 'present']
 ['1' '17.67271027509632' 'present']
 ['22' '18.590323829876773' 'marauded']
 ['9' '19.921925400999164' 'presentdestroyed']
 ['11' '29.04840749837866' 'present']
 ['2' '34.480221507649034' 'present']
 ['9' '41.47054362476257' 'marauded']
 ['17' '42.50313711319897' 'presentdestroyed']
 ['1' '51.420846451847' 'present']
 ['23' '77.44687459652272' 'present']
 ['12' '80.5155124522723' 'present']
 ['21' '82.73364720166444' 'present']
 ['12' '95.19158891254834' 'present']
 ['7' '97.23422362580986' 'present']
 ['15' '101.28455726422824' 'marauded']
 ['17' '102.87527378782713' 'presentdestroyed']
 ['5' '104.63202742739722' 'presentdestroyed']
 ['7' '106.48502717638111' 'presentdestroyed']
 ['6' '122.0736740975417' 'present']
 ['18' '153.92611095236052' 'present']
 ['7' '157.25430968095165' 'present']
 ['18' '157.92489355598832' 'present']
 ['7' '160.19204033597018' 'present']
 ['12' '162.43280779251344' 'present']
 ['15' '170.32932541955003' 'present']
 ['18' '173.9671950585183' 'present']
 ['6' '174.11420365490994' 'marauded']
 ['18' '177.11333454986507' 'presentdestroyed']
 ['15' '199.124364111324' 'present']
 ['6' '226.73106615177807' 'marauded']
 ['6' '230.9269125130149' 'destroyed']
 ['1' '251.45227619149207' 'present']
 ['23' '256.3730469338832' 'present']
 ['9' '264.1786503694556' 'present']
 ['1' '269.77341333792265' 'present']
 ['9' '281.4366661511497' 'marauded']
 ['21' '285.3763278575326' 'presentdestroyed']
 ['1' '290.1890776665069' 'marauded']
 ['5' '290.8828408336242' 'presentdestroyed']
 ['6' '298.3832132182301' 'present']
 ['3' '307.3892474122603' 'present']
 ['5' '307.8346043560469' 'present']
 ['11' '321.2176920285976' 'present']
 ['13' '327.634097377934' 'present']
 ['22' '344.603379723104' 'present']
 ['9' '344.7994360159218' 'marauded']
 ['17' '349.58345006171476' 'presentdestroyed']]","[['F167' '94.78392270169358' 'mated']
 ['F107' '125.84574636479508' 'mated']
 ['F138' '140.61745590037137' 'mated']
 ['F214' '156.99128596808575' 'mated']
 ['F147' '192.01951442147845' 'absent']
 ['F116' '197.46540781727268' 'mated']
 ['F180' '247.62088938528169' 'mated']
 ['F91' '265.9037102772281' 'mated']
 ['F47' '271.89056329562067' 'absent']
 ['F15' '272.19688468344543' 'absent']]",566.0,74.10477544017853,16.86732627483957,1418.0,234.84782551077743,49.592318929565806,284.0,48.775222135887816,10.685319162996493,21.0,2.1000000000000005,0.21000000000000013,78.0,0.3611111111111113,0.0016718106995884758
21,0.054,12,360.5881027136853,"[['9' '13.061997134051891' 'marauded']
 ['12' '23.954124093875212' 'marauded']
 ['18' '24.443920293832793' 'presentdestroyed']
 ['20' '28.921820456132647' 'presentdestroyed']
 ['2' '30.708821793814575' 'presentdestroyed']
 ['2' '31.361766001089315' 'presentdestroyed']
 ['22' '44.95611845930442' 'present']
 ['3' '47.46226528454657' 'present']
 ['15' '49.88268157701643' 'present']
 ['23' '60.57511994995493' 'present']
 ['18' '62.867644792894474' 'present']
 ['1' '73.94958401254826' 'marauded']
 ['15' '81.36985698268121' 'presentdestroyed']
 ['23' '81.91528103644049' 'present']
 ['2' '95.45244038095063' 'present']
 ['1' '98.78000570454807' 'present']
 ['17' '111.73574730060531' 'present']
 ['11' '113.40468623310707' 'present']
 ['1' '113.72797044595973' 'present']
 ['20' '125.00312080124766' 'marauded']
 ['13' '142.38132544485995' 'present']
 ['6' '150.55593944794884' 'present']
 ['5' '153.07204462052803' 'present']
 ['23' '156.49149143120246' 'present']
 ['7' '156.67457903723516' 'marauded']
 ['7' '158.00485346098742' 'destroyed']
 ['1' '158.56458299755158' 'presentdestroyed']
 ['20' '159.91947363819202' 'destroyed']
 ['12' '168.8262827788915' 'present']
 ['12' '181.55470315535348' 'present']
 ['17' '181.86584058658133' 'present']
 ['2' '182.68446631232908' 'present']
 ['1' '185.07064338562043' 'marauded']
 ['9' '186.05182208217315' 'destroyed']
 ['23' '186.3134234754882' 'presentdestroyed']
 ['7' '201.51069321908733' 'present']
 ['3' '202.42327446679747' 'present']
 ['7' '205.63632257599642' 'present']
 ['2' '212.40406768035515' 'present']
 ['9' '213.33188196397697' 'present']
 ['2' '225.67283465368433' 'present']
 ['18' '235.94700230186405' 'present']
 ['17' '237.60688988668565' 'marauded']
 ['13' '241.2322494227405' 'presentdestroyed']
 ['5' '243.83012323271868' 'presentdestroyed']
 ['7' '245.57342502134534' 'present']
 ['2' '250.42392512426932' 'marauded']
 ['17' '258.9817597023615' 'present']
 ['9' '260.7081053983801' 'present']
 ['6' '263.36201926662693' 'marauded']
 ['11' '269.73938841663715' 'destroyed']
 ['9' '275.6935401838241' 'present']
 ['15' '276.5763756365235' 'marauded']
 ['3' '277.46411750997015' 'presentdestroyed']
 ['2' '279.33524800194' 'presentdestroyed']
 ['2' '281.89272205340706' 'presentdestroyed']
 ['22' '282.86803049449253' 'destroyed']
 ['1' '293.06932346062365' 'present']
 ['12' '297.3858128289256' 'marauded']
 ['18' '301.8495175677449' 'presentdestroyed']
 ['3' '307.39850667151967' 'present']
 ['15' '310.8515267777386' 'present']
 ['11' '319.84697606589344' 'present']
 ['12' '319.9315937738707' 'present']
 ['13' '326.008920473918' 'present']
 ['23' '329.1438067185569' 'present']
 ['22' '331.62303851423286' 'present']
 ['23' '345.9192716053889' 'present']
 ['7' '349.10344034436514' 'marauded']
 ['13' '354.9569292945314' 'presentdestroyed']]","[['F187' '69.81375883170345' 'mated']
 ['F129' '73.33940462722958' 'mated']
 ['F175' '93.88809960763422' 'mated']
 ['F104' '117.04822067912151' 'absent']
 ['F64' '158.4739170895779' 'absentdestroyed']
 ['F121' '162.95692568427074' 'destroyed']
 ['F147' '192.01488479184883' 'destroyed']
 ['F65' '203.59998388724918' 'mated']
 ['F199' '214.55453696579488' 'mated']
 ['F27' '246.34387981815078' 'mated']
 ['F30' '247.33442213960967' 'mated']
 ['F47' '271.89519292525034' '']
 ['F209' '278.6661916093945' 'destroyed']
 ['F211' '290.8242576298146' 'mated']
 ['F92' '295.2342288169195' 'mated']
 ['F40' '310.45302641273923' 'mated']
 ['F182' '321.98790999714134' 'mated']
 ['F14' '329.22515222200536' 'mated']]",547.0,75.02206207529375,17.10218541258786,1225.0,210.1124060624456,45.443536799926626,422.0,73.10891763396108,15.858160197497934,15.0,1.5000000000000002,0.15000000000000008,70.0,0.3240740740740741,0.0015003429355281194
22,0.054,8,359.87465684739755,"[['18' '8.676165975189951' 'present']
 ['7' '12.815944302219323' 'present']
 ['11' '16.605433491549636' 'present']
 ['23' '19.968145365440616' 'present']
 ['7' '20.19891416501049' 'present']
 ['15' '28.751899329219135' 'present']
 ['12' '40.15297141512352' 'present']
 ['9' '40.59297988054693' 'present']
 ['15' '43.84565399290462' 'present']
 ['5' '45.731934663387925' 'present']
 ['11' '51.31623801559286' 'present']
 ['18' '55.00879365423147' 'marauded']
 ['12' '60.25956326625234' 'presentdestroyed']
 ['21' '65.8699970598091' 'marauded']
 ['12' '74.19239708464289' 'present']
 ['1' '76.33501414807024' 'marauded']
 ['12' '90.30827376205171' 'present']
 ['9' '96.69903765511403' 'present']
 ['18' '97.0668213028714' 'present']
 ['1' '112.83320707026677' 'present']
 ['17' '115.88464227171468' 'marauded']
 ['17' '129.95582952206047' 'present']
 ['6' '130.8861898370767' 'present']
 ['23' '134.70867080035154' 'marauded']
 ['1' '138.41485256175213' 'presentdestroyed']
 ['5' '144.32845607087833' 'present']
 ['7' '155.40885300545833' 'present']
 ['20' '163.0922093038483' 'marauded']
 ['5' '168.20901444663053' 'presentdestroyed']
 ['17' '169.97477639399668' 'destroyed']
 ['12' '172.0138097740141' 'marauded']
 ['11' '174.88859835359546' 'presentdestroyed']
 ['20' '183.70147230457974' 'marauded']
 ['23' '184.58896537727983' 'destroyed']
 ['12' '194.90127855452835' 'marauded']
 ['2' '199.55307512966039' 'presentdestroyed']
 ['17' '202.08127451201764' 'presentdestroyed']
 ['2' '203.04688019473951' 'present']
 ['7' '205.59734886578818' 'present']
 ['3' '211.3072836927085' 'marauded']
 ['20' '219.92910855918637' 'present']
 ['12' '221.55201543971376' 'present']
 ['6' '223.48991267924578' 'present']
 ['18' '228.7955628982076' 'present']
 ['9' '235.24433146699064' 'marauded']
 ['17' '244.71152980642555' 'marauded']
 ['1' '250.0786915342865' 'presentdestroyed']
 ['13' '255.33440826370105' 'marauded']
 ['5' '255.59456867468643' 'presentdestroyed']
 ['7' '256.07174136582466' 'presentdestroyed']
 ['5' '270.65914903105624' 'present']
 ['7' '283.06621575801506' 'present']
 ['5' '290.30689224843877' 'present']
 ['13' '298.40654713765537' 'present']
 ['9' '304.2565991270478' 'marauded']
 ['12' '305.843910511455' 'destroyed']
 ['20' '306.42015546962557' 'presentdestroyed']
 ['2' '318.71605491669897' 'present']
 ['3' '325.41959078220947' 'present']
 ['18' '328.9833310504487' 'present']
 ['6' '343.49863084626406' 'present']
 ['20' '343.884314231655' 'present']
 ['21' '344.979037692688' 'present']
 ['6' '347.972630916959' 'present']
 ['17' '355.5885176688514' 'present']]","[['F167' '94.78160788687877' 'absent']
 ['F89' '125.57743351812275' 'mated']
 ['F193' '133.90529167748124' 'mated']
 ['F57' '151.30265384447463' 'mated']
 ['F159' '155.08368020733204' 'mated']
 ['F64' '158.4762319043927' 'mated']
 ['F100' '162.73287701498197' 'mated']
 ['F207' '165.34750419848262' 'destroyed']
 ['F50' '184.85098884752614' 'destroyed']
 ['F195' '192.13616823662366' 'mated']
 ['F84' '197.30323164461223' 'destroyed']
 ['F96' '250.10094635379025' 'destroyed']
 ['F7' '252.08600880546794' 'absentdestroyed']
 ['F15' '284.2061439427048' 'mated']]",566.0,69.25566245538526,12.995130502625072,1229.0,203.4874538584499,43.59760337361817,518.0,85.7470293836658,18.251174290927654,12.0,1.2,0.12000000000000005,68.0,0.3148148148148148,0.0014574759945130303
23,0.054,12,360.21159208827936,"[['6' '0.3407209370061172' 'present']
 ['7' '1.9121946285577855' 'marauded']
 ['9' '19.053859764305376' 'present']
 ['7' '49.84708029849757' 'present']
 ['1' '51.98108216315191' 'present']
 ['11' '66.37713958713191' 'present']
 ['1' '71.04422058705921' 'present']
 ['12' '74.01811081983634' 'present']
 ['9' '75.16251734190094' 'present']
 ['18' '76.02934299896181' 'present']
 ['7' '82.20525555011686' 'present']
 ['20' '82.46973620845947' 'present']
 ['2' '87.57068926548948' 'present']
 ['2' '92.97029649560986' 'present']
 ['6' '97.91004788651512' 'present']
 ['18' '100.21755356035501' 'present']
 ['3' '111.93981558265068' 'present']
 ['12' '143.4169150785048' 'present']
 ['15' '145.02828751253787' 'present']
 ['3' '149.39024505781066' 'present']
 ['7' '165.26960276920855' 'present']
 ['21' '169.45550239251014' 'present']
 ['1' '170.85805540006058' 'present']
 ['11' '175.29259064035855' 'present']
 ['18' '177.46508372808555' 'present']
 ['1' '181.80953792353725' 'present']
 ['13' '187.02222935228892' 'present']
 ['2' '197.23762002212595' 'present']
 ['2' '204.99687061028337' 'present']
 ['11' '211.99836383662918' 'marauded']
 ['21' '220.52183425437275' 'marauded']
 ['5' '222.68003469585074' 'presentdestroyed']
 ['3' '237.11108218773202' 'present']
 ['7' '240.28104708322542' 'marauded']
 ['5' '242.6718531589922' 'presentdestroyed']
 ['13' '242.87634437690144' 'destroyed']
 ['22' '244.36930577814738' 'presentdestroyed']
 ['1' '257.3042088921126' 'present']
 ['20' '271.2339125534425' 'marauded']
 ['7' '272.7113268533788' 'destroyed']
 ['12' '272.8244600030904' 'presentdestroyed']
 ['12' '274.54144500558056' 'presentdestroyed']
 ['7' '278.471921977547' 'present']
 ['20' '281.09555399579807' 'marauded']
 ['13' '289.80619930495794' 'present']
 ['9' '294.80418998004643' 'present']
 ['6' '297.34287976069385' 'present']
 ['13' '300.88929207149556' 'present']
 ['17' '320.96658658536006' 'present']
 ['1' '321.37742898824916' 'marauded']
 ['11' '330.95300549111613' 'present']
 ['18' '331.10056518884124' 'present']
 ['9' '331.4837618016163' 'present']
 ['21' '332.9928114156024' 'present']
 ['21' '333.79905672795434' 'present']
 ['17' '341.0363168983399' 'present']
 ['18' '342.7030361718333' 'present']
 ['13' '345.4461310600588' 'present']
 ['11' '347.86333193853295' 'present']
 ['13' '349.3352905318269' 'present']
 ['1' '357.5291582381493' 'marauded']
 ['17' '359.36102598241996' 'destroyed']
 ['21' '359.47748325398686' 'presentdestroyed']]","[['F127' '65.98454240554328' 'mated']
 ['F106' '82.74674483339001' 'mated']
 ['F109' '82.80158341505707' 'mated']
 ['F196' '141.65336202432061' 'mated']
 ['F125' '152.0987878316199' 'absent']
 ['F68' '161.07221202734192' 'mated']
 ['F165' '161.18443098951101' 'mated']
 ['F37' '167.25073491815814' 'mated']
 ['F201' '176.28604329347274' 'mated']
 ['F63' '211.0010657666596' 'mated']
 ['F135' '228.7400303996753' 'mated']
 ['F26' '256.84695106351626' 'mated']
 ['F91' '265.90139546241323' 'absent']
 ['F85' '267.78673666520575' 'mated']
 ['F171' '284.163312418128' 'absentdestroyed']
 ['F211' '290.8219428149998' 'absent']]",573.0,66.19220507891217,12.193555699055052,1479.0,247.5203809397555,52.54172014511845,268.0,45.03505350180284,9.731648781322228,11.0,1.0999999999999999,0.11000000000000004,72.0,0.3333333333333334,0.0015432098765432085
