id,probability_maraud,successful_mating,next_foraging_time,mar_attempts,mate_attempts,foraging_events,foraging_hrs,foraging_sqhrs,staying_events,staying_hrs,staying_sqhrs,repairing_events,repairing_hrs,repairing_sqhrs,marauding_events,marauding_hrs,marauding_sqhrs,traveling_events,traveling_hrs,traveling_sqhrs
0,0.054,10,360.02218382559937,"[['5' '5.891459815219875' 'marauded']
 ['4' '6.139718786217501' 'destroyed']
 ['10' '6.307736483886711' 'presentdestroyed']
 ['6' '13.684186597512305' 'present']
 ['7' '20.959381142499737' 'present']
 ['18' '31.47324827109814' 'present']
 ['7' '39.022432772803626' 'marauded']
 ['2' '75.43061631800266' 'present']
 ['6' '77.54428996710728' 'present']
 ['2' '78.86473878827822' 'present']
 ['5' '80.70613307348724' 'present']
 ['2' '91.83477592007125' 'present']
 ['18' '93.63828888717414' 'present']
 ['20' '114.2557385110516' 'present']
 ['15' '118.1288487221551' 'marauded']
 ['22' '118.73074186640768' 'presentdestroyed']
 ['3' '122.94149492991374' 'destroyed']
 ['7' '125.59214483572471' 'presentdestroyed']
 ['6' '134.31140792273396' 'present']
 ['15' '148.54474326029194' 'present']
 ['18' '150.18524074992914' 'present']
 ['10' '170.90897525557546' 'marauded']
 ['20' '175.75807272155834' 'presentdestroyed']
 ['5' '176.80622641050064' 'presentdestroyed']
 ['20' '181.9106962866441' 'marauded']
 ['14' '198.4661431530568' 'present']
 ['5' '215.03542364241747' 'present']
 ['15' '226.20943058348922' 'present']
 ['5' '226.26506428411852' 'present']
 ['7' '226.93953086234052' 'present']
 ['3' '236.0486633272747' 'present']
 ['10' '254.749809385672' 'present']
 ['7' '260.8346835193892' 'present']
 ['17' '262.232804216068' 'present']
 ['10' '264.28188329512034' 'present']
 ['22' '267.34263201932293' 'present']
 ['2' '282.58718305001366' 'present']
 ['14' '290.4702392246051' 'present']
 ['14' '290.6424280394137' 'present']
 ['18' '294.17867213726396' 'marauded']
 ['8' '295.87156823612173' 'destroyed']
 ['14' '296.2615483349161' 'presentdestroyed']
 ['8' '300.0950274591326' 'presentdestroyed']
 ['14' '305.900159496328' 'present']
 ['17' '308.93341505436325' 'present']
 ['10' '332.1459823369385' 'present']
 ['18' '336.6399460203289' 'marauded']
 ['3' '340.577986953792' 'presentdestroyed']
 ['17' '341.20782842281056' 'destroyed']
 ['8' '345.64917352547326' 'present']
 ['18' '351.31354167310553' 'marauded']
 ['10' '352.7143555015152' 'presentdestroyed']
 ['17' '358.07056758579085' 'destroyed']]","[['F46' '40.17258660760386' 'destroyed']
 ['F104' '68.8880705035637' 'mated']
 ['F108' '93.21296962583956' 'absent']
 ['F95' '94.94901673448535' 'mated']
 ['F9' '118.68070687306937' 'destroyed']
 ['F196' '132.06321768782087' 'mated']
 ['F194' '133.86162162982265' 'mated']
 ['F206' '136.78801502105105' 'absent']
 ['F120' '167.12764939796534' 'mated']
 ['F96' '169.52725601665742' 'mated']
 ['F56' '172.70269354666988' 'absentdestroyed']
 ['F124' '198.60434016742886' 'mated']
 ['F112' '241.89290643307936' 'mated']
 ['F43' '264.28128470690234' 'mated']
 ['F28' '280.75240728990025' 'absent']
 ['F121' '284.11833649332084' 'mated']]",567.0,76.0037878799888,16.313913407838495,1408.0,231.8332596494662,48.78989460768706,283.0,48.47989385247691,10.328239187103962,6.0,0.6,0.06000000000000001,67.0,3.101851851851851,0.14360425240054867
1,0.0,16,360.2756328688638,"[['20' '16.5305820908801' 'present']
 ['5' '18.055503385352047' 'present']
 ['8' '18.391060260830802' 'marauded']
 ['8' '23.978925898193207' 'presentdestroyed']
 ['6' '39.5895489427888' 'present']
 ['5' '41.65082656103389' 'present']
 ['15' '46.909596445337584' 'present']
 ['0' '55.91690752001626' 'present']
 ['6' '70.02774913914719' 'marauded']
 ['15' '75.1204542793327' 'presentdestroyed']
 ['3' '81.42318262445674' 'marauded']
 ['7' '98.38068590104074' 'present']
 ['17' '101.24172507672289' 'present']
 ['18' '108.59127832001776' 'present']
 ['18' '120.81958356559784' 'present']
 ['14' '126.1019447956392' 'present']
 ['3' '130.26657351638644' 'present']
 ['15' '135.14419688783866' 'present']
 ['0' '157.80600551683136' 'present']
 ['4' '158.16515712884225' 'marauded']
 ['2' '189.23709905313896' 'present']
 ['6' '203.916748224864' 'present']
 ['2' '216.5263452881158' 'present']
 ['8' '218.51815682227857' 'present']
 ['4' '222.70676229013702' 'present']
 ['3' '244.31535782110686' 'present']
 ['7' '247.52636117778346' 'present']
 ['7' '247.57265747407976' 'present']
 ['22' '263.70408355238203' 'present']
 ['2' '271.28401329071454' 'present']
 ['14' '284.5435375665493' 'present']
 ['2' '290.58214779389044' 'present']
 ['7' '298.21472764824057' 'present']
 ['7' '300.92988437586905' 'marauded']
 ['15' '306.29738059610514' 'presentdestroyed']
 ['4' '315.7241587644625' 'present']
 ['22' '317.64709233319434' 'present']
 ['4' '320.39730537589867' 'present']
 ['10' '331.2508888217906' 'present']
 ['4' '331.81069569818044' 'present']
 ['14' '336.38044334583554' 'present']
 ['2' '336.7666078082165' 'marauded']
 ['17' '343.57222605543643' 'presentdestroyed']
 ['18' '349.9598840953409' 'present']
 ['3' '350.7426881571114' 'marauded']]","[['F12' '10.045849298429541' 'mated']
 ['F207' '75.12468550953375' 'destroyed']
 ['F86' '122.14303130330627' 'absent']
 ['F2' '122.750729536083' 'mated']
 ['F146' '129.786403755327' 'absent']
 ['F31' '137.4480984870631' 'absent']
 ['F160' '143.33703020798123' 'absent']
 ['F6' '147.26297937223325' 'mated']
 ['F0' '166.1463891119573' 'mated']
 ['F17' '183.59187121172516' 'absent']
 ['F40' '184.85092788469333' 'mated']
 ['F204' '191.94566467975568' 'mated']
 ['F201' '204.84430616904828' 'mated']
 ['F183' '206.89192731682934' 'mated']
 ['F192' '221.38377170166672' 'mated']
 ['F90' '224.64750768012604' 'mated']
 ['F39' '225.64944995078378' 'mated']
 ['F24' '234.01686666163582' 'mated']
 ['F83' '263.18192382140643' 'mated']
 ['F195' '272.0596358104025' 'mated']
 ['F85' '273.8132124781562' 'mated']
 ['F161' '294.3127975295152' 'mated']]",544.0,70.91542670154239,15.814471269479451,1421.0,246.26831567198596,53.2571358383228,253.0,42.83015472332246,9.140602916126374,0.0,0.0,0.0,0.0,0.0,0.0
2,0.054,6,360.1077731198088,"[['10' '17.748964000669705' 'present']
 ['6' '21.28713243559112' 'present']
 ['10' '34.22071882791988' 'present']
 ['18' '63.20088577905919' 'present']
 ['3' '65.1121578102063' 'present']
 ['22' '69.8992331363603' 'present']
 ['14' '72.92674687830775' 'present']
 ['22' '74.17750911238838' 'present']
 ['10' '95.29866237606359' 'present']
 ['14' '97.82921717159992' 'present']
 ['7' '109.46336725250463' 'present']
 ['15' '114.81200853629375' 'present']
 ['5' '122.13100953337603' 'present']
 ['22' '122.38951663310256' 'present']
 ['15' '128.7537824815317' 'present']
 ['17' '136.7490917936027' 'marauded']
 ['7' '153.20365635288644' 'present']
 ['5' '153.67318358565007' 'marauded']
 ['20' '158.50715973131713' 'presentdestroyed']
 ['15' '160.23845917076514' 'presentdestroyed']
 ['4' '160.85476200921698' 'presentdestroyed']
 ['22' '161.5470573503426' 'present']
 ['15' '187.15869988620975' 'present']
 ['5' '199.4173140133559' 'present']
 ['22' '199.59543163875082' 'present']
 ['15' '201.79810977377275' 'present']
 ['3' '217.70035800807676' 'present']
 ['3' '230.30221296098696' 'present']
 ['15' '232.16747642316182' 'present']
 ['14' '238.49423281245666' 'present']
 ['20' '240.37976042695485' 'present']
 ['0' '243.42479301524168' 'present']
 ['18' '243.49338476057528' 'present']
 ['10' '251.32205062800847' 'present']
 ['7' '263.01703621049154' 'present']
 ['5' '279.88935090934467' 'present']
 ['3' '283.03524852330065' 'present']
 ['18' '290.36169605215315' 'present']
 ['7' '292.6008324170823' 'present']
 ['22' '298.0710837552775' 'present']
 ['5' '303.63685487526305' 'marauded']
 ['18' '304.1823976637041' 'presentdestroyed']
 ['14' '310.7205380488376' 'presentdestroyed']
 ['15' '313.18732466195326' 'present']
 ['15' '316.5698533353201' 'marauded']
 ['22' '320.69426499859077' 'presentdestroyed']
 ['10' '334.01480552841247' 'present']
 ['6' '334.68326262539813' 'present']
 ['14' '335.6572858903765' 'present']
 ['14' '336.07416301370495' 'present']
 ['15' '342.07849285486395' 'present']
 ['7' '344.02618814148553' 'marauded']
 ['18' '353.425419291833' 'present']
 ['14' '358.0709101859744' 'present']]","[['F8' '134.52851960863188' 'mated']
 ['F111' '137.54440507252576' 'destroyed']
 ['F88' '142.85967464804173' 'destroyed']
 ['F75' '188.13664412048442' 'mated']
 ['F128' '191.0849028487297' 'absent']
 ['F93' '216.91445004631385' 'mated']
 ['F23' '220.53272712162322' 'mated']
 ['F26' '235.6339849636399' 'mated']
 ['F174' '271.97889296248485' 'absent']
 ['F28' '280.7755554380484' 'absent']
 ['F61' '290.15380800725933' 'mated']]",574.0,64.49676997740252,11.763354115244235,1545.0,259.6192033512101,56.08770663114921,185.0,30.237574346230684,6.428638943909084,13.0,1.3,0.13000000000000006,96.0,4.444444444444447,0.2057613168724276
3,0.054,7,360.18823590454207,"[['17' '0.740081028437567' 'marauded']
 ['20' '5.823514004186275' 'presentdestroyed']
 ['4' '9.813431208871906' 'present']
 ['17' '18.700615912820968' 'marauded']
 ['8' '27.615879847021223' 'marauded']
 ['0' '36.63905188043577' 'present']
 ['5' '44.17650853434236' 'present']
 ['10' '44.70503421250143' 'present']
 ['20' '47.45892049978767' 'marauded']
 ['2' '53.89871124401012' 'destroyed']
 ['18' '57.71954329000026' 'present']
 ['20' '60.99140366796367' 'present']
 ['8' '72.65346501032494' 'present']
 ['6' '74.1304658253717' 'present']
 ['5' '79.0562833564962' 'present']
 ['0' '79.50217642754099' 'present']
 ['4' '90.8938977742827' 'marauded']
 ['4' '130.53663270969176' 'present']
 ['17' '146.18703238025864' 'marauded']
 ['5' '152.1033287462964' 'presentdestroyed']
 ['18' '161.2760002384585' 'present']
 ['15' '162.24464183091763' 'present']
 ['8' '164.92565548732355' 'marauded']
 ['22' '167.36597049971593' 'presentdestroyed']
 ['22' '171.36504085697715' 'presentdestroyed']
 ['5' '175.89494922583035' 'present']
 ['6' '178.71682256798422' 'present']
 ['8' '182.07922846652679' 'present']
 ['20' '182.42570508952224' 'present']
 ['15' '189.1103206087644' 'present']
 ['2' '192.06264573743374' 'present']
 ['18' '197.24443261663893' 'present']
 ['8' '208.63825831176413' 'marauded']
 ['8' '213.69366672269146' 'destroyed']
 ['7' '215.16924321778973' 'presentdestroyed']
 ['17' '218.83208374164295' 'present']
 ['5' '230.48782648723753' 'present']
 ['20' '238.65274010308983' 'present']
 ['22' '239.7583068252469' 'present']
 ['18' '245.44157737458949' 'marauded']
 ['8' '258.00037367845505' 'present']
 ['20' '258.55549046429036' 'marauded']
 ['5' '260.88203507071916' 'presentdestroyed']
 ['2' '263.21392042031965' 'destroyed']
 ['14' '263.365035767072' 'presentdestroyed']
 ['20' '265.9255742357286' 'destroyed']
 ['22' '296.98836795734934' 'present']
 ['7' '305.09470149586286' 'marauded']
 ['15' '309.0859037153657' 'presentdestroyed']
 ['10' '316.9260578032326' 'present']
 ['14' '340.38627719034685' 'present']
 ['22' '343.1342897309718' 'present']
 ['0' '344.5625337832064' 'present']
 ['2' '355.6880861056275' 'present']]","[['F89' '28.58275817751422' 'destroyed']
 ['F173' '39.9723127487293' 'absent']
 ['F135' '64.12233221842304' 'mated']
 ['F134' '127.31816398205669' 'mated']
 ['F140' '137.33558678029294' 'mated']
 ['F6' '147.2398312240851' 'destroyed']
 ['F177' '153.0098648425567' 'destroyed']
 ['F193' '170.24489494480966' 'destroyed']
 ['F79' '173.43200967464412' 'mated']
 ['F49' '189.96977287713716' 'mated']
 ['F126' '209.09726742629368' 'destroyed']
 ['F159' '213.09442941564964' 'destroyed']
 ['F154' '234.0768829343209' 'mated']
 ['F60' '239.45310239550957' 'mated']]",584.0,69.73466001786377,13.79361912795419,1285.0,217.8977818740487,46.743447670384555,402.0,67.04195968651153,14.022050147721528,17.0,1.7000000000000004,0.1700000000000001,79.0,3.6574074074074066,0.16932441700960202
4,0.054,13,360.4907127756839,"[['10' '3.510150973792625' 'present']
 ['15' '17.665038181818346' 'present']
 ['10' '20.47110357449715' 'marauded']
 ['0' '22.138482575381648' 'presentdestroyed']
 ['8' '26.858041076596134' 'presentdestroyed']
 ['22' '41.48205558178152' 'present']
 ['2' '42.74431908268828' 'present']
 ['17' '58.47558730105826' 'present']
 ['2' '61.23907454578223' 'present']
 ['6' '61.631843846428595' 'present']
 ['0' '66.17848847916801' 'present']
 ['6' '66.71625382304407' 'present']
 ['8' '71.87114007112108' 'present']
 ['6' '96.92361913576474' 'present']
 ['17' '98.52419958999256' 'present']
 ['6' '102.21583613364986' 'present']
 ['20' '106.81850821823878' 'present']
 ['17' '109.87032201192832' 'marauded']
 ['6' '140.2456262130481' 'present']
 ['7' '146.22581888221717' 'present']
 ['14' '148.2438561903485' 'marauded']
 ['5' '153.9303020457173' 'presentdestroyed']
 ['7' '160.1565928678912' 'present']
 ['6' '163.35681293586555' 'present']
 ['20' '165.71851898527908' 'marauded']
 ['22' '173.15535496269143' 'presentdestroyed']
 ['8' '178.48731505185856' 'marauded']
 ['15' '181.3721172351596' 'presentdestroyed']
 ['6' '183.1801013231913' 'presentdestroyed']
 ['7' '191.31072788628407' 'marauded']
 ['8' '193.7901366066454' 'presentdestroyed']
 ['3' '198.35663658182924' 'presentdestroyed']
 ['2' '201.23021491249196' 'present']
 ['2' '204.04080240361455' 'present']
 ['5' '213.60309636427561' 'marauded']
 ['10' '214.74064662976963' 'presentdestroyed']
 ['18' '232.47864219854236' 'present']
 ['22' '232.98846424754245' 'present']
 ['10' '233.93929978924317' 'marauded']
 ['6' '239.29112210322572' 'presentdestroyed']
 ['2' '248.39952957651954' 'present']
 ['10' '259.63777609566506' 'present']
 ['14' '265.8840040996032' 'present']
 ['22' '267.38892831561924' 'present']
 ['0' '273.8162857189421' 'present']
 ['15' '274.8808886425309' 'present']
 ['3' '279.72935306626755' 'present']
 ['8' '296.39123076177265' 'present']
 ['14' '313.98963851881473' 'present']
 ['15' '319.58505822109333' 'present']
 ['7' '324.0786323230023' 'present']
 ['5' '330.16980287679746' 'present']
 ['5' '335.5141406063559' 'present']
 ['18' '338.7705216541921' 'marauded']
 ['22' '350.0012060043367' 'marauded']
 ['10' '351.5485626412147' 'presentdestroyed']]","[['F55' '38.42376101894808' 'mated']
 ['F190' '44.1890376795006' 'mated']
 ['F207' '75.1478336576819' 'mated']
 ['F136' '89.27623376693982' 'mated']
 ['F203' '103.22717973316004' 'mated']
 ['F132' '122.27613769199795' 'mated']
 ['F156' '127.86060359190745' 'mated']
 ['F63' '155.9138809364536' '']
 ['F56' '172.65639725037357' 'destroyed']
 ['F18' '175.1100830411105' 'mated']
 ['F150' '183.06036133431095' 'destroyed']
 ['F125' '200.4964808643665' 'mated']
 ['F128' '203.15434729317417' 'mated']
 ['F201' '204.82115802090013' 'absent']
 ['F158' '262.109128191912' 'mated']
 ['F117' '305.50678927787897' 'mated']
 ['F70' '306.3294494839065' 'mated']]",573.0,72.27571827398214,14.456474328789339,1326.0,221.918551299049,46.733331103279646,371.0,61.22713267363032,12.769678732007291,14.0,1.4000000000000001,0.14000000000000007,73.0,3.379629629629629,0.15646433470507534
5,0.054,8,360.23072665306546,"[['6' '8.447952771305037' 'present']
 ['18' '33.532240516883476' 'marauded']
 ['2' '44.40436196513369' 'marauded']
 ['20' '49.24918591366568' 'presentdestroyed']
 ['10' '58.35100687665647' 'marauded']
 ['8' '60.22186916626032' 'presentdestroyed']
 ['14' '71.8460079878879' 'present']
 ['0' '83.1499318329709' 'marauded']
 ['17' '88.46600204871625' 'destroyed']
 ['6' '96.03073044844207' 'present']
 ['10' '96.17881580022411' 'marauded']
 ['14' '101.5629153304932' 'presentdestroyed']
 ['20' '109.89328086911739' 'present']
 ['3' '124.08554655130926' 'present']
 ['6' '129.14356357437' 'marauded']
 ['4' '135.451675355803' 'presentdestroyed']
 ['18' '135.4565179129287' 'presentdestroyed']
 ['22' '161.5007610540463' 'present']
 ['18' '165.07011243380083' 'present']
 ['20' '168.45592383996632' 'present']
 ['8' '189.55907847384933' 'marauded']
 ['15' '199.39658765919734' 'marauded']
 ['14' '207.42723566698658' 'present']
 ['3' '234.1177610926485' 'present']
 ['3' '235.72700955181827' 'present']
 ['7' '245.01827044324165' 'present']
 ['18' '245.86218233692918' 'present']
 ['4' '254.35239353320202' 'present']
 ['0' '261.9175799084677' 'marauded']
 ['15' '289.4161107589845' 'present']
 ['17' '297.6529493442906' 'present']
 ['18' '306.1717060096823' 'marauded']
 ['7' '308.6613166369079' 'destroyed']
 ['0' '316.4471414901744' 'present']
 ['14' '330.6024330738446' 'present']
 ['22' '333.5062438496174' 'present']
 ['15' '342.6253774534525' 'present']
 ['8' '345.4282784262281' 'present']
 ['18' '348.2806326214045' 'present']
 ['15' '348.8091265984862' 'present']
 ['3' '356.5044038915409' 'present']]","[['F89' '28.605906325662367' 'mated']
 ['F72' '65.3821868002747' 'absentdestroyed']
 ['F98' '122.40530451723907' 'mated']
 ['F88' '142.88282279618988' 'mated']
 ['F160' '143.31388205983308' 'absent']
 ['F34' '208.44892679044708' 'mated']
 ['F126' '209.07411927814553' 'absent']
 ['F162' '218.15538648786907' 'mated']
 ['F54' '248.79878109902234' 'mated']
 ['F78' '259.02109576252036' 'mated']
 ['F175' '336.64598921855054' 'mated']]",579.0,71.27455111477181,13.811423770009105,1298.0,223.38477719117267,48.52336227716051,372.0,60.856233797863545,12.614080654590179,15.0,1.5000000000000002,0.15000000000000008,67.0,3.101851851851851,0.14360425240054867
6,0.054,11,360.66535681250025,"[['3' '10.472973895083781' 'present']
 ['5' '13.11201835822635' 'present']
 ['22' '21.287342504215584' 'marauded']
 ['22' '46.5113910552749' 'present']
 ['22' '47.23124733888118' 'marauded']
 ['7' '47.90243967939759' 'presentdestroyed']
 ['14' '50.335063644604695' 'destroyed']
 ['2' '52.49434839697508' 'presentdestroyed']
 ['15' '60.58908215588314' 'present']
 ['22' '68.74136882087072' 'present']
 ['4' '74.56859859565014' 'present']
 ['15' '99.73734241986212' 'present']
 ['4' '104.48023817797934' 'marauded']
 ['3' '112.28172317208498' 'marauded']
 ['20' '127.86608838870563' 'present']
 ['17' '129.38633082506428' 'present']
 ['15' '133.98916070810674' 'present']
 ['15' '148.9964744604469' 'present']
 ['10' '150.01877184404725' 'present']
 ['18' '165.11640873009713' 'present']
 ['14' '166.72086491293135' 'present']
 ['22' '169.47739361813157' 'present']
 ['14' '196.22175646076977' 'marauded']
 ['22' '197.20122058041994' 'presentdestroyed']
 ['17' '204.27257682716828' 'present']
 ['22' '210.12034363435222' 'marauded']
 ['22' '241.48196575835112' 'present']
 ['20' '243.25365599522385' 'marauded']
 ['15' '243.52294701934915' 'destroyed']
 ['7' '255.31857392974626' 'present']
 ['20' '256.49397733281205' 'present']
 ['0' '283.0791255442444' 'present']
 ['4' '295.5005397447141' 'marauded']
 ['14' '306.44936359926936' 'marauded']
 ['3' '318.0401438304955' 'marauded']
 ['5' '333.7251604970213' 'present']
 ['22' '343.08799343467547' 'present']
 ['18' '347.5991547815518' 'present']
 ['5' '353.801178614939' 'present']
 ['22' '356.9893336191224' 'present']]","[['F22' '24.34945305781772' 'destroyed']
 ['F139' '127.04311267943683' 'mated']
 ['F42' '130.55491878742328' 'mated']
 ['F69' '134.54408937951405' 'mated']
 ['F149' '144.35739866595506' 'mated']
 ['F94' '162.30462985652878' 'mated']
 ['F141' '168.43041169377452' 'mated']
 ['F35' '251.82261593973442' 'mated']
 ['F123' '252.8697775883303' 'mated']
 ['F87' '269.94132940519546' 'mated']
 ['F153' '272.2710487036485' 'mated']
 ['F28' '280.79870358619655' 'mated']]",572.0,68.66824873792237,13.949574682824903,1320.0,225.4894471574064,49.0093723149901,362.0,60.96280067902016,12.94451081262174,12.0,1.2,0.12000000000000005,83.0,3.8425925925925917,0.1778978052126198
7,0.054,7,360.54752315312095,"[['15' '15.60011212304762' 'present']
 ['15' '24.503310280772826' 'marauded']
 ['17' '28.527512746575336' 'destroyed']
 ['6' '30.591482484982816' 'presentdestroyed']
 ['22' '49.48194016795536' 'present']
 ['14' '50.288767348308404' 'present']
 ['15' '52.98560647461824' 'present']
 ['8' '56.67812438285991' 'present']
 ['18' '57.76583958629655' 'marauded']
 ['17' '64.84588592490363' 'destroyed']
 ['20' '66.5748608785561' 'present']
 ['5' '67.8536494591698' 'present']
 ['14' '72.22083433402786' 'present']
 ['4' '74.08853775065997' 'marauded']
 ['3' '80.63986922781132' 'presentdestroyed']
 ['2' '106.77249607967475' 'present']
 ['3' '107.63110728905332' 'present']
 ['10' '110.96902366409316' 'present']
 ['14' '114.45737721003485' 'present']
 ['3' '120.47183494633194' 'present']
 ['8' '129.161217465694' 'present']
 ['18' '135.41022161663238' 'present']
 ['22' '148.43387589220728' 'present']
 ['6' '153.88736373901085' 'present']
 ['3' '162.8502461901737' 'marauded']
 ['2' '180.43898398081325' 'present']
 ['0' '193.64081698134066' 'present']
 ['2' '194.50012439684494' 'present']
 ['15' '195.30260826651727' 'present']
 ['15' '197.58842954536343' 'present']
 ['2' '200.83570300683718' 'marauded']
 ['15' '210.15557152694586' 'present']
 ['22' '233.66626554840647' 'marauded']
 ['14' '243.4859440339811' 'present']
 ['15' '247.32839360104296' 'present']
 ['2' '248.08770732805166' 'present']
 ['20' '250.12486904275772' 'present']
 ['10' '264.84535664911346' 'present']
 ['18' '281.34234202889576' 'present']
 ['4' '291.7183030377081' 'present']
 ['4' '292.88993920588064' 'present']
 ['5' '320.76796247039755' 'present']
 ['17' '332.84583029041636' 'marauded']
 ['3' '338.1730605708729' 'destroyed']
 ['14' '342.593339678894' 'present']]","[['F164' '46.528105271184465' 'mated']
 ['F4' '75.99703822739681' 'destroyed']
 ['F116' '84.50833131950563' 'mated']
 ['F114' '124.81709922304307' 'absent']
 ['F107' '135.15071528727282' 'mated']
 ['F31' '137.42495033891495' 'absent']
 ['F52' '145.9895382267581' 'mated']
 ['F0' '166.12324096380914' 'destroyed']
 ['F120' '167.1045012498172' 'destroyed']
 ['F37' '298.3048990723835' 'mated']
 ['F70' '306.26000503946204' 'absent']
 ['F80' '322.8803084873434' 'mated']
 ['F170' '328.65732341991975' 'mated']]",564.0,68.58347348174249,13.66194048632608,1458.0,243.09594200207138,51.952122357480995,247.0,42.60197375751048,9.30395747066848,17.0,1.7000000000000004,0.1700000000000001,90.0,4.166666666666667,0.19290123456790093
8,0.054,7,360.521150554529,"[['10' '0.14774528639364726' 'present']
 ['10' '1.1025569346073578' 'present']
 ['14' '9.156795413125687' 'present']
 ['5' '22.14870590239152' 'present']
 ['7' '23.769315371226124' 'present']
 ['20' '25.356461003175028' 'present']
 ['17' '27.585881647727764' 'present']
 ['14' '30.185355063531926' 'marauded']
 ['0' '34.64538803694834' 'presentdestroyed']
 ['7' '43.33880836489618' 'present']
 ['17' '55.14371521841665' 'present']
 ['17' '66.8632283208356' 'present']
 ['7' '69.27892739912107' 'present']
 ['14' '71.0705462172381' 'present']
 ['17' '78.95759415638281' 'marauded']
 ['7' '93.23083140932515' 'present']
 ['10' '97.28135719094183' 'present']
 ['14' '103.91910760343737' 'present']
 ['3' '119.23836461256619' 'present']
 ['20' '126.38625277057562' 'present']
 ['6' '129.04489707156412' 'present']
 ['6' '130.64924141471505' 'present']
 ['4' '132.43929905760822' 'present']
 ['17' '148.602123183676' 'present']
 ['0' '156.50666572142256' 'present']
 ['20' '181.3087073548016' 'present']
 ['15' '183.1967126904179' 'present']
 ['3' '188.3661625880347' 'present']
 ['3' '223.8503092622544' 'present']
 ['15' '226.69330610602483' 'present']
 ['4' '229.94300220322245' 'present']
 ['20' '238.3131383429794' 'marauded']
 ['7' '265.60520440705363' 'present']
 ['14' '265.7377078033069' 'marauded']
 ['22' '295.28533586424226' 'present']
 ['7' '297.68022167127276' 'present']
 ['22' '315.12744030246046' 'marauded']
 ['15' '320.5494066485867' 'presentdestroyed']
 ['15' '330.7212140309874' 'present']
 ['17' '340.95402995469624' 'present']
 ['3' '347.6263557554955' 'present']
 ['18' '352.6548728597433' 'present']
 ['22' '354.56726812341924' 'marauded']]","[['F22' '24.32630490966957' 'absent']
 ['F22' '24.372601205965868' 'absent']
 ['F46' '40.19573475575201' 'mated']
 ['F9' '118.63441057677306' 'absent']
 ['F111' '137.56755322067391' 'absent']
 ['F177' '153.03301299070486' 'mated']
 ['F151' '160.77576272255206' 'absent']
 ['F118' '161.36118775013267' 'mated']
 ['F193' '170.2217467966615' 'absent']
 ['F215' '186.9327563297474' 'mated']
 ['F167' '219.2181955856761' 'mated']
 ['F7' '233.76212752566718' 'mated']
 ['F44' '328.8490745537094' 'mated']]",566.0,71.39958286715185,14.522302511705753,1449.0,247.76274021917843,53.81308604591474,213.0,34.99168731892686,7.312511240293462,21.0,2.1000000000000005,0.21000000000000013,83.0,3.8425925925925917,0.1778978052126198
9,0.0,4,360.1774660575249,"[['14' '15.246129606243016' 'present']
 ['18' '15.539822950928473' 'present']
 ['4' '20.399206132577813' 'present']
 ['0' '26.401456077588563' 'present']
 ['10' '41.48938149173912' 'present']
 ['8' '49.9092280118698' 'present']
 ['14' '52.56861343890979' 'marauded']
 ['17' '54.54332523457448' 'presentdestroyed']
 ['8' '54.62280452670139' 'presentdestroyed']
 ['10' '57.18856010625961' 'presentdestroyed']
 ['0' '63.238568802886554' 'present']
 ['4' '64.1471460594036' 'marauded']
 ['3' '66.5624277938528' 'destroyed']
 ['22' '66.93836664184403' 'destroyed']
 ['6' '67.57317865087029' 'presentdestroyed']
 ['14' '70.30989448741629' 'destroyed']
 ['18' '72.65266224153338' 'marauded']
 ['6' '77.24312666828331' 'presentdestroyed']
 ['2' '78.16962283280154' 'destroyed']
 ['6' '84.33275962231218' 'present']
 ['20' '87.52630781221235' 'marauded']
 ['2' '92.71478250086444' 'presentdestroyed']
 ['22' '97.44034262612684' 'present']
 ['14' '103.72630098694168' 'present']
 ['22' '106.75907563274147' 'marauded']
 ['2' '107.01431802619658' 'presentdestroyed']
 ['15' '107.44384052369213' 'presentdestroyed']
 ['4' '117.38424246776898' 'present']
 ['8' '129.46926365618367' 'present']
 ['7' '131.40594997249272' 'present']
 ['2' '150.55607156238156' 'present']
 ['18' '167.33869103497253' 'marauded']
 ['22' '173.56577771197365' 'presentdestroyed']
 ['18' '186.77671280507852' 'present']
 ['14' '191.9562772178578' 'present']
 ['15' '194.76058362488308' 'marauded']
 ['4' '200.08591390400707' 'presentdestroyed']
 ['6' '204.86953750175505' 'present']
 ['22' '204.88257364150184' 'present']
 ['15' '213.1149254076769' 'present']
 ['18' '217.8065209297596' 'marauded']
 ['7' '220.62026025009249' 'presentdestroyed']
 ['3' '240.27960846288164' 'present']
 ['2' '246.29279280900093' 'present']
 ['0' '258.09417297850905' 'present']
 ['14' '260.78681949623336' 'present']
 ['8' '261.7502199200877' 'marauded']
 ['14' '274.2984014222439' 'present']
 ['4' '280.3481011304966' 'present']
 ['6' '282.77034966127667' 'present']
 ['18' '286.66003611276403' 'present']
 ['3' '297.4831189127789' 'present']
 ['18' '300.6074051945121' 'present']
 ['8' '300.9255638160202' 'marauded']
 ['14' '306.75504576765434' 'destroyed']
 ['14' '307.05544734553354' 'presentdestroyed']
 ['17' '309.9906597107677' 'present']
 ['4' '324.7725217811065' 'present']
 ['10' '338.96026503622767' 'present']
 ['8' '347.75719716786887' 'present']
 ['0' '350.56686730742877' 'present']
 ['7' '359.107471618658' 'present']]","[['F57' '112.10041957307365' 'absentdestroyed']
 ['F69' '134.5209412313659' 'absent']
 ['F155' '140.13557807534085' 'mated']
 ['F187' '157.57082175205267' 'mated']
 ['F193' '170.2680430929578' 'destroyed']
 ['F32' '180.4821188702013' 'absent']
 ['F179' '190.1736770450574' 'mated']
 ['F147' '191.92052399367347' 'mated']
 ['F97' '197.9444192295947' 'destroyed']
 ['F126' '209.05097112999738' 'absent']
 ['F10' '268.0342947535818' 'destroyed']
 ['F85' '273.790064330008' 'absent']]",567.0,68.81266170564399,14.1211729061129,1363.0,230.23509940812167,49.41579383453232,357.0,61.042091876302756,12.950968112212982,0.0,0.0,0.0,0.0,0.0,0.0
10,0.054,8,360.0788028946519,"[['5' '4.4489684418123145' 'present']
 ['6' '12.957233675288068' 'present']
 ['15' '21.11021063323096' 'present']
 ['18' '22.282955245148422' 'marauded']
 ['15' '35.15812427129031' 'present']
 ['20' '51.27955302042366' 'present']
 ['4' '61.52537106740299' 'present']
 ['3' '66.0800213693724' 'present']
 ['0' '68.72385910918153' 'present']
 ['5' '69.93198276173865' 'marauded']
 ['0' '73.07885271721793' 'presentdestroyed']
 ['7' '81.92757872774746' 'marauded']
 ['20' '95.38366189894884' 'present']
 ['17' '102.97438546002958' 'marauded']
 ['5' '112.00912402046954' 'marauded']
 ['22' '115.30821003211518' 'presentdestroyed']
 ['2' '117.05062819389839' 'presentdestroyed']
 ['8' '124.15087907504953' 'present']
 ['6' '125.50032551247574' 'marauded']
 ['14' '126.15177122647847' 'presentdestroyed']
 ['4' '126.50033183884068' 'presentdestroyed']
 ['15' '145.39733981590115' 'present']
 ['14' '148.80859977439644' 'present']
 ['14' '153.00268933462624' 'present']
 ['14' '154.68995748312395' 'present']
 ['22' '154.72617690933274' 'marauded']
 ['18' '155.27842208287078' 'presentdestroyed']
 ['0' '158.90881274570225' 'presentdestroyed']
 ['18' '159.1599203274124' 'presentdestroyed']
 ['4' '159.69212091809135' 'presentdestroyed']
 ['20' '170.04228188778853' 'present']
 ['8' '176.14018210915265' 'present']
 ['7' '183.5426681858546' 'marauded']
 ['15' '183.79682945680278' 'presentdestroyed']
 ['15' '196.10587216496597' 'marauded']
 ['4' '200.71593204530666' 'presentdestroyed']
 ['6' '203.9630445211603' 'present']
 ['6' '206.8041323430068' 'present']
 ['0' '210.87993183413718' 'present']
 ['2' '223.388235510891' 'present']
 ['2' '230.2373051272883' 'present']
 ['15' '247.37468989733927' 'present']
 ['2' '263.16762412402335' 'present']
 ['3' '268.02483022053696' 'marauded']
 ['7' '279.90361236204075' 'present']
 ['8' '282.29583924766825' 'marauded']
 ['3' '301.1258589360977' 'present']
 ['18' '301.815554891001' 'marauded']
 ['20' '311.0312224802606' 'present']
 ['6' '315.8643089666789' 'present']
 ['7' '320.516392392691' 'present']
 ['3' '322.564964228569' 'marauded']
 ['22' '327.945044264964' 'destroyed']
 ['15' '332.4948495395932' 'present']
 ['8' '339.58675358349416' 'present']]","[['F29' '31.265311721195157' 'mated']
 ['F178' '39.63511510935335' 'mated']
 ['F48' '67.34468193308196' 'mated']
 ['F77' '85.49781258589049' 'destroyed']
 ['F168' '87.92559049794527' 'destroyed']
 ['F30' '136.99811198035664' 'mated']
 ['F185' '137.0692755002052' 'absent']
 ['F38' '160.8290737877306' 'destroyed']
 ['F32' '180.5284151664976' 'mated']
 ['F128' '191.06175470058156' 'absentdestroyed']
 ['F81' '212.0875861103956' 'mated']
 ['F205' '251.3502464914154' 'mated']
 ['F10' '268.0574429017299' 'destroyed']
 ['F163' '276.1572592683301' 'mated']]",566.0,70.58246485547991,14.434219464891251,1191.0,205.15386609562492,44.96103990367537,478.0,79.2634063934281,16.695954503729155,17.0,1.7000000000000004,0.1700000000000001,73.0,3.379629629629629,0.15646433470507534
11,0.0,6,359.9202444056314,"[['3' '16.24678542275377' 'present']
 ['17' '20.36353734725117' 'present']
 ['7' '22.246545928454623' 'marauded']
 ['2' '30.993736446495998' 'present']
 ['17' '41.53074125429504' 'marauded']
 ['7' '42.16882415563364' 'destroyed']
 ['8' '44.77068983672948' 'presentdestroyed']
 ['4' '53.917376526606816' 'marauded']
 ['4' '59.24527093060173' 'presentdestroyed']
 ['15' '61.35373328627181' 'present']
 ['2' '62.165613700231354' 'present']
 ['4' '65.7399685707597' 'present']
 ['14' '66.59400653320296' 'marauded']
 ['14' '71.37919119471447' 'presentdestroyed']
 ['14' '75.9457184345566' 'present']
 ['14' '77.98319578836822' 'present']
 ['4' '85.62229925432169' 'present']
 ['7' '90.20712248921782' 'present']
 ['4' '91.59542917384135' 'present']
 ['2' '93.95643734627971' 'marauded']
 ['14' '96.82222157353854' 'presentdestroyed']
 ['18' '97.45666772725185' 'presentdestroyed']
 ['15' '102.641966530048' 'present']
 ['2' '109.01422202232274' 'present']
 ['22' '117.15261771106306' 'present']
 ['5' '122.89471762959943' 'present']
 ['4' '129.47025955887557' 'present']
 ['17' '139.67409803729026' 'marauded']
 ['0' '147.53455798270448' 'presentdestroyed']
 ['7' '154.27173691258642' 'present']
 ['6' '155.37856933322863' 'present']
 ['2' '171.3689084170686' 'present']
 ['20' '175.26376971268888' 'present']
 ['18' '181.0706257469669' 'present']
 ['10' '183.46924259796378' 'marauded']
 ['5' '186.9369077805059' 'presentdestroyed']
 ['7' '188.46625960990937' 'presentdestroyed']
 ['7' '192.1999030779831' 'present']
 ['10' '194.78655838739655' 'marauded']
 ['4' '202.2302888533564' 'presentdestroyed']
 ['15' '208.6283482368095' 'present']
 ['2' '211.90720906114518' 'present']
 ['5' '213.48105908615742' 'present']
 ['7' '214.1221869546175' 'present']
 ['2' '214.98348554583288' 'present']
 ['10' '216.18443047906487' 'present']
 ['5' '216.84546495458082' 'present']
 ['6' '222.2170639363021' 'marauded']
 ['10' '223.8796979429603' 'presentdestroyed']
 ['3' '233.6752109772448' 'present']
 ['18' '246.89188532412186' 'present']
 ['5' '247.6231232976374' 'present']
 ['22' '254.7855654634721' 'present']
 ['2' '263.8578187890726' 'present']
 ['10' '267.5647151669479' 'marauded']
 ['3' '275.0909549965342' 'presentdestroyed']
 ['8' '284.8476863748604' 'present']
 ['5' '285.7686654756332' 'marauded']
 ['2' '286.2441968635126' 'presentdestroyed']
 ['8' '286.65281790303385' 'presentdestroyed']
 ['2' '287.09057575357366' 'destroyed']
 ['18' '287.5050894340396' 'presentdestroyed']
 ['2' '291.79354396623944' 'presentdestroyed']
 ['18' '292.88655138838465' 'presentdestroyed']
 ['4' '298.29349171217416' 'present']
 ['3' '313.81844739973013' 'present']
 ['3' '313.86474369602644' 'present']
 ['22' '317.32846909031514' 'present']
 ['17' '317.7105699494352' 'present']
 ['5' '318.33948529228616' 'marauded']
 ['7' '332.2561580370219' 'present']
 ['20' '352.06113052074534' 'present']]","[['F13' '22.101403212951308' 'mated']
 ['F178' '39.611966961205205' 'absent']
 ['F190' '44.165889531352455' 'absentdestroyed']
 ['F21' '91.89815094496213' 'absent']
 ['F156' '127.8374554437593' 'absent']
 ['F206' '136.8111631691992' 'mated']
 ['F150' '183.0835094824591' 'mated']
 ['F67' '185.95462504341705' 'destroyed']
 ['F5' '197.75342104304542' 'destroyed']
 ['F1' '205.16303228041332' 'mated']
 ['F11' '247.2502996171263' 'mated']
 ['F85' '273.76691618185987' 'destroyed']
 ['F47' '315.3958266765833' 'mated']]",564.0,73.90863549985801,16.058033872062875,1237.0,212.88008408470057,45.84092311517708,436.0,73.22381233123551,15.670669832418714,0.0,0.0,0.0,0.0,0.0,0.0
12,0.0,8,360.2294815182113,"[['4' '1.4530357252744743' 'present']
 ['0' '4.186139299844569' 'present']
 ['15' '16.472132536123304' 'marauded']
 ['2' '16.776320561821926' 'presentdestroyed']
 ['17' '30.24808976334556' 'present']
 ['20' '44.48455571795929' 'present']
 ['22' '47.377543635177474' 'marauded']
 ['5' '55.33002283800093' 'marauded']
 ['10' '55.907020661992966' 'presentdestroyed']
 ['2' '59.72771688178146' 'presentdestroyed']
 ['8' '60.010475186644776' 'presentdestroyed']
 ['0' '81.28465542304596' 'present']
 ['2' '82.50995067955215' 'present']
 ['7' '83.11331622688076' 'present']
 ['8' '86.71158094400243' 'marauded']
 ['6' '88.64630529783307' 'presentdestroyed']
 ['6' '98.25106672418808' 'marauded']
 ['8' '101.15882196306083' 'presentdestroyed']
 ['3' '102.9193874744715' 'presentdestroyed']
 ['14' '105.33003306544887' 'present']
 ['17' '107.97838636894693' 'present']
 ['2' '117.6513172758155' 'present']
 ['17' '141.71369453298797' 'marauded']
 ['18' '149.57796509478527' 'present']
 ['22' '152.72183971935456' 'present']
 ['6' '159.91730007872223' 'present']
 ['14' '166.58044352009287' 'present']
 ['18' '170.97418109162103' 'present']
 ['7' '171.1345232148156' 'present']
 ['22' '171.6911701285534' 'present']
 ['5' '175.94124552212665' 'present']
 ['20' '183.50303922762345' 'present']
 ['22' '190.0341622992206' 'marauded']
 ['18' '194.08987456587587' 'presentdestroyed']
 ['17' '199.42121773686418' 'present']
 ['8' '207.56245613565991' 'present']
 ['7' '233.68200933442827' 'marauded']
 ['20' '244.9023215385642' 'marauded']
 ['22' '251.23212002868055' 'presentdestroyed']
 ['20' '264.9536980906856' 'present']
 ['3' '267.5600733416738' 'marauded']
 ['20' '268.47850912230643' 'presentdestroyed']
 ['0' '276.3514820194583' 'present']
 ['2' '277.2009021264707' 'marauded']
 ['3' '284.5908005373572' 'destroyed']
 ['3' '287.53669197594843' 'present']
 ['14' '306.5956598955657' 'present']
 ['20' '312.96988471526424' 'present']
 ['15' '319.67765081368594' 'present']
 ['14' '322.39697981472835' 'present']
 ['20' '326.81569512755885' 'marauded']
 ['6' '327.15942872561203' 'presentdestroyed']
 ['3' '328.4179035631793' 'presentdestroyed']
 ['6' '335.1401302392509' 'present']
 ['2' '336.14355100899047' 'present']
 ['6' '339.7212370548977' 'present']
 ['20' '344.2094342426584' 'present']
 ['6' '350.8011497807386' 'present']
 ['14' '355.24974679937105' 'present']]","[['F130' '11.115967985592473' 'absent']
 ['F36' '73.21543374896056' 'mated']
 ['F4' '76.02018637554497' 'mated']
 ['F108' '93.23611777398771' 'destroyed']
 ['F33' '120.0405453930656' 'mated']
 ['F109' '120.33022169994422' 'mated']
 ['F134' '127.29501583390854' 'absent']
 ['F111' '137.61384951697022' 'mated']
 ['F160' '143.29073391168492' 'destroyed']
 ['F149' '144.3342505178069' 'absentdestroyed']
 ['F67' '185.9777731915652' 'mated']
 ['F128' '191.10805099687786' 'absentdestroyed']
 ['F119' '205.08726635417318' 'absent']
 ['F25' '224.1195776770235' 'mated']
 ['F101' '233.37915610189566' 'mated']
 ['F186' '306.69565989376866' 'absent']]",556.0,70.95690383683313,15.411426239972938,1266.0,215.7330205474028,46.379910915776,434.0,73.4245079286453,16.104351798765745,0.0,0.0,0.0,0.0,0.0,0.0
13,0.0,15,360.20552632760337,"[['15' '5.261118959515892' 'present']
 ['10' '19.717097517368487' 'present']
 ['0' '26.44775237388486' 'present']
 ['17' '30.06915621717733' 'present']
 ['18' '35.74307603741484' 'present']
 ['17' '35.77272130542642' 'present']
 ['18' '38.30895743424528' 'present']
 ['15' '52.920395052092566' 'present']
 ['17' '56.801253122734465' 'present']
 ['18' '57.67324699370397' 'present']
 ['0' '72.35126654263065' 'present']
 ['5' '80.55983677719094' 'marauded']
 ['15' '81.77128495732525' 'presentdestroyed']
 ['0' '83.31926830780525' 'presentdestroyed']
 ['0' '87.69808675527719' 'presentdestroyed']
 ['14' '106.87899896338165' 'present']
 ['5' '122.17730582967233' 'marauded']
 ['18' '128.5693017727476' 'destroyed']
 ['7' '132.52001147332882' 'present']
 ['0' '135.95179803435374' 'marauded']
 ['10' '137.06293474631983' 'destroyed']
 ['6' '155.72928076459982' 'present']
 ['3' '160.40397887529627' 'present']
 ['10' '167.7110637739156' 'marauded']
 ['2' '183.85019419454528' 'present']
 ['2' '185.93389742879455' 'marauded']
 ['22' '201.02620399608168' 'present']
 ['7' '210.91084495084573' 'marauded']
 ['20' '220.5475575650267' 'present']
 ['14' '233.28998977553576' 'present']
 ['8' '238.32138618629227' 'marauded']
 ['8' '251.05088139863136' 'present']
 ['4' '256.1262822054594' 'marauded']
 ['0' '261.36175742705944' 'presentdestroyed']
 ['0' '268.8114153867428' 'marauded']
 ['8' '276.12809165676447' 'present']
 ['6' '284.4022022707378' 'present']
 ['2' '287.5405350788861' 'present']
 ['20' '330.56956790843805' 'present']
 ['5' '342.1178579155601' 'present']
 ['22' '359.27275758479016' 'present']]","[['F130' '11.16226428188877' 'mated']
 ['F22' '24.395749354114017' 'mated']
 ['F166' '53.61434671112041' 'mated']
 ['F146' '129.80955190347515' '']
 ['F45' '131.88743235915265' 'mated']
 ['F71' '194.1280054875851' 'absent']
 ['F214' '198.92972160220364' 'mated']
 ['F213' '207.60954080934295' 'mated']
 ['F162' '218.1322383397209' 'destroyed']
 ['F99' '219.23141435860168' 'mated']
 ['F143' '222.36095096641202' 'mated']
 ['F3' '237.39603481633773' 'mated']
 ['F50' '254.91697792943643' 'mated']
 ['F152' '286.64338357903824' 'mated']
 ['F182' '289.12421443450165' 'mated']
 ['F122' '306.53966993222446' 'mated']
 ['F100' '308.0388745116897' 'mated']
 ['F105' '324.98739269309647' 'mated']]",571.0,68.5973332728923,14.066543156444055,1414.0,236.6372972285942,50.10257034253486,323.0,54.80276906777332,11.576816360083127,0.0,0.0,0.0,0.0,0.0,0.0
14,0.054,10,359.89219891292873,"[['10' '0.6878640756741519' 'present']
 ['18' '0.9946329916880557' 'marauded']
 ['5' '1.1344456419217293' 'presentdestroyed']
 ['15' '12.300368282067462' 'present']
 ['10' '15.291704227139668' 'present']
 ['2' '15.920315922901112' 'present']
 ['15' '18.84919432433109' 'present']
 ['7' '19.85584311083562' 'present']
 ['20' '31.06040219253021' 'marauded']
 ['15' '32.96162868660011' 'presentdestroyed']
 ['10' '36.65758811954251' 'destroyed']
 ['17' '54.23183263535524' 'present']
 ['10' '56.487074787367824' 'present']
 ['8' '59.68174979053485' 'present']
 ['5' '71.94490352573983' 'present']
 ['5' '72.58149839125565' 'present']
 ['3' '85.3457775696436' 'present']
 ['20' '87.69392407481352' 'present']
 ['17' '89.9019236264858' 'present']
 ['2' '101.03534695518752' 'present']
 ['3' '113.44494868700765' 'present']
 ['17' '115.93247107266747' 'present']
 ['6' '133.5673817543493' 'marauded']
 ['15' '136.59049934996565' 'presentdestroyed']
 ['8' '138.64088008118298' 'presentdestroyed']
 ['8' '150.08548349593792' 'present']
 ['6' '167.36232849169323' 'present']
 ['18' '171.21470950183428' 'marauded']
 ['8' '184.37336385382642' 'marauded']
 ['6' '186.49151931255645' 'destroyed']
 ['6' '195.06860286481466' 'present']
 ['2' '200.41680259007111' 'present']
 ['18' '215.61490813810568' 'present']
 ['3' '222.63325092983948' 'present']
 ['8' '231.00394698884057' 'present']
 ['7' '247.38006488148716' 'marauded']
 ['20' '256.1908761025125' 'present']
 ['6' '257.86387461996094' 'present']
 ['10' '260.2149211519676' 'present']
 ['20' '275.2919429743326' 'present']
 ['20' '277.6621369176596' 'present']
 ['18' '282.17888965766906' 'present']
 ['20' '286.7527405634473' 'present']
 ['0' '287.9846382706553' 'present']
 ['2' '289.6941468389581' 'present']
 ['4' '293.20331051967906' 'present']
 ['8' '295.56353200441663' 'present']
 ['18' '297.505397892794' 'present']
 ['10' '314.00753562080257' 'marauded']
 ['22' '322.77905281419453' 'marauded']]","[['F165' '11.964670030778304' 'mated']
 ['F168' '87.94873864609342' 'mated']
 ['F74' '98.51293827059244' 'mated']
 ['F169' '143.6117456547898' 'mated']
 ['F193' '170.29119124110596' 'mated']
 ['F184' '174.60667757556064' 'destroyed']
 ['F212' '182.78849073381053' 'mated']
 ['F64' '184.0558490799866' 'mated']
 ['F128' '191.0386065524334' 'destroyed']
 ['F147' '191.87422769737717' '']
 ['F5' '197.77656919119357' 'mated']
 ['F211' '221.95869652917727' 'absent']
 ['F25' '224.09642952887535' 'absent']
 ['F137' '267.0398374492393' 'mated']
 ['F16' '270.95052460603966' 'absent']
 ['F16' '270.99682090233597' 'mated']]",554.0,69.39426901355287,14.846062183255173,1398.0,236.05659641502757,50.98524022587069,307.0,49.09219980760265,10.222250606250983,13.0,1.3,0.13000000000000006,90.0,4.166666666666667,0.19290123456790093
15,0.054,8,359.99610383310284,"[['17' '1.2315086742404169' 'present']
 ['2' '16.73002426552563' 'present']
 ['5' '20.202963249896538' 'present']
 ['4' '33.575090039675686' 'present']
 ['14' '45.41336517156021' 'present']
 ['17' '60.06816352834' 'present']
 ['10' '62.21892970462207' 'present']
 ['0' '80.07495426204997' 'present']
 ['4' '82.70936245389386' 'present']
 ['6' '91.23904648621426' 'present']
 ['4' '98.88936176436874' 'present']
 ['8' '125.4759806668403' 'present']
 ['7' '130.7127998430966' 'present']
 ['6' '131.57472412891923' 'present']
 ['8' '135.9565427286597' 'present']
 ['3' '137.93141969171785' 'present']
 ['0' '140.40859203152544' 'present']
 ['17' '141.39589453063516' 'present']
 ['8' '144.34412413511672' 'present']
 ['14' '149.17028986066578' 'marauded']
 ['22' '153.73808399978162' 'destroyed']
 ['4' '163.74434659993483' 'present']
 ['2' '183.8964904908416' 'present']
 ['3' '189.9303561273774' 'present']
 ['8' '191.73206917503651' 'present']
 ['3' '223.06299959084134' 'present']
 ['2' '224.45961856834305' 'present']
 ['4' '228.0924093248262' 'present']
 ['18' '229.22054699360402' 'present']
 ['14' '240.7317562888531' 'present']
 ['8' '251.66632912685702' 'present']
 ['6' '266.68631342199154' 'marauded']
 ['6' '267.21812483329165' 'presentdestroyed']
 ['2' '269.98173511160036' 'presentdestroyed']
 ['6' '277.12852315118687' 'present']
 ['2' '277.75625728781705' 'marauded']
 ['17' '290.07163073859743' 'marauded']
 ['5' '295.6243994653927' 'presentdestroyed']
 ['22' '303.0121841711809' 'present']
 ['2' '326.59882316228214' 'present']
 ['22' '328.6071012936635' 'present']
 ['10' '333.86850923211614' 'marauded']
 ['17' '344.08537056718427' 'present']
 ['14' '350.2183239372067' 'present']
 ['2' '353.04443286879865' 'present']
 ['5' '354.9138778398744' 'marauded']]","[['F76' '61.582355556634106' 'mated']
 ['F207' '75.1015373613856' 'absent']
 ['F62' '112.63087978089406' 'mated']
 ['F82' '125.05498297538236' 'mated']
 ['F131' '129.6244565682365' 'mated']
 ['F127' '139.69626888428786' 'mated']
 ['F88' '142.83652649989358' 'absent']
 ['F27' '181.47170332600277' 'mated']
 ['F51' '194.96117079177995' 'mated']
 ['F159' '213.1175775637978' 'absent']
 ['F70' '306.30630133575835' 'absent']
 ['F176' '343.5469285828885' 'mated']]",577.0,71.60634079001387,15.265972934288108,1501.0,248.7579646127184,52.65169267677463,206.0,34.823828583208474,7.481985668599862,9.0,0.8999999999999999,0.09000000000000002,87.0,4.027777777777777,0.1864711934156376
16,0.0,5,360.2371285577686,"[['4' '0.8834907026774306' 'present']
 ['7' '5.924775740597093' 'present']
 ['0' '32.734291823925574' 'present']
 ['4' '33.62138633597198' 'present']
 ['10' '49.14084079225363' 'present']
 ['15' '72.60820497857823' 'present']
 ['0' '86.8408293619294' 'present']
 ['20' '119.54852815381724' 'present']
 ['7' '119.86206134185873' 'present']
 ['20' '123.7263977801739' 'present']
 ['18' '124.39895649792484' 'present']
 ['20' '129.6647138734511' 'present']
 ['3' '131.73706304803792' 'present']
 ['4' '135.20272833696603' 'marauded']
 ['10' '149.74976940056868' 'present']
 ['7' '152.14092013076439' 'present']
 ['6' '157.6230976808827' 'present']
 ['20' '170.2981707289754' 'marauded']
 ['8' '180.42778800905535' 'marauded']
 ['7' '184.65532827907143' 'presentdestroyed']
 ['0' '191.4089355650443' 'present']
 ['14' '192.0025735141541' 'marauded']
 ['7' '196.13043214357103' 'destroyed']
 ['5' '212.76019132288548' 'present']
 ['14' '229.12409022540902' 'present']
 ['2' '231.1097913236206' 'present']
 ['18' '231.35791401443782' 'present']
 ['8' '235.3980512611417' 'present']
 ['0' '237.20954102252963' 'present']
 ['15' '251.45099744682054' 'present']
 ['7' '253.35979020212082' 'marauded']
 ['10' '263.98358908786776' 'marauded']
 ['22' '270.5078525230489' 'destroyed']
 ['7' '289.15640854598496' 'present']
 ['4' '290.7390761929313' 'present']
 ['5' '291.5038699663511' 'present']
 ['22' '305.4001148824674' 'marauded']
 ['15' '321.4585927309729' 'present']
 ['6' '328.14311743805365' 'present']
 ['6' '330.63340245758377' 'present']
 ['5' '331.19973371319094' 'marauded']
 ['6' '339.1404578824867' 'present']
 ['6' '343.5708351045438' 'present']
 ['7' '344.5346737368075' 'marauded']
 ['22' '349.33281126260863' 'presentdestroyed']]","[['F92' '45.892812254384914' 'mated']
 ['F138' '53.26800956231411' 'mated']
 ['F108' '93.18982147769141' 'absent']
 ['F111' '137.59070136882207' 'destroyed']
 ['F151' '160.7989108707002' 'mated']
 ['F58' '179.9396298550643' 'mated']
 ['F32' '180.50526701834946' 'absentdestroyed']
 ['F210' '214.13534160686402' 'mated']
 ['F167' '219.19504743752796' 'absent']
 ['F101' '233.3560079537475' 'absent']]",563.0,72.81922364765629,16.146739460874965,1398.0,232.3271605149995,49.241194566453906,346.0,54.8612435754475,11.368834327688013,0.0,0.0,0.0,0.0,0.0,0.0
17,0.054,11,359.9213928430591,"[['6' '2.5304201423212622' 'marauded']
 ['20' '11.155083815918655' 'present']
 ['18' '12.18279090068468' 'present']
 ['18' '31.142305246151835' 'present']
 ['10' '50.55451832792207' 'present']
 ['10' '63.567581974880035' 'present']
 ['0' '65.62139937439967' 'present']
 ['8' '70.9301043753061' 'present']
 ['0' '82.41721342140316' 'present']
 ['20' '86.18494964392967' 'present']
 ['8' '93.70903778873884' 'present']
 ['15' '131.51040606436203' 'present']
 ['18' '133.4163232360524' 'present']
 ['2' '163.40020316950682' 'present']
 ['3' '175.42113660102638' 'marauded']
 ['4' '176.5607933203707' 'presentdestroyed']
 ['22' '177.0945648623271' 'destroyed']
 ['10' '178.78246585738557' 'destroyed']
 ['22' '180.3097357971116' 'presentdestroyed']
 ['5' '184.62984786038493' 'marauded']
 ['18' '195.4347334745924' 'present']
 ['10' '205.28633410554758' 'marauded']
 ['2' '209.6921497948012' 'presentdestroyed']
 ['2' '214.44375091717774' 'present']
 ['7' '218.73304855883245' 'present']
 ['14' '223.26885676411686' 'marauded']
 ['14' '228.13105627575536' 'presentdestroyed']
 ['14' '229.17038652170532' 'presentdestroyed']
 ['10' '233.89300349294686' 'present']
 ['18' '234.58820974421624' 'present']
 ['15' '262.83359632464504' 'present']
 ['22' '270.07741681405605' 'present']
 ['4' '277.6941303132049' 'marauded']
 ['10' '279.0960541298029' 'presentdestroyed']
 ['2' '279.8312129854598' 'presentdestroyed']
 ['14' '281.23190025456375' 'presentdestroyed']
 ['8' '282.9883838242701' 'presentdestroyed']
 ['22' '289.38941363000583' 'present']
 ['18' '307.94466945004064' 'present']
 ['14' '311.57425778605506' 'present']
 ['10' '313.1512820974427' 'present']
 ['18' '323.21406208051565' 'present']
 ['15' '326.95913925462634' 'present']
 ['5' '330.5672411428352' 'present']
 ['3' '332.9421033372549' 'marauded']
 ['4' '336.62378656036117' 'presentdestroyed']
 ['3' '338.85870568938986' 'presentdestroyed']
 ['20' '349.1787689369515' 'present']
 ['8' '351.09762078869016' 'present']]","[['F77' '85.52096073403864' 'mated']
 ['F57' '112.1235677212218' 'mated']
 ['F185' '137.09242364835336' 'mated']
 ['F15' '142.43542201683314' 'mated']
 ['F59' '161.5732097545011' 'mated']
 ['F181' '163.53463993859435' 'mated']
 ['F40' '184.82777973654518' 'destroyed']
 ['F119' '205.11041450232133' 'mated']
 ['F99' '219.20826621045353' 'absent']
 ['F211' '221.98184467732543' 'mated']
 ['F60' '239.42995424736142' 'absent']
 ['F174' '272.02518925878115' 'mated']
 ['F188' '273.08932736461145' 'mated']
 ['F186' '306.7188080419168' 'mated']]",569.0,71.43039053865039,14.88435672863367,1398.0,241.117531492618,52.1593254978798,248.0,42.70483992490897,9.160329675986791,14.0,1.4000000000000001,0.14000000000000007,74.0,3.425925925925925,0.1586076817558298
18,0.054,8,360.1670024510229,"[['22' '0.14080310161986345' 'present']
 ['4' '15.153094261190896' 'present']
 ['0' '17.144513936706403' 'present']
 ['7' '19.809546814539324' 'present']
 ['2' '23.451678778797753' 'marauded']
 ['0' '27.028566513228157' 'destroyed']
 ['3' '39.317460471250946' 'marauded']
 ['17' '39.42531626513132' 'presentdestroyed']
 ['5' '53.856278659108725' 'present']
 ['7' '69.17896787668691' 'present']
 ['14' '69.82179945451021' 'present']
 ['3' '74.48410713025814' 'marauded']
 ['7' '82.52540069224908' 'present']
 ['4' '84.8678012789996' 'marauded']
 ['3' '86.38814243599352' 'presentdestroyed']
 ['4' '95.80579290839374' 'present']
 ['8' '98.6360244622956' 'marauded']
 ['14' '110.57366659123136' 'marauded']
 ['14' '115.5112862563202' 'destroyed']
 ['17' '139.95167513905966' 'marauded']
 ['5' '153.34095194606343' 'present']
 ['22' '175.99138976818537' 'present']
 ['7' '178.91683785600304' 'present']
 ['20' '191.97535952404132' 'present']
 ['7' '193.88405795963337' 'present']
 ['2' '200.78940671054087' 'present']
 ['17' '213.0858804675934' 'present']
 ['0' '215.53159968620503' 'present']
 ['3' '217.56629250549025' 'present']
 ['8' '220.2961459920631' 'marauded']
 ['0' '227.27578837358257' 'presentdestroyed']
 ['2' '227.99458022784447' 'present']
 ['14' '238.83584464556776' 'present']
 ['10' '252.94209194816486' 'marauded']
 ['15' '262.11539631803737' 'marauded']
 ['8' '263.19961451058947' 'presentdestroyed']
 ['7' '265.37597641761613' 'presentdestroyed']
 ['7' '268.6431824690303' 'presentdestroyed']
 ['4' '270.5127758619908' 'present']
 ['17' '277.3344760064215' 'present']
 ['22' '288.65492131349' 'present']
 ['4' '300.19375721342374' 'present']
 ['8' '301.61077718797367' 'present']
 ['17' '326.0324542059151' 'present']]","[['F19' '18.010623946078308' 'mated']
 ['F144' '33.11848329580996' 'mated']
 ['F46' '40.149438459455716' 'destroyed']
 ['F36' '73.19228560081241' 'absent']
 ['F145' '118.00735173112602' 'mated']
 ['F30' '136.9749638322085' 'absent']
 ['F127' '139.6731207361397' 'absent']
 ['F149' '144.31110236965876' 'absentdestroyed']
 ['F38' '160.85222193587876' 'mated']
 ['F191' '160.9980367689889' 'mated']
 ['F184' '174.6298257237088' 'mated']
 ['F17' '183.61501935987332' 'mated']
 ['F23' '220.50957897347507' 'destroyed']
 ['F198' '263.5223860250573' 'destroyed']
 ['F113' '300.3154690223479' 'mated']
 ['F70' '306.2831531876102' 'absent']]",574.0,68.80247406308231,14.087695727281336,1301.0,224.29125823014238,48.98549645580458,354.0,60.7637619602024,13.341134295661918,18.0,1.8000000000000005,0.1800000000000001,94.0,4.351851851851854,0.2014746227709187
19,0.0,11,360.25363428542374,"[['2' '4.193420404742746' 'present']
 ['20' '6.414948286338867' 'marauded']
 ['8' '12.87742312481715' 'presentdestroyed']
 ['6' '16.098579048151528' 'marauded']
 ['8' '16.57501258090597' 'presentdestroyed']
 ['6' '18.83733200659575' 'presentdestroyed']
 ['17' '35.62642500913013' 'marauded']
 ['18' '63.78508757087206' 'present']
 ['22' '69.15278028097505' 'present']
 ['20' '72.95007666610653' 'present']
 ['4' '78.87805533023337' 'present']
 ['7' '83.93016655639704' 'present']
 ['7' '89.68472477308664' 'present']
 ['10' '92.6685171652217' 'present']
 ['18' '93.14438565218076' 'present']
 ['7' '105.6996499499769' 'present']
 ['20' '109.84698457282109' 'present']
 ['20' '123.10324012693846' 'present']
 ['14' '125.58084960317379' 'present']
 ['18' '127.80346223718897' 'present']
 ['4' '134.69525855091678' 'present']
 ['15' '135.38598665943547' 'present']
 ['8' '138.83888911403943' 'present']
 ['17' '148.5558268873797' 'present']
 ['18' '148.9690530100885' 'present']
 ['10' '151.12281617005397' 'present']
 ['22' '157.48193243331696' 'present']
 ['18' '160.55196826654435' 'present']
 ['18' '160.9659014276256' 'present']
 ['5' '171.01746499619165' 'present']
 ['22' '171.41133715327345' 'present']
 ['7' '175.1548476490542' 'present']
 ['20' '179.1377158130473' 'marauded']
 ['8' '186.63672233454946' 'marauded']
 ['3' '191.46269087528668' 'presentdestroyed']
 ['17' '192.83406914341734' 'presentdestroyed']
 ['18' '198.15591896191887' 'present']
 ['5' '198.5673697028017' 'marauded']
 ['3' '199.89177269457747' 'destroyed']
 ['2' '215.21024580893186' 'present']
 ['10' '240.16883004615934' 'present']
 ['8' '247.45667929403803' 'present']
 ['17' '248.035708245554' 'present']
 ['0' '271.75348713631087' 'present']
 ['7' '279.85731606574444' 'present']
 ['4' '282.29658184372704' 'present']
 ['4' '288.1462598455619' 'present']
 ['3' '295.8078581650424' 'present']
 ['10' '300.439230597134' 'marauded']
 ['4' '309.01569638285235' 'present']
 ['0' '309.7844255198114' 'present']
 ['18' '312.55647265521134' 'marauded']
 ['6' '328.38711891056585' 'present']
 ['6' '334.9940444394667' 'present']
 ['4' '335.08015836384027' 'present']
 ['18' '337.46053449278594' 'marauded']]","[['F142' '117.51347681699704' 'mated']
 ['F9' '118.65755872492122' 'absent']
 ['F9' '118.70385502121752' 'absent']
 ['F86' '122.16617945145443' 'mated']
 ['F146' '129.8327000516233' 'mated']
 ['F107' '135.1044189909765' 'absent']
 ['F31' '137.47124663521126' 'mated']
 ['F160' '143.36017835612938' 'mated']
 ['F171' '161.9906127572488' 'absent']
 ['F56' '172.67954539852173' 'absent']
 ['F128' '191.01545840428525' 'destroyed']
 ['F147' '191.89737584552532' 'destroyed']
 ['F20' '197.1056935652166' 'mated']
 ['F128' '203.13119914502602' 'destroyed']
 ['F126' '209.14356372259' 'mated']
 ['F115' '212.76550803682133' 'mated']
 ['F73' '230.01235196925046' 'mated']
 ['F68' '244.04377644420015' 'mated']
 ['F66' '296.79752679840203' 'mated']]",567.0,75.5943364905785,16.86851145556265,1352.0,229.66724199480086,50.23686881232839,327.0,54.83030005080623,11.748573882275066,0.0,0.0,0.0,0.0,0.0,0.0
20,0.054,9,360.52259277563184,"[['8' '11.319303442856963' 'present']
 ['0' '50.63792456228544' 'present']
 ['4' '52.93184580488025' 'present']
 ['2' '56.99920782407066' 'present']
 ['14' '64.23434469075637' 'present']
 ['22' '65.27781583400693' 'present']
 ['6' '69.35584048651164' 'present']
 ['15' '72.74569219932837' 'present']
 ['2' '75.38432002170636' 'present']
 ['0' '75.51567398532664' 'present']
 ['2' '76.46724570233624' 'present']
 ['17' '85.58079842005361' 'present']
 ['17' '105.67660745605416' 'present']
 ['14' '105.83419303944095' 'present']
 ['7' '117.7272751582484' 'present']
 ['7' '131.25965367619642' 'marauded']
 ['0' '132.3359187010373' 'destroyed']
 ['15' '136.0606682956181' 'presentdestroyed']
 ['5' '136.39184913323373' 'presentdestroyed']
 ['14' '141.62239111539668' 'present']
 ['6' '142.86802513512288' 'present']
 ['3' '143.42788852663406' 'marauded']
 ['0' '146.64942859961056' 'presentdestroyed']
 ['5' '154.0972393456578' 'present']
 ['17' '157.86437261933483' 'present']
 ['8' '159.56458013649882' 'present']
 ['0' '159.57291464159522' 'present']
 ['7' '161.0577170489203' 'present']
 ['2' '164.91426702944534' 'present']
 ['5' '182.37822742829775' 'present']
 ['2' '196.73848663380488' 'marauded']
 ['4' '208.42604753208195' 'marauded']
 ['14' '216.74735723875278' 'present']
 ['2' '219.10560168501908' 'present']
 ['14' '224.20064182745418' 'marauded']
 ['18' '229.56350791778047' 'presentdestroyed']
 ['22' '263.3441772792134' 'present']
 ['5' '271.7910105226311' 'present']
 ['3' '278.45401132955766' 'marauded']
 ['18' '282.22518595396537' 'presentdestroyed']
 ['6' '288.1141148419468' 'present']
 ['17' '288.19274563236667' 'present']
 ['2' '292.6844376748485' 'present']
 ['18' '299.1112282751829' 'marauded']
 ['4' '308.631263918669' 'present']
 ['10' '316.536633395535' 'marauded']
 ['15' '319.63135451738964' 'presentdestroyed']
 ['18' '330.25112399434363' 'present']
 ['8' '336.0828677627466' 'marauded']
 ['5' '339.75846054484657' 'presentdestroyed']
 ['18' '340.3786440566186' 'presentdestroyed']
 ['2' '342.99950026521384' 'presentdestroyed']
 ['8' '349.4045477837611' 'present']
 ['3' '353.8662160918284' 'present']]","[['F130' '11.139116133740622' 'absent']
 ['F14' '91.890005169148' 'mated']
 ['F21' '91.92129909311028' 'mated']
 ['F108' '93.25926592213587' 'mated']
 ['F9' '118.72700316936567' 'mated']
 ['F84' '122.08527435754897' 'mated']
 ['F42' '130.53177063927512' 'absent']
 ['F107' '135.12756713912466' 'destroyed']
 ['F63' '155.93702908460176' 'mated']
 ['F197' '173.880005654823' 'mated']
 ['F172' '193.62190152112933' 'mated']
 ['F198' '263.54553417320545' 'mated']
 ['F174' '272.002041110633' 'absent']]",563.0,69.5933419094402,14.366210837228998,1330.0,231.14507542114228,50.69070388395525,326.0,54.79809169890447,11.419157955650455,14.0,1.4000000000000001,0.14000000000000007,69.0,3.1944444444444438,0.14789094650205756
21,0.0,13,360.11238080932037,"[['7' '11.27922135211422' 'marauded']
 ['5' '12.75131470643724' 'presentdestroyed']
 ['18' '14.40930481946022' 'presentdestroyed']
 ['22' '14.644123635740009' 'presentdestroyed']
 ['17' '25.976613794508385' 'present']
 ['8' '28.694230902269393' 'marauded']
 ['22' '33.65047211144653' 'presentdestroyed']
 ['0' '36.29226339229523' 'present']
 ['2' '39.86386547092609' 'present']
 ['10' '61.8709367335717' 'present']
 ['15' '61.955854019746326' 'marauded']
 ['22' '64.58709471508718' 'presentdestroyed']
 ['18' '64.67523763443968' 'presentdestroyed']
 ['17' '83.10811137011343' 'present']
 ['15' '92.52620045405187' 'present']
 ['7' '123.03691584410785' 'present']
 ['6' '124.85605523955158' 'present']
 ['4' '128.53843970573178' 'present']
 ['4' '139.0294299886415' 'present']
 ['6' '167.29894202051102' 'present']
 ['22' '167.41226679601223' 'present']
 ['22' '167.45856309230854' 'present']
 ['8' '174.82893385396977' 'present']
 ['15' '184.07916105946896' 'present']
 ['18' '195.702063608406' 'present']
 ['7' '200.1143681374498' 'present']
 ['0' '203.1349952274559' 'present']
 ['2' '204.08709869991085' 'marauded']
 ['2' '209.6458534985049' 'destroyed']
 ['18' '246.84558902782555' 'present']
 ['14' '263.1261481486241' 'present']
 ['6' '275.1930889643257' 'marauded']
 ['17' '298.9369768880133' 'present']
 ['15' '300.6572813498326' 'present']
 ['17' '310.72444020822616' 'present']
 ['14' '310.908709760265' 'present']
 ['17' '311.4650767205083' 'present']
 ['14' '312.0537916264155' 'marauded']
 ['17' '326.8498241583605' 'present']
 ['3' '328.79048596643094' 'present']
 ['17' '341.16153212651426' 'present']
 ['22' '353.2346179368552' 'marauded']
 ['6' '357.03230319256886' 'presentdestroyed']]","[['F91' '23.53577193935899' 'mated']
 ['F102' '56.863484120209' 'mated']
 ['F199' '75.76409924009238' 'mated']
 ['F189' '114.1710976989835' 'mated']
 ['F41' '118.95883269368781' 'mated']
 ['F114' '124.84024737119123' 'mated']
 ['F53' '146.11342869537486' 'mated']
 ['F202' '197.5556920046386' 'mated']
 ['F119' '205.06411820602503' 'destroyed']
 ['F126' '209.12041557444184' 'absentdestroyed']
 ['F133' '219.08094623010544' 'mated']
 ['F208' '249.68528237763456' 'mated']
 ['F103' '257.2691190521831' 'mated']
 ['F10' '268.0805910498781' 'mated']
 ['F16' '270.9736727541878' 'absent']
 ['F200' '283.1806637215583' 'mated']
 ['F100' '308.01572636354155' 'absent']]",555.0,71.20986401155601,15.74397515034403,1420.0,246.7246150333119,53.66915521589337,229.0,42.131600350639054,9.671277472801172,0.0,0.0,0.0,0.0,0.0,0.0
22,0.054,8,360.71161394611664,"[['7' '7.269412355788268' 'present']
 ['15' '13.190679307650875' 'present']
 ['5' '14.089683039095762' 'present']
 ['8' '21.27535830236347' 'marauded']
 ['2' '23.252342081630747' 'destroyed']
 ['14' '26.19894892371898' 'presentdestroyed']
 ['2' '29.37296304797834' 'present']
 ['2' '33.15635144055995' 'present']
 ['10' '40.11595253944981' 'present']
 ['6' '41.20592036070811' 'present']
 ['3' '45.99087800102258' 'present']
 ['0' '53.94541761815051' 'marauded']
 ['3' '57.51456079036808' 'presentdestroyed']
 ['4' '58.5312240904707' 'presentdestroyed']
 ['15' '61.30743698997552' 'present']
 ['0' '64.61350273707137' 'present']
 ['10' '68.85691593434609' 'present']
 ['6' '69.23122044127383' 'present']
 ['5' '80.25164073322904' 'present']
 ['5' '94.37397736171302' 'present']
 ['20' '98.83497419768918' 'present']
 ['3' '106.83155396215331' 'marauded']
 ['14' '109.26653262172624' 'presentdestroyed']
 ['0' '111.74850188451572' 'destroyed']
 ['10' '121.16596800723546' 'present']
 ['8' '122.60831679897161' 'marauded']
 ['8' '124.99900953062037' 'presentdestroyed']
 ['3' '126.22502588336764' 'destroyed']
 ['8' '130.90304214296597' 'marauded']
 ['3' '132.43487360777976' 'destroyed']
 ['3' '140.96079915816654' 'present']
 ['2' '172.6971217239193' 'present']
 ['18' '205.46321659266133' 'present']
 ['15' '212.69163659454904' 'present']
 ['0' '214.6300752737521' 'marauded']
 ['3' '216.7261298326108' 'presentdestroyed']
 ['6' '223.0972963564248' 'present']
 ['20' '235.17503816908751' 'present']
 ['7' '241.917103103559' 'marauded']
 ['18' '242.44414519947827' 'destroyed']
 ['2' '248.04141103175536' 'presentdestroyed']
 ['15' '252.15075640272806' 'present']
 ['8' '255.02710905241776' 'present']
 ['7' '257.07618104119547' 'present']
 ['10' '280.3681028027356' 'present']
 ['3' '280.9902276304755' 'marauded']
 ['4' '284.39880107479667' 'presentdestroyed']
 ['17' '293.0734438289536' 'present']
 ['20' '309.9585269744018' 'present']
 ['0' '311.2673750097389' 'present']
 ['0' '319.8595357027376' 'present']
 ['18' '330.90306400632943' 'present']
 ['6' '335.2873807498211' 'present']
 ['17' '345.5326746602503' 'present']
 ['17' '354.53328574475614' 'present']]","[['F65' '34.19513745629089' 'mated']
 ['F72' '65.40533494842285' 'mated']
 ['F57' '112.0772714249255' 'destroyed']
 ['F157' '155.77095060844633' 'mated']
 ['F56' '172.72584169481803' 'mated']
 ['F209' '178.88444850378065' 'mated']
 ['F148' '193.72838305241467' 'mated']
 ['F180' '238.4738440339396' 'mated']
 ['F152' '286.6202354308901' 'destroyed']
 ['F110' '296.1560578575534' 'mated']]",558.0,69.58246174067001,14.026147382005657,1420.0,236.00826510490057,49.781472010040574,283.0,49.141228268474755,10.772283661337772,14.0,1.4000000000000001,0.14000000000000007,88.0,4.0740740740740735,0.18861454046639203
23,0.0,7,360.1687112417367,"[['10' '3.1093304789811698' 'present']
 ['18' '8.623230933657785' 'present']
 ['4' '13.742618703004904' 'marauded']
 ['6' '18.642519635054096' 'presentdestroyed']
 ['8' '24.239016434874088' 'present']
 ['20' '25.578767733266147' 'present']
 ['0' '29.788829439695775' 'present']
 ['10' '41.343085195442825' 'marauded']
 ['22' '45.524268014236135' 'destroyed']
 ['17' '49.68113598534178' 'present']
 ['7' '51.42102644636451' 'present']
 ['20' '52.70716917424796' 'marauded']
 ['22' '61.207943841546076' 'present']
 ['6' '67.52688235457398' 'present']
 ['2' '70.80036735587959' 'present']
 ['18' '71.2342002309069' 'present']
 ['3' '81.37688632816044' 'present']
 ['7' '98.33438960474443' 'present']
 ['14' '98.98703706676702' 'present']
 ['8' '100.9459476244876' 'present']
 ['7' '103.20070841644349' 'present']
 ['15' '112.43739097575454' 'present']
 ['15' '115.85547865049544' 'present']
 ['2' '136.28859909286427' 'marauded']
 ['0' '136.80833467522763' 'presentdestroyed']
 ['10' '145.10434902996857' 'present']
 ['6' '154.08455826631695' 'marauded']
 ['6' '154.36839740677055' 'presentdestroyed']
 ['0' '158.54581535834038' 'presentdestroyed']
 ['8' '164.34677679033845' 'present']
 ['2' '165.18484372950206' 'present']
 ['22' '170.63864477296778' 'present']
 ['7' '171.75663893052212' 'present']
 ['4' '174.12310666318362' 'marauded']
 ['17' '192.25099836383143' 'present']
 ['0' '193.05910575554384' 'present']
 ['15' '225.0670634298363' 'present']
 ['2' '236.7448548078434' 'marauded']
 ['7' '249.96643704203308' 'marauded']
 ['7' '261.88995921117026' 'present']
 ['10' '275.330496280469' 'present']
 ['20' '277.7084332139559' 'present']
 ['3' '284.4445042410609' 'marauded']
 ['6' '284.4484985670341' 'destroyed']
 ['2' '334.47580685683704' 'marauded']
 ['22' '338.701498929502' 'presentdestroyed']
 ['22' '339.1825897600497' 'presentdestroyed']
 ['3' '339.68289521561354' 'destroyed']
 ['18' '347.15782588903994' 'present']
 ['22' '350.7407183358884' 'present']
 ['6' '352.24994501063975' 'marauded']]","[['F173' '39.99546089687745' 'mated']
 ['F106' '88.76004928138288' 'mated']
 ['F108' '93.16667332954326' 'absent']
 ['F129' '135.6975970471015' 'mated']
 ['F160' '143.26758576353677' '']
 ['F171' '162.01376090539696' 'mated']
 ['F71' '194.15115363573327' 'mated']
 ['F97' '197.96756737774285' 'mated']
 ['F159' '213.14072571194595' 'mated']]",558.0,68.49008315188907,14.123403562226564,1313.0,224.49266774345477,48.99275632342233,390.0,67.21250345269105,14.446900133730544,0.0,0.0,0.0,0.0,0.0,0.0
