id,probability_maraud,successful_mating,next_foraging_time,mar_attempts,mate_attempts,foraging_events,foraging_hrs,foraging_sqhrs,staying_events,staying_hrs,staying_sqhrs,repairing_events,repairing_hrs,repairing_sqhrs,marauding_events,marauding_hrs,marauding_sqhrs,traveling_events,traveling_hrs,traveling_sqhrs
0,0.054,13,360.13800545113367,"[['14' '37.52165001576706' 'present']
 ['6' '37.54313266382605' 'present']
 ['20' '38.745361615518725' 'present']
 ['5' '42.45583192264057' 'marauded']
 ['13' '86.9237324560335' 'present']
 ['20' '98.63700157697951' 'marauded']
 ['18' '111.10725582540616' 'present']
 ['20' '111.2563984152168' 'present']
 ['20' '116.48364028243064' 'marauded']
 ['1' '117.77140056168129' 'presentdestroyed']
 ['18' '161.1996807075727' 'present']
 ['3' '168.5496386115358' 'present']
 ['6' '179.43017715942077' 'marauded']
 ['12' '190.37127287320487' 'present']
 ['5' '192.00661163339512' 'present']
 ['1' '199.0043564547538' 'present']
 ['1' '203.24022560318548' 'present']
 ['13' '228.11841550882747' 'present']
 ['8' '242.06740746757953' 'present']
 ['10' '251.5390567650687' 'present']
 ['14' '254.31433279272179' 'present']
 ['18' '260.79479415364557' 'present']
 ['17' '261.7488782961917' 'present']
 ['20' '264.8206638617189' 'present']
 ['13' '278.5537940843844' 'present']
 ['13' '281.5817209227919' 'present']
 ['12' '284.90709926437984' 'present']
 ['1' '294.1263038490242' 'present']
 ['12' '294.6400519664529' 'present']
 ['7' '319.5338395883425' 'present']
 ['20' '337.03983109789164' 'present']
 ['12' '355.5873304629159' 'present']
 ['14' '356.5749716511349' 'present']]","[['F165' '63.78774378288812' 'mated']
 ['F89' '90.64860728905012' 'mated']
 ['F49' '104.12130661124041' 'absentdestroyed']
 ['F149' '168.7050226129273' 'mated']
 ['F116' '170.6125780523439' 'mated']
 ['F67' '171.64096382305695' 'absent']
 ['F99' '175.70908027668884' 'mated']
 ['F16' '189.4504996152853' 'absent']
 ['F162' '194.51829151068725' 'absent']
 ['F162' '194.5877359551317' 'mated']
 ['F58' '195.30263016845797' 'mated']
 ['F90' '242.3115282495086' 'mated']
 ['F175' '250.24204982352924' 'mated']
 ['F109' '273.1349043154153' 'mated']
 ['F35' '278.5917184897399' 'mated']
 ['F43' '301.85129827815234' 'mated']
 ['F198' '303.50924868428274' 'mated']
 ['F80' '340.61273117050973' 'absent']]",573.0,73.24874645275739,16.205220429852034,1543.0,256.086434646724,53.88953575615287,141.0,24.578300301536185,5.142262621249126,19.0,1.9000000000000006,0.1900000000000001,93.0,4.305555555555557,0.19933127572016426
1,0.054,7,360.833323961988,"[['10' '0.20407878921691808' 'present']
 ['6' '7.367006693863064' 'present']
 ['17' '8.136803275250715' 'present']
 ['10' '19.26563276077789' 'marauded']
 ['0' '26.57470868524996' 'presentdestroyed']
 ['8' '26.92275892864104' 'destroyed']
 ['0' '33.40705481887998' 'present']
 ['14' '38.175301143339084' 'present']
 ['18' '50.97407580687515' 'present']
 ['3' '62.53486751168822' 'marauded']
 ['20' '64.88039542789231' 'destroyed']
 ['20' '68.4607615731672' 'presentdestroyed']
 ['18' '76.11833632686373' 'present']
 ['20' '79.93438252724336' 'present']
 ['13' '85.30079233926541' 'marauded']
 ['3' '93.90205637528099' 'present']
 ['12' '96.86736369704582' 'present']
 ['5' '102.01731815017529' 'present']
 ['20' '103.8287908637211' 'present']
 ['7' '123.46111638511073' 'present']
 ['20' '138.49503608379263' 'present']
 ['18' '150.87952594623215' 'present']
 ['0' '154.2296762072311' 'present']
 ['20' '157.85069065989103' 'present']
 ['5' '178.85745471686127' 'marauded']
 ['13' '184.66481302998596' 'presentdestroyed']
 ['13' '209.08948606674005' 'marauded']
 ['20' '212.39583362255914' 'presentdestroyed']
 ['3' '229.50339531138593' 'present']
 ['10' '237.010789425245' 'present']
 ['3' '244.41826331214142' 'present']
 ['8' '265.7963198529039' 'marauded']
 ['3' '278.22184135633415' 'marauded']
 ['20' '280.8996498057955' 'presentdestroyed']
 ['6' '290.7205581749361' 'present']
 ['6' '293.9367967666835' 'present']
 ['8' '297.02822674332856' 'present']
 ['14' '298.6201622646167' 'present']
 ['20' '303.4599806019989' 'present']
 ['12' '308.1835001459938' 'present']
 ['18' '309.48863714660206' 'present']
 ['13' '321.85395993063287' 'present']
 ['6' '332.5415796064847' 'marauded']
 ['12' '333.785964217816' 'presentdestroyed']
 ['3' '334.0142743515317' 'presentdestroyed']
 ['10' '349.93289678991226' 'present']]","[['F203' '1.0359398864125837' 'absent']
 ['F83' '24.22804086532457' 'absentdestroyed']
 ['F21' '55.844790322323625' 'absent']
 ['F44' '83.2270566750027' 'absent']
 ['F17' '88.52047301902897' 'destroyed']
 ['F49' '104.16760290753672' 'mated']
 ['F115' '132.19420440568524' 'mated']
 ['F120' '137.3319676342187' 'mated']
 ['F213' '178.12329519290435' 'absent']
 ['F69' '181.99171087981398' 'absentdestroyed']
 ['F184' '183.0645464414896' 'destroyed']
 ['F68' '191.88404122158994' 'mated']
 ['F133' '223.3326844459' 'mated']
 ['F60' '224.94075527243479' 'mated']
 ['F65' '230.64609226395845' 'absent']
 ['F142' '354.6122015588503' 'mated']]",568.0,73.04483419669315,16.402206477066745,1358.0,232.12779726109915,49.25146829455499,303.0,48.619084534131154,10.205703647885361,18.0,1.8000000000000005,0.1800000000000001,102.0,4.722222222222228,0.21862139917695428
2,0.0,4,360.04579429880226,"[['10' '3.553237392581616' 'present']
 ['1' '15.00588109367258' 'present']
 ['6' '21.236624628189492' 'marauded']
 ['12' '33.55818833274764' 'present']
 ['13' '37.842813009296655' 'present']
 ['0' '40.03583802936249' 'present']
 ['1' '43.78089450286584' 'present']
 ['0' '51.58013265121272' 'present']
 ['8' '55.76955901195622' 'present']
 ['20' '61.82739761174018' 'marauded']
 ['13' '69.29198129383809' 'presentdestroyed']
 ['20' '97.31434372872879' 'present']
 ['13' '104.0789900416987' 'marauded']
 ['1' '106.13554270256783' 'presentdestroyed']
 ['3' '126.87523677334335' 'present']
 ['13' '140.9922083202694' 'present']
 ['14' '142.55327528521747' 'marauded']
 ['7' '149.44376781582733' 'presentdestroyed']
 ['20' '154.28441457280846' 'present']
 ['1' '163.2265960532592' 'marauded']
 ['18' '164.06013829525406' 'destroyed']
 ['3' '167.1960245019087' 'destroyed']
 ['7' '183.65188989238837' 'present']
 ['10' '185.95892614606853' 'marauded']
 ['0' '190.34543944711072' 'presentdestroyed']
 ['3' '194.8454989966349' 'present']
 ['3' '199.88798642232763' 'present']
 ['0' '202.38531572472354' 'marauded']
 ['13' '206.53702196579025' 'destroyed']
 ['20' '212.0283486060184' 'present']
 ['0' '215.4444820674646' 'present']
 ['8' '220.6517706564134' 'present']
 ['1' '237.3758969338032' 'present']
 ['5' '239.12629550855223' 'present']
 ['12' '244.57071375163827' 'marauded']
 ['14' '252.9271920518341' 'present']
 ['20' '265.64059673256276' 'present']
 ['6' '265.87249912234824' 'present']
 ['7' '267.3768134404111' 'present']
 ['14' '280.17166056854023' 'present']
 ['5' '300.71573769673546' 'present']
 ['13' '308.471660318053' 'present']
 ['0' '309.41701836669745' 'present']
 ['7' '312.80228318441453' 'present']
 ['0' '313.26837713637184' 'present']
 ['0' '315.13237214281133' 'present']
 ['20' '321.3655802339103' 'present']
 ['6' '324.6402957530565' 'present']
 ['7' '327.1767753714399' 'present']
 ['12' '330.4201664616624' 'present']
 ['20' '352.08749880858437' 'marauded']
 ['6' '353.2891591077603' 'presentdestroyed']
 ['13' '354.83696710655045' 'presentdestroyed']
 ['6' '357.85636218825664' 'presentdestroyed']
 ['13' '359.71371874403616' 'presentdestroyed']]","[['F112' '129.9459382914742' 'mated']
 ['F153' '142.9465848413568' 'destroyed']
 ['F210' '178.97469070986617' 'mated']
 ['F184' '183.08769458963775' 'mated']
 ['F1' '187.78292865164167' 'destroyed']
 ['F107' '297.4415040224434' 'mated']]",577.0,72.4262971194653,14.228362095141325,1388.0,233.26921317299417,49.75256045176806,328.0,54.574192912094084,11.506387334827128,0.0,0.0,0.0,0.0,0.0,0.0
3,0.054,10,360.3098769914226,"[['10' '12.432133990069874' 'present']
 ['0' '15.218225391987582' 'marauded']
 ['18' '15.945654065099351' 'presentdestroyed']
 ['18' '17.70029754440053' 'presentdestroyed']
 ['12' '22.265559586582672' 'present']
 ['10' '27.6660797322188' 'present']
 ['10' '30.84131152439185' 'marauded']
 ['1' '38.77988331045242' 'present']
 ['0' '38.94862086406857' 'present']
 ['7' '39.637012167261375' 'present']
 ['12' '50.3186813297207' 'marauded']
 ['18' '54.632905328937774' 'presentdestroyed']
 ['10' '66.09398779675738' 'present']
 ['1' '79.63327956636284' 'present']
 ['14' '82.53952381451806' 'marauded']
 ['7' '96.5020327050673' 'present']
 ['14' '103.39358961539897' 'marauded']
 ['10' '112.50340207095827' 'marauded']
 ['17' '154.04770466165593' 'present']
 ['0' '158.7959485739562' 'marauded']
 ['17' '169.6166887185477' 'present']
 ['20' '205.9511052433803' 'present']
 ['13' '206.1651713315266' 'present']
 ['8' '211.20957489146886' 'present']
 ['1' '254.5548192108101' 'marauded']
 ['20' '259.4538515853555' 'destroyed']
 ['13' '265.60805452619144' 'present']
 ['17' '266.8490743581942' 'present']
 ['0' '273.8983773712194' 'present']
 ['5' '279.0465371517769' 'marauded']
 ['12' '289.6657705736821' 'present']
 ['20' '290.30401780999586' 'present']
 ['7' '294.12845382990395' 'present']
 ['13' '300.5942086840078' 'present']
 ['7' '301.52865498271154' 'present']
 ['10' '326.6590953272245' 'present']
 ['12' '339.27072891281836' 'present']
 ['1' '347.5069739210971' 'marauded']
 ['14' '349.4688012276208' 'presentdestroyed']
 ['12' '350.32584748767147' 'presentdestroyed']
 ['17' '352.3653502768706' 'presentdestroyed']
 ['14' '353.65308042835744' 'presentdestroyed']
 ['8' '355.5511826780994' 'present']]","[['F118' '4.792347500845945' 'mated']
 ['F145' '68.0195740993289' 'mated']
 ['F73' '73.73244360036908' 'absent']
 ['F44' '83.20390852685455' 'destroyed']
 ['F17' '88.58991746347343' 'destroyed']
 ['F49' '104.09815846309226' 'destroyed']
 ['F18' '130.9602985910389' 'mated']
 ['F129' '148.13991528342297' 'mated']
 ['F4' '150.3016129767742' 'absent']
 ['F192' '150.54874872016893' 'mated']
 ['F164' '154.7771736026951' 'mated']
 ['F104' '174.35495676109753' 'mated']
 ['F213' '178.07699889660805' 'absent']
 ['F63' '206.42489661790614' 'mated']
 ['F106' '219.69230784297397' 'mated']
 ['F38' '254.7073996731889' 'destroyed']
 ['F134' '321.65354677849473' 'mated']]",566.0,69.22884109409503,13.867809312524733,1336.0,225.35673941678849,47.95766918149879,367.0,60.87533764391292,13.286595863059294,13.0,1.3,0.13000000000000006,72.0,3.3333333333333326,0.1543209876543209
4,0.0,15,360.18605825824693,"[['0' '6.467425703847006' 'present']
 ['3' '27.78222087945733' 'present']
 ['5' '35.25878899808189' 'present']
 ['1' '36.26239234902192' 'present']
 ['12' '46.95578847255245' 'present']
 ['5' '51.00571567529397' 'present']
 ['0' '63.15774093078846' 'present']
 ['12' '71.87640823121006' 'present']
 ['6' '73.56326725926768' 'marauded']
 ['6' '78.59446797311954' 'presentdestroyed']
 ['0' '82.86890685260234' 'marauded']
 ['12' '95.03627322645701' 'present']
 ['12' '134.2503178166047' 'marauded']
 ['8' '137.63136855383544' 'presentdestroyed']
 ['18' '138.526623875851' 'destroyed']
 ['5' '151.6545791635863' 'present']
 ['6' '154.93040502023132' 'present']
 ['5' '160.3899027626659' 'present']
 ['7' '165.47992960332243' 'present']
 ['20' '167.76130082772735' 'present']
 ['17' '175.83720107620545' 'marauded']
 ['0' '176.293259176777' 'presentdestroyed']
 ['20' '177.54509419738' 'presentdestroyed']
 ['7' '182.0867415307453' 'presentdestroyed']
 ['7' '182.1330378270416' 'presentdestroyed']
 ['3' '184.9221402132568' 'present']
 ['14' '213.42956387426733' 'present']
 ['0' '227.7884881043099' 'present']
 ['7' '232.52764432965876' 'present']
 ['8' '233.36413538002225' 'present']
 ['0' '242.79406667852157' 'present']
 ['20' '254.93568710772846' 'present']
 ['8' '259.00872432414405' 'present']
 ['20' '267.2766489219655' 'present']
 ['0' '271.7980195242339' 'present']
 ['10' '279.07606939166607' 'marauded']
 ['10' '288.52883388853667' 'present']
 ['12' '289.974154664959' 'present']
 ['8' '292.96173530364183' 'present']
 ['10' '293.669547145854' 'present']
 ['14' '304.5584105787767' 'present']
 ['8' '310.1937322920584' 'present']
 ['8' '311.3823379867197' 'marauded']
 ['1' '313.17766956017886' 'presentdestroyed']
 ['5' '317.3413644524509' 'presentdestroyed']
 ['5' '317.68518464810154' 'presentdestroyed']
 ['0' '319.3374488021113' 'present']
 ['13' '322.5337197204893' 'marauded']
 ['7' '328.7006895866069' 'presentdestroyed']
 ['13' '335.21672048382396' 'present']
 ['17' '342.9388352227401' 'present']
 ['8' '353.0211100349971' 'present']]","[['F203' '1.0590880345607319' 'absent']
 ['F59' '43.02436333429891' 'mated']
 ['F135' '55.650467245360936' 'mated']
 ['F51' '73.11441248541281' 'mated']
 ['F17' '88.54362116717712' 'absentdestroyed']
 ['F95' '102.63124013465271' 'mated']
 ['F47' '104.85882040252268' 'absent']
 ['F212' '107.91048389447595' 'mated']
 ['F52' '169.4325539589654' 'mated']
 ['F189' '200.36386387440285' 'mated']
 ['F171' '201.30063521807202' 'mated']
 ['F2' '209.87497607995186' 'mated']
 ['F185' '209.89171541610776' 'mated']
 ['F195' '231.3305934520174' 'mated']
 ['F127' '243.30809409464177' 'mated']
 ['F146' '290.7709646358759' 'mated']
 ['F168' '302.3240260122054' 'mated']
 ['F8' '302.68635078303635' 'absent']
 ['F79' '322.78333776905356' 'absentdestroyed']
 ['F157' '330.3005981639826' 'mated']]",555.0,72.9547032017151,15.818795958074505,1432.0,244.41250039860844,52.00611430469428,250.0,42.752939744895954,9.27640394798133,0.0,0.0,0.0,0.0,0.0,0.0
5,0.054,10,360.665043285007,"[['1' '9.651064174210488' 'present']
 ['0' '17.146662693863536' 'present']
 ['0' '18.086731462714475' 'marauded']
 ['18' '19.019401539054083' 'presentdestroyed']
 ['14' '30.87882947828565' 'present']
 ['10' '38.013373553764936' 'present']
 ['8' '48.58587906967447' 'present']
 ['3' '62.68116380798451' 'present']
 ['6' '73.37946333004277' 'present']
 ['6' '82.08961806710126' 'present']
 ['12' '86.11289013989827' 'marauded']
 ['0' '88.59148129416924' 'presentdestroyed']
 ['14' '102.74317189624556' 'present']
 ['1' '115.49418650945573' 'marauded']
 ['13' '115.69852780431712' 'presentdestroyed']
 ['13' '115.74482410061343' 'presentdestroyed']
 ['14' '128.13302352991204' 'present']
 ['12' '135.94827299828515' 'present']
 ['8' '143.48948299652545' 'marauded']
 ['3' '152.72484399187525' 'present']
 ['7' '182.04044523444898' 'present']
 ['8' '207.0180434633806' 'marauded']
 ['18' '210.71577103844322' 'presentdestroyed']
 ['10' '214.0897528600988' 'presentdestroyed']
 ['8' '226.44760722786074' 'present']
 ['6' '231.03064335546958' 'present']
 ['7' '233.6334460812512' 'present']
 ['12' '252.59471669443897' 'marauded']
 ['0' '255.0544850039063' 'presentdestroyed']
 ['13' '267.6816241686597' 'marauded']
 ['14' '287.7230280414167' 'present']
 ['14' '300.8291968253058' 'present']
 ['17' '321.27748149199897' 'present']
 ['10' '321.4201829040102' 'present']
 ['17' '324.52100057583164' 'marauded']
 ['14' '337.80958095638516' 'present']
 ['0' '338.7623556646636' 'present']
 ['3' '339.16918393721664' 'present']
 ['20' '339.6121941143536' 'present']
 ['8' '340.4110563113999' 'present']
 ['0' '348.9977561515546' 'present']]","[['F194' '53.75147964752596' 'mated']
 ['F102' '84.17120773710919' 'absent']
 ['F196' '107.26627153654975' 'mated']
 ['F22' '109.86150562159317' 'mated']
 ['F153' '142.99288113765311' 'mated']
 ['F193' '168.71633930298268' 'absent']
 ['F208' '181.77342141518085' 'mated']
 ['F29' '197.0713679652018' 'mated']
 ['F215' '240.30799114053605' 'mated']
 ['F12' '244.21097165732002' 'mated']
 ['F202' '250.67919061035423' 'mated']
 ['F131' '301.85760198144686' 'mated']]",577.0,69.40560111589569,13.346501371201235,1440.0,237.23920718992318,50.033441201027095,295.0,48.98549917434083,10.463171773150943,13.0,1.3,0.13000000000000006,72.0,3.3333333333333326,0.1543209876543209
6,0.054,6,360.60540796337415,"[['20' '3.0442778955454757' 'present']
 ['0' '5.929358894860528' 'present']
 ['5' '41.52042820374462' 'marauded']
 ['7' '45.54792643879695' 'presentdestroyed']
 ['14' '56.58533137430536' 'present']
 ['3' '69.89028179097022' 'present']
 ['13' '75.68897322824589' 'present']
 ['20' '76.51116522201586' 'present']
 ['10' '88.24718551847613' 'present']
 ['1' '93.33209326721592' 'marauded']
 ['12' '99.8713494935579' 'presentdestroyed']
 ['10' '104.61959765664812' 'present']
 ['7' '117.09770756693611' 'marauded']
 ['1' '124.96571702606856' 'present']
 ['14' '126.58986311048648' 'present']
 ['17' '128.35106533851672' 'marauded']
 ['12' '135.51467013506056' 'presentdestroyed']
 ['8' '137.58507225753914' 'present']
 ['10' '138.9204768573955' 'marauded']
 ['18' '148.38442303381223' 'present']
 ['17' '151.89153161218337' 'present']
 ['1' '159.40901912096646' 'present']
 ['7' '177.64377884079948' 'present']
 ['5' '184.05351014876456' 'marauded']
 ['20' '199.65275931304419' 'present']
 ['8' '205.11787638387818' 'marauded']
 ['17' '213.07384111390928' 'present']
 ['0' '214.97318972140175' 'marauded']
 ['7' '240.8864398438538' 'present']
 ['1' '241.46182099858615' 'present']
 ['1' '242.59709305258045' 'marauded']
 ['10' '251.83216118681096' 'present']
 ['12' '255.56425796342614' 'marauded']
 ['12' '271.55717824691766' 'marauded']
 ['0' '278.6350345112307' 'presentdestroyed']
 ['10' '303.1074882283678' 'present']
 ['10' '303.4591585531904' 'present']
 ['13' '321.13904894827914' 'present']
 ['3' '340.8455721863806' 'present']
 ['13' '342.0165644241168' 'present']
 ['13' '353.1868536913218' 'present']
 ['10' '357.5247049429646' 'present']]","[['F77' '33.217170101897814' 'absent']
 ['F186' '93.28659150539843' 'absent']
 ['F154' '104.0437386265396' 'mated']
 ['F96' '106.64446506140979' 'mated']
 ['F159' '160.3557075427413' 'mated']
 ['F52' '169.40940581081725' 'absent']
 ['F126' '194.53184524248866' 'mated']
 ['F206' '215.74692854800145' 'absentdestroyed']
 ['F88' '258.35239372933376' 'destroyed']
 ['F97' '270.07268946356726' 'mated']
 ['F109' '273.1117561672672' 'absentdestroyed']
 ['F27' '293.1227428680795' 'mated']]",574.0,70.90033380902958,14.465522909804816,1308.0,216.64710547472694,46.116576250482034,387.0,67.3011845542576,14.658292804204942,17.0,1.7000000000000004,0.1700000000000001,79.0,3.6574074074074066,0.16932441700960202
7,0.054,8,360.49668819458475,"[['17' '0.7598978778832618' 'present']
 ['12' '11.328604633348768' 'present']
 ['5' '11.526208357723572' 'present']
 ['18' '17.22153510067414' 'present']
 ['14' '17.570239554655164' 'present']
 ['12' '18.689803227471725' 'present']
 ['13' '22.566189458765358' 'present']
 ['17' '36.13409275438913' 'present']
 ['13' '45.08007768665126' 'present']
 ['10' '49.75849680934387' 'marauded']
 ['8' '51.9961123392546' 'presentdestroyed']
 ['6' '52.987365636172655' 'presentdestroyed']
 ['1' '53.18572112544332' 'destroyed']
 ['17' '59.33951021402922' 'marauded']
 ['20' '63.52667659502146' 'presentdestroyed']
 ['8' '66.65922424015476' 'presentdestroyed']
 ['8' '70.0562118222274' 'marauded']
 ['12' '78.90000097183771' 'present']
 ['6' '91.17798098996606' 'present']
 ['13' '118.29137352112487' 'present']
 ['10' '124.3954006660874' 'present']
 ['6' '148.63873184628684' 'present']
 ['20' '149.1281757211614' 'present']
 ['3' '153.85938581414263' 'marauded']
 ['12' '160.64203958546648' 'destroyed']
 ['17' '161.4760782655002' 'present']
 ['6' '164.1550960531035' 'present']
 ['3' '181.80606818809827' 'present']
 ['1' '193.42298446149184' 'present']
 ['20' '197.51936128443216' 'marauded']
 ['6' '201.18336655781272' 'presentdestroyed']
 ['5' '204.47678922569077' 'presentdestroyed']
 ['5' '204.52308552198707' 'presentdestroyed']
 ['0' '219.78678165266174' 'present']
 ['6' '225.8656275059484' 'present']
 ['3' '248.40190910532047' 'present']
 ['10' '300.9005614404106' 'present']
 ['13' '305.1480780675183' 'present']
 ['13' '309.9625012317827' 'present']
 ['18' '312.3612459660843' 'present']
 ['5' '313.7962986799773' 'present']
 ['0' '313.88071270733076' 'present']
 ['10' '321.66081919183074' 'present']
 ['3' '327.28825846455743' 'present']
 ['12' '330.0103350795498' 'marauded']
 ['12' '346.4933020604946' 'present']
 ['5' '348.2016406409867' 'present']
 ['0' '352.438305269513' 'present']]","[['F83' '24.251189013472718' 'mated']
 ['F87' '46.84575533135594' 'mated']
 ['F167' '63.874033692339715' 'destroyed']
 ['F145' '67.99642595118075' 'absent']
 ['F186' '93.30973965354659' 'mated']
 ['F44' '95.273352971299' 'mated']
 ['F170' '174.02701084317167' 'mated']
 ['F189' '200.2944194299584' 'destroyed']
 ['F166' '231.17306031881955' 'absent']
 ['F187' '243.80571383847' 'absent']
 ['F9' '258.6580073582918' 'mated']
 ['F183' '269.8148916314974' 'mated']
 ['F10' '291.0935661694156' 'mated']]",562.0,70.5420037713906,15.171152796634898,1463.0,247.36553012745972,53.155865105766935,223.0,36.32971955030429,7.348135398362063,17.0,1.7000000000000004,0.1700000000000001,92.0,4.25925925925926,0.19718792866940982
8,0.054,9,359.9205523739437,"[['3' '11.194392208815007' 'marauded']
 ['17' '16.77159836677216' 'presentdestroyed']
 ['5' '17.785601955051273' 'destroyed']
 ['12' '21.079000374228674' 'present']
 ['7' '35.38496722433885' 'present']
 ['3' '39.91496747409462' 'present']
 ['1' '43.18318718464636' 'present']
 ['17' '43.907980579399535' 'present']
 ['1' '47.45313744256879' 'present']
 ['7' '70.07294878704532' 'marauded']
 ['5' '72.85234659345242' 'presentdestroyed']
 ['3' '75.42530885907023' 'presentdestroyed']
 ['5' '76.383278809598' 'destroyed']
 ['0' '89.48867052581855' 'present']
 ['20' '96.41494236256825' 'present']
 ['6' '112.54406670747908' 'present']
 ['3' '120.02459916820722' 'marauded']
 ['14' '124.33035933787144' 'presentdestroyed']
 ['14' '128.78969077355345' 'present']
 ['17' '132.8409714899936' 'present']
 ['7' '133.74854435784624' 'present']
 ['14' '139.37459149747133' 'present']
 ['14' '146.58305759266153' 'present']
 ['5' '152.12949757893324' 'present']
 ['12' '167.3199014308829' 'marauded']
 ['18' '169.21312908658308' 'destroyed']
 ['3' '174.81226642563064' 'destroyed']
 ['18' '183.26405204410747' 'marauded']
 ['1' '228.50658111862603' 'present']
 ['12' '236.4291742989096' 'present']
 ['1' '240.91173883449096' 'present']
 ['3' '242.20586385095743' 'present']
 ['7' '248.98299186717946' 'present']
 ['7' '249.48709897130001' 'marauded']
 ['1' '263.8213064935858' 'present']
 ['13' '279.18103117462493' 'present']
 ['12' '297.0199818735672' 'marauded']
 ['6' '297.8012015848114' 'destroyed']
 ['5' '301.6728729664591' 'destroyed']
 ['3' '317.7503995016689' 'present']
 ['7' '322.5971689223695' 'present']
 ['3' '328.75302851699655' 'marauded']
 ['18' '330.13024122347275' 'presentdestroyed']
 ['5' '334.1109066893407' 'presentdestroyed']
 ['18' '334.82942308319224' 'destroyed']
 ['12' '337.21080460248453' 'present']
 ['7' '338.8253209680476' 'present']
 ['13' '352.66324755774986' 'present']
 ['18' '353.1418002970042' 'present']
 ['0' '354.59789714237615' 'present']]","[['F130' '76.4649108069285' 'destroyed']
 ['F41' '82.62103772130051' 'mated']
 ['F92' '89.18825916102266' 'mated']
 ['F47' '104.88196855067083' 'mated']
 ['F111' '133.51681234603566' 'mated']
 ['F147' '136.15574885920518' 'mated']
 ['F108' '150.75416395440695' 'mated']
 ['F188' '166.92861431526558' 'mated']
 ['F213' '178.1464433410525' 'absent']
 ['F56' '218.18216142134415' 'mated']
 ['F88' '258.39869002563006' 'mated']]",586.0,70.3616842575452,14.55684943138847,1407.0,235.17568964502797,49.8488616733271,291.0,49.09661046619469,10.377156104360488,17.0,1.7000000000000004,0.1700000000000001,82.0,3.7962962962962954,0.17575445816186536
9,0.0,15,360.1971347734871,"[['1' '13.846642009869583' 'present']
 ['18' '16.995702518477238' 'present']
 ['17' '19.475756978281375' 'present']
 ['8' '25.148339244245133' 'present']
 ['17' '37.32172897351578' 'present']
 ['1' '45.66557899721309' 'present']
 ['14' '52.990506882372316' 'present']
 ['14' '54.40403439533708' 'present']
 ['12' '68.09700921317089' 'present']
 ['18' '75.33019290622909' 'present']
 ['7' '77.36848457275943' 'present']
 ['18' '79.52006173770606' 'present']
 ['14' '91.84850646826027' 'present']
 ['5' '94.99711298308613' 'present']
 ['5' '95.84611543114954' 'present']
 ['7' '100.97342572180791' 'present']
 ['1' '102.84087252506099' 'present']
 ['6' '109.84603135599637' 'present']
 ['13' '116.85371743603429' 'present']
 ['12' '117.68683364568953' 'present']
 ['8' '130.03978363239017' 'marauded']
 ['5' '133.0391789194154' 'presentdestroyed']
 ['13' '136.5776508718586' 'presentdestroyed']
 ['12' '154.91263292943552' 'present']
 ['18' '159.90853816804554' 'present']
 ['0' '167.2228670761511' 'present']
 ['14' '178.8574907183861' 'marauded']
 ['20' '188.17381585889123' 'present']
 ['18' '192.00033836857875' 'present']
 ['0' '193.9489667036413' 'present']
 ['7' '210.89805343236284' 'present']
 ['18' '221.47065796578235' 'present']
 ['14' '223.97823883532212' 'present']
 ['1' '228.83948926086416' 'present']
 ['14' '230.50410307622602' 'present']
 ['6' '237.38594634474802' 'present']
 ['7' '254.87596013799467' 'present']
 ['3' '270.2834873126142' 'present']
 ['0' '282.3318762628291' 'marauded']
 ['7' '287.28698774905223' 'destroyed']
 ['1' '292.4245631346402' 'present']
 ['6' '295.87924769413655' 'marauded']
 ['12' '304.11622679345066' 'present']
 ['6' '306.4271400735519' 'present']
 ['17' '307.00094061433964' 'present']
 ['3' '313.00151508323194' 'present']
 ['10' '316.5612842423933' 'present']
 ['14' '343.0300415627043' 'present']
 ['5' '345.44969605538125' 'marauded']
 ['5' '345.85679099044955' 'presentdestroyed']
 ['6' '356.2396240024175' 'present']
 ['10' '358.08828974563374' 'present']]","[['F54' '20.536714411051175' 'mated']
 ['F21' '55.891086618619916' 'mated']
 ['F73' '73.75559174851723' 'absent']
 ['F138' '80.99754023538429' 'absent']
 ['F0' '84.9195008283357' 'mated']
 ['F64' '123.8701443569125' 'mated']
 ['F18' '130.93715044289075' 'destroyed']
 ['F4' '150.32476112492236' 'mated']
 ['F164' '154.73087730639878' 'absent']
 ['F190' '174.11591162519835' 'mated']
 ['F213' '178.16959148920066' 'mated']
 ['F181' '178.36390675440862' 'mated']
 ['F1' '187.75978050349352' 'absent']
 ['F1' '187.80607679978982' 'absent']
 ['F205' '190.68252508455322' 'mated']
 ['F209' '198.61521649851022' 'mated']
 ['F110' '199.9896247140539' 'mated']
 ['F177' '239.06452143331836' 'mated']
 ['F187' '243.82886198661816' 'mated']
 ['F30' '270.67369849233404' 'mated']
 ['F131' '301.8344538332987' 'absentdestroyed']
 ['F19' '358.31632709507767' 'absent']
 ['F122' '359.6523575410078' 'mated']]",556.0,69.74151409510209,14.750772945496172,1520.0,259.91206987585844,55.98411795140229,170.0,30.34970245246375,6.80736428308823,0.0,0.0,0.0,0.0,0.0,0.0
10,0.054,9,360.1788526476296,"[['1' '9.176431586142838' 'present']
 ['1' '16.9327765226073' 'present']
 ['8' '22.501207419684448' 'present']
 ['14' '23.619205828661887' 'present']
 ['8' '25.19463554054143' 'present']
 ['8' '30.143515971312425' 'present']
 ['17' '31.786271554683296' 'present']
 ['18' '40.383106051302065' 'marauded']
 ['13' '57.03887213131813' 'marauded']
 ['0' '58.09668468442766' 'presentdestroyed']
 ['12' '65.73832207280775' 'present']
 ['14' '71.65461627449517' 'present']
 ['1' '72.64916243564434' 'present']
 ['0' '73.1019799103404' 'marauded']
 ['14' '76.59544196360353' 'destroyed']
 ['1' '79.72587215895545' 'presentdestroyed']
 ['0' '81.92657002575311' 'present']
 ['14' '85.21603238628926' 'present']
 ['14' '86.06568372279438' 'present']
 ['20' '101.56388402287946' 'present']
 ['7' '109.64964513742434' 'present']
 ['20' '111.3026947115131' 'present']
 ['1' '116.13460217784868' 'present']
 ['13' '125.66599259646358' 'present']
 ['7' '139.19418232068722' 'marauded']
 ['5' '139.26953420716953' 'presentdestroyed']
 ['6' '147.96126370474883' 'present']
 ['8' '152.26686650462645' 'marauded']
 ['7' '161.2584258653446' 'present']
 ['6' '174.63942370954067' 'present']
 ['3' '179.3775000332701' 'present']
 ['14' '188.72367500195622' 'marauded']
 ['5' '189.22310253920872' 'destroyed']
 ['13' '192.1519267084766' 'presentdestroyed']
 ['6' '193.74950690619855' 'presentdestroyed']
 ['18' '197.53318686544458' 'marauded']
 ['14' '198.11213511501262' 'presentdestroyed']
 ['0' '224.31042854944153' 'marauded']
 ['20' '228.68458674642227' 'presentdestroyed']
 ['8' '229.63978043899277' 'presentdestroyed']
 ['5' '231.09281389882062' 'destroyed']
 ['0' '256.2596199755421' 'marauded']
 ['20' '260.4803883991562' 'presentdestroyed']
 ['6' '262.8862734766533' 'destroyed']
 ['6' '279.2586303382937' 'present']
 ['0' '290.7492140025603' 'present']
 ['18' '290.853177745536' 'present']
 ['1' '306.98190275279285' 'marauded']
 ['1' '309.66769024490753' 'presentdestroyed']
 ['3' '317.18970036299925' 'present']
 ['1' '319.4093976106538' 'present']
 ['18' '326.6554597695784' 'marauded']
 ['3' '339.3676702213133' 'marauded']
 ['20' '346.3297210417338' 'presentdestroyed']
 ['7' '349.92811382125046' 'marauded']
 ['6' '350.92149915649435' 'presentdestroyed']
 ['13' '353.58604291943305' 'presentdestroyed']
 ['7' '353.8156223444157' 'presentdestroyed']
 ['8' '356.3059950130414' 'presentdestroyed']]","[['F59' '43.001215186150766' 'destroyed']
 ['F48' '49.40927983994299' 'mated']
 ['F138' '81.02068838353244' 'absentdestroyed']
 ['F102' '84.19435588525734' 'mated']
 ['F155' '89.30261279345548' 'mated']
 ['F141' '95.89196247025275' 'mated']
 ['F76' '137.50611514316665' 'mated']
 ['F61' '164.0052661813363' 'mated']
 ['F163' '170.48967740099144' 'mated']
 ['F1' '187.82922494793797' 'mated']
 ['F68' '191.83774492529363' 'absentdestroyed']
 ['F189' '200.3407157262547' 'destroyed']
 ['F82' '215.04535170447716' 'mated']
 ['F65' '230.6229441158103' 'destroyed']
 ['F88' '258.3755418774819' 'destroyed']
 ['F79' '322.7601896209054' 'absent']
 ['F122' '359.6060612447115' 'absent']]",566.0,69.22404055330465,14.244530410068144,1267.0,207.04737926340522,43.00396466187245,476.0,79.35543957144021,16.995407272915934,13.0,1.3,0.13000000000000006,67.0,3.101851851851851,0.14360425240054867
11,0.0,11,360.23651906708346,"[['8' '24.4765656865133' 'marauded']
 ['8' '25.092513691899256' 'presentdestroyed']
 ['20' '26.624129922398836' 'presentdestroyed']
 ['3' '27.471490567972324' 'destroyed']
 ['8' '32.343236527301144' 'present']
 ['8' '36.117202970980486' 'marauded']
 ['14' '36.68161316470292' 'presentdestroyed']
 ['13' '40.86078394322108' 'presentdestroyed']
 ['7' '43.04215990821542' 'presentdestroyed']
 ['18' '48.828235794812706' 'present']
 ['1' '51.18498744698001' 'marauded']
 ['18' '56.00064143766751' 'presentdestroyed']
 ['6' '67.84293586303896' 'present']
 ['1' '73.71981144594423' 'present']
 ['13' '74.0672027204305' 'present']
 ['6' '80.04154424558637' 'present']
 ['7' '86.86993732629954' 'marauded']
 ['13' '103.1551149252571' 'present']
 ['6' '109.31442672568436' 'marauded']
 ['17' '114.6689151935225' 'destroyed']
 ['12' '114.76129085804816' 'destroyed']
 ['20' '117.84786175170112' 'present']
 ['12' '131.23994997168762' 'present']
 ['3' '138.9945841641252' 'marauded']
 ['12' '139.6792548476805' 'presentdestroyed']
 ['6' '147.035104024381' 'present']
 ['17' '171.52921277879312' 'present']
 ['12' '180.6365245805519' 'present']
 ['3' '185.97023761804095' 'present']
 ['3' '196.48700458984035' 'marauded']
 ['0' '208.7001010059198' 'present']
 ['18' '216.5982464147426' 'marauded']
 ['20' '217.05053111562168' 'destroyed']
 ['7' '219.93967472122267' 'presentdestroyed']
 ['8' '230.6520928921429' 'present']
 ['14' '237.0778406763551' 'present']
 ['7' '239.96571180325498' 'present']
 ['1' '240.10330233790535' 'present']
 ['3' '247.58094584866095' 'present']
 ['14' '253.00294567745766' 'present']
 ['1' '256.90807463013334' 'present']
 ['20' '263.9483645098201' 'present']
 ['7' '264.49354187729404' 'present']
 ['1' '265.8137873215189' 'present']
 ['14' '288.75982004053543' 'present']
 ['0' '289.26377170946404' 'present']
 ['17' '292.5583559595406' 'present']
 ['7' '292.63596018255083' 'marauded']
 ['7' '293.62450928450403' 'presentdestroyed']
 ['14' '301.29380966184743' 'present']
 ['14' '305.42895758799506' 'present']
 ['14' '306.97275018111117' 'present']
 ['7' '323.85151739388346' 'present']
 ['18' '328.15488023090785' 'present']
 ['1' '332.5342644345603' 'marauded']
 ['17' '351.40044930058343' 'present']
 ['17' '354.4129951096078' 'present']
 ['14' '356.5286753548386' 'present']]","[['F77' '33.24031825004596' 'mated']
 ['F140' '112.49246084873853' 'destroyed']
 ['F42' '136.16854554821407' 'mated']
 ['F153' '142.96973298950496' 'absentdestroyed']
 ['F72' '165.2742339508016' 'mated']
 ['F117' '176.86471485419798' 'mated']
 ['F208' '181.7502732670327' 'absent']
 ['F189' '200.31756757810655' 'destroyed']
 ['F78' '205.0569936708917' 'mated']
 ['F65' '230.6692404121066' 'mated']
 ['F132' '253.54787197414822' 'mated']
 ['F38' '254.73054782133704' 'mated']
 ['F79' '322.8064859172017' 'mated']
 ['F11' '330.9343812208826' 'mated']
 ['F40' '352.0593533480893' 'mated']]",561.0,71.09018221883832,15.562150855959455,1355.0,228.05957940675876,48.8832722499615,359.0,61.12787782162471,13.257788901231773,0.0,0.0,0.0,0.0,0.0,0.0
12,0.054,5,360.49182515856296,"[['18' '1.7677500050357127' 'present']
 ['0' '2.6466378657286387' 'marauded']
 ['18' '7.2115627094791295' 'presentdestroyed']
 ['13' '11.487585730102182' 'present']
 ['18' '15.286596481553165' 'present']
 ['13' '16.29959633586211' 'present']
 ['7' '19.396910146605972' 'present']
 ['7' '25.958146005444423' 'marauded']
 ['1' '36.61371547260907' 'present']
 ['0' '39.26103255430698' 'present']
 ['13' '41.93143313795503' 'present']
 ['6' '69.99979059897343' 'present']
 ['5' '100.2003550190294' 'present']
 ['13' '101.2285889593119' 'marauded']
 ['8' '104.42643106586043' 'presentdestroyed']
 ['10' '120.0013931511724' 'present']
 ['8' '132.68841769972602' 'present']
 ['1' '133.8691324622743' 'present']
 ['18' '143.8217116138904' 'present']
 ['18' '159.370930728466' 'present']
 ['1' '159.45531541726277' 'present']
 ['0' '170.1982049643957' 'marauded']
 ['5' '179.91502034913273' 'present']
 ['7' '186.12052978683874' 'present']
 ['17' '192.53782456243454' 'present']
 ['13' '215.2027696342829' 'marauded']
 ['14' '224.11360157582254' 'present']
 ['7' '232.346946776474' 'present']
 ['5' '246.2358358697676' 'present']
 ['1' '250.2802255875041' 'present']
 ['8' '270.9451231543183' 'present']
 ['18' '275.72761577134696' 'marauded']
 ['1' '276.5869605573958' 'presentdestroyed']
 ['17' '278.20240273001633' 'presentdestroyed']
 ['7' '280.29897782563904' 'presentdestroyed']
 ['10' '281.5577153781931' 'presentdestroyed']
 ['10' '282.6030836496826' 'presentdestroyed']
 ['14' '283.9218063187563' 'present']
 ['8' '284.30649038784566' 'present']
 ['14' '284.7062756623009' 'present']
 ['18' '295.7265482211161' 'present']
 ['18' '298.88841297233205' 'present']
 ['1' '298.9676717329626' 'present']
 ['10' '303.3301245204288' 'present']
 ['1' '315.79200661393014' 'marauded']
 ['8' '319.9956826438809' 'destroyed']
 ['3' '323.2357214187111' 'presentdestroyed']
 ['6' '333.137704814872' 'present']
 ['5' '334.46738413283487' 'present']
 ['20' '339.86792059768084' 'present']
 ['8' '341.92449873935635' 'present']
 ['6' '342.8437017456468' 'present']
 ['0' '352.5442504923106' 'present']]","[['F200' '164.7398919674623' 'mated']
 ['F214' '173.11596226658372' 'absentdestroyed']
 ['F25' '176.0313345664502' 'absentdestroyed']
 ['F121' '218.92659306936514' 'destroyed']
 ['F62' '219.34687563595205' 'destroyed']
 ['F204' '250.94273637176403' 'mated']
 ['F6' '306.7012084401648' 'mated']
 ['F66' '353.60920435101264' 'mated']
 ['F19' '358.3394752432258' 'mated']]",579.0,71.50010719762176,14.847036212842099,1437.0,240.54300217664743,51.207177213214074,248.0,42.55829981682335,9.159663230099937,18.0,1.8000000000000005,0.1800000000000001,81.0,3.749999999999999,0.1736111111111109
13,0.054,12,360.0262454926515,"[['7' '0.1615535847282591' 'present']
 ['1' '6.328681115427038' 'present']
 ['7' '11.07671253003192' 'present']
 ['20' '14.499751475201226' 'present']
 ['3' '26.324208630701126' 'marauded']
 ['20' '28.94863590191371' 'presentdestroyed']
 ['7' '43.21742682145336' 'present']
 ['5' '49.67031022727434' 'marauded']
 ['5' '75.10408036502504' 'present']
 ['0' '76.94304185003972' 'marauded']
 ['20' '83.47481230244145' 'destroyed']
 ['14' '86.01938742649807' 'present']
 ['1' '99.09181187847686' 'present']
 ['18' '105.0690392009854' 'present']
 ['1' '108.25679958814662' 'present']
 ['10' '114.85452118890754' 'present']
 ['10' '118.2997298676429' 'marauded']
 ['14' '119.13116565351153' 'destroyed']
 ['14' '133.8002392012643' 'present']
 ['5' '133.84735569661078' 'present']
 ['12' '141.8546857161419' 'marauded']
 ['5' '153.09984520596328' 'marauded']
 ['14' '159.12700777117303' 'destroyed']
 ['18' '162.71065773855094' 'marauded']
 ['12' '164.04087247529748' 'presentdestroyed']
 ['18' '167.42583275013956' 'presentdestroyed']
 ['10' '168.94806603473256' 'presentdestroyed']
 ['6' '171.48655208522504' 'marauded']
 ['1' '174.1783205744095' 'destroyed']
 ['12' '189.74541850500674' 'present']
 ['5' '215.06376152332524' 'present']
 ['5' '219.88925804524692' 'present']
 ['18' '220.34016178518112' 'marauded']
 ['8' '244.11595544976169' 'present']
 ['18' '247.3784589455647' 'present']
 ['17' '253.40557272640936' 'present']
 ['10' '253.75385005971313' 'marauded']
 ['8' '263.4675824941766' 'present']
 ['14' '267.13816530831065' 'present']
 ['3' '268.3601189645709' 'present']
 ['1' '277.24872739894516' 'present']
 ['10' '287.95923446201766' 'marauded']
 ['12' '314.4409275690201' 'present']
 ['7' '315.70586916716394' 'present']
 ['1' '325.2286847464471' 'present']
 ['7' '338.7790246717513' 'present']
 ['7' '345.50314768564135' 'present']
 ['8' '350.8149326494082' 'present']]","[['F179' '18.305057444474894' 'mated']
 ['F77' '33.19402195374967' 'destroyed']
 ['F21' '55.86793847047177' 'destroyed']
 ['F73' '73.70929545222093' 'absent']
 ['F73' '73.77873989666539' 'mated']
 ['F130' '76.48805895507665' 'mated']
 ['F93' '86.86387894004595' 'mated']
 ['F49' '104.14445475938857' 'absent']
 ['F139' '132.27412499934744' 'mated']
 ['F164' '154.75402545454693' 'destroyed']
 ['F182' '171.06144012487775' 'mated']
 ['F123' '178.3782927210421' 'destroyed']
 ['F5' '190.78001804034318' 'mated']
 ['F162' '194.56458780698355' 'absent']
 ['F14' '216.6056968041981' 'mated']
 ['F98' '235.2313513093024' 'mated']
 ['F32' '235.32564406661518' 'absent']
 ['F94' '270.33076198420935' 'mated']
 ['F158' '302.40306362922513' 'mated']
 ['F80' '340.6358793186579' 'mated']]",569.0,67.5503302385643,13.621704231282287,1277.0,219.99847197330942,47.675742763310154,389.0,67.41331504754825,14.37433638338835,12.0,1.2,0.12000000000000005,83.0,3.8425925925925917,0.1778978052126198
14,0.054,9,360.34880621859963,"[['17' '6.470124404408289' 'present']
 ['20' '6.998196851927457' 'present']
 ['10' '36.39515159964041' 'present']
 ['18' '37.7446885341902' 'present']
 ['17' '49.071798858097004' 'present']
 ['18' '50.600981294093124' 'present']
 ['7' '67.75203849965187' 'present']
 ['1' '70.09211496120083' 'present']
 ['10' '70.11199625765184' 'present']
 ['3' '72.17672003657803' 'present']
 ['12' '72.3522225010512' 'present']
 ['1' '74.74106330151066' 'present']
 ['20' '94.08325112415466' 'marauded']
 ['1' '100.55677786728937' 'presentdestroyed']
 ['17' '101.65648531094452' 'present']
 ['1' '104.98780329589792' 'marauded']
 ['18' '112.56692623537548' 'presentdestroyed']
 ['7' '114.88942530133382' 'present']
 ['3' '140.01551781104942' 'present']
 ['0' '142.2404997180306' 'present']
 ['8' '149.07517185368516' 'present']
 ['8' '152.56310866128425' 'present']
 ['12' '154.95892922573182' 'present']
 ['3' '157.37217234755695' 'present']
 ['12' '165.02049051517437' 'present']
 ['0' '168.2247185872339' 'marauded']
 ['8' '182.57403312278515' 'present']
 ['1' '191.96034115948513' 'present']
 ['0' '201.13665525334875' 'present']
 ['3' '213.38497709718033' 'present']
 ['18' '215.66739901385574' 'marauded']
 ['18' '218.8433914639181' 'presentdestroyed']
 ['3' '229.45709901508963' 'present']
 ['8' '264.4753966343729' 'present']
 ['10' '264.55528087323137' 'present']
 ['0' '271.65172322793757' 'marauded']
 ['3' '271.65480263347104' 'destroyed']
 ['0' '276.685403864113' 'destroyed']
 ['17' '281.09131212804675' 'present']
 ['10' '283.6022664299972' 'present']
 ['6' '284.4616367751712' 'present']
 ['5' '286.49157757147105' 'present']
 ['8' '292.6257264338477' 'present']
 ['0' '292.74317202450794' 'present']
 ['6' '307.54029469101283' 'present']
 ['5' '310.4019808061209' 'present']
 ['5' '311.20478763437853' 'present']
 ['0' '314.4585486743023' 'present']
 ['20' '321.65922448909265' 'marauded']
 ['7' '358.8300114988633' 'present']]","[['F173' '29.279265937688162' 'mated']
 ['F160' '29.362351917925075' 'mated']
 ['F13' '83.3347766567643' 'mated']
 ['F20' '141.22449402178432' 'mated']
 ['F46' '143.58842232931516' 'absent']
 ['F33' '159.87274798479848' 'mated']
 ['F182' '171.01514382858144' 'absentdestroyed']
 ['F213' '178.1001470447562' 'absent']
 ['F81' '189.67561236699683' 'mated']
 ['F34' '235.35851337280627' 'mated']
 ['F84' '302.6807145806934' 'mated']
 ['F8' '302.7094989311845' 'mated']
 ['F11' '330.91123307273443' 'absent']]",570.0,75.16090550167296,16.97252297327354,1443.0,243.91774088185585,51.89455710564848,227.0,36.68273316755051,7.717722147483842,5.0,0.5,0.05000000000000001,84.0,3.888888888888888,0.18004115226337425
15,0.0,8,360.16576747993156,"[['12' '2.209659881135483' 'present']
 ['0' '5.119461745139406' 'present']
 ['8' '5.2522632177611' 'present']
 ['6' '5.718412923775603' 'marauded']
 ['13' '6.599969690517748' 'presentdestroyed']
 ['20' '11.594931011045318' 'presentdestroyed']
 ['20' '15.437056722682877' 'present']
 ['14' '18.965597498541257' 'present']
 ['10' '48.505772337740474' 'present']
 ['17' '59.29321391773293' 'present']
 ['0' '59.4806762981032' 'present']
 ['12' '65.95549408228159' 'present']
 ['14' '81.27747781159889' 'present']
 ['7' '92.29034194006756' 'present']
 ['7' '105.79483931346324' 'present']
 ['18' '127.34210478562086' 'present']
 ['20' '130.35131660851343' 'marauded']
 ['14' '132.54054220847823' 'destroyed']
 ['12' '134.396614112901' 'presentdestroyed']
 ['5' '136.84085553182916' 'presentdestroyed']
 ['5' '141.47717592423874' 'marauded']
 ['0' '147.45160522781168' 'presentdestroyed']
 ['20' '157.89698695618733' 'present']
 ['1' '159.05115108211564' 'present']
 ['18' '159.1359277572589' 'present']
 ['6' '167.78122907422204' 'present']
 ['6' '174.78307594236878' 'present']
 ['6' '176.95877944562395' 'present']
 ['17' '188.55132140429157' 'marauded']
 ['1' '189.55953292318162' 'presentdestroyed']
 ['20' '201.92355031028208' 'present']
 ['0' '204.48312333802406' 'present']
 ['6' '225.22944069571273' 'present']
 ['8' '244.76538806334122' 'present']
 ['5' '264.27283438237146' 'present']
 ['13' '275.1510586646921' 'present']
 ['10' '282.6493799459789' 'present']
 ['3' '299.0652178372601' 'present']
 ['18' '312.9490790306844' 'present']
 ['7' '317.4623672135979' 'present']
 ['6' '319.2954014184331' 'present']
 ['6' '323.3295535307837' 'present']
 ['0' '328.04097972750225' 'present']
 ['3' '340.54272565376317' 'present']]","[['F44' '83.25020482315085' 'absent']
 ['F74' '88.96876004784578' 'mated']
 ['F137' '119.77528464559295' 'mated']
 ['F70' '126.40164817475508' 'mated']
 ['F55' '151.9830976198939' 'mated']
 ['F178' '165.49297902993536' 'mated']
 ['F182' '171.0382919767296' 'absent']
 ['F174' '178.06642668741696' 'mated']
 ['F81' '189.65246421884868' 'absentdestroyed']
 ['F62' '219.3700237841002' 'mated']
 ['F191' '248.70807513551256' 'mated']]",562.0,68.65176496479272,14.188555746161263,1580.0,267.1056606678901,56.80602610177877,142.0,24.259755015627555,5.19049638043911,0.0,0.0,0.0,0.0,0.0,0.0
16,0.0,4,359.98193062209134,"[['10' '5.32265625753366' 'present']
 ['17' '6.516420700704585' 'marauded']
 ['1' '12.76996506616141' 'presentdestroyed']
 ['17' '18.208486968225635' 'present']
 ['0' '20.129842220941725' 'marauded']
 ['1' '30.881961874529388' 'marauded']
 ['1' '48.31035088733241' 'present']
 ['20' '50.548852888957406' 'present']
 ['1' '59.26075960775613' 'present']
 ['13' '71.81097799622202' 'marauded']
 ['7' '79.66632785675112' 'present']
 ['1' '98.07074189711737' 'marauded']
 ['13' '98.76133796252843' 'presentdestroyed']
 ['13' '99.03957542039257' 'presentdestroyed']
 ['1' '115.64048280575203' 'present']
 ['13' '125.61969630016728' 'present']
 ['3' '131.59052050800832' 'present']
 ['3' '137.215359167985' 'present']
 ['5' '193.60216458803228' 'marauded']
 ['1' '195.25412575881987' 'presentdestroyed']
 ['12' '196.88218402591946' 'presentdestroyed']
 ['0' '198.1114804022943' 'presentdestroyed']
 ['18' '208.44107650239286' 'present']
 ['18' '210.26994972865748' 'marauded']
 ['5' '224.83600713848733' 'present']
 ['20' '226.181408286432' 'marauded']
 ['3' '228.2224191456964' 'presentdestroyed']
 ['1' '240.57616278913318' 'marauded']
 ['17' '259.8346168142608' 'present']
 ['3' '261.9525716626376' 'present']
 ['1' '274.79242450958594' 'present']
 ['0' '283.8444551142595' 'present']
 ['7' '285.4462363509502' 'marauded']
 ['8' '294.32753566744276' 'present']
 ['14' '300.46127611013605' 'present']
 ['14' '308.1763012493729' 'present']
 ['20' '325.1086994535457' 'present']
 ['18' '335.4545458630477' 'present']
 ['8' '358.37230043685724' 'present']
 ['10' '359.6791674863824' 'marauded']]","[['F203' '1.08223618270888' 'mated']
 ['F167' '63.89718184048786' 'absent']
 ['F67' '171.6641119712051' 'mated']
 ['F162' '194.5414396588354' 'absentdestroyed']
 ['F206' '215.79322484429775' 'destroyed']
 ['F121' '218.9497412175133' 'mated']
 ['F90' '242.28838010136045' 'absentdestroyed']
 ['F45' '266.58562855901556' 'mated']]",562.0,70.5903888037655,14.011774967555741,1347.0,228.392048493877,49.30604126102288,376.0,61.06097758994654,12.645592793435078,0.0,0.0,0.0,0.0,0.0,0.0
17,0.054,9,360.3046336468265,"[['20' '6.004642244091545' 'present']
 ['13' '6.6462659868140435' 'present']
 ['8' '34.85918718154966' 'present']
 ['8' '35.91320220500335' 'present']
 ['0' '36.28630743542547' 'present']
 ['3' '47.042628184233834' 'present']
 ['8' '49.6533163495344' 'present']
 ['3' '50.025571691736566' 'marauded']
 ['8' '66.51292794385846' 'marauded']
 ['0' '69.16710915937041' 'presentdestroyed']
 ['1' '79.67957586265915' 'present']
 ['18' '79.76004756532284' 'present']
 ['12' '84.74593056758688' 'present']
 ['5' '86.10704381457003' 'present']
 ['12' '87.90321647794721' 'present']
 ['10' '90.64029653370469' 'marauded']
 ['7' '103.30256200135187' 'present']
 ['12' '111.99190361592304' 'present']
 ['14' '128.08672723361573' 'present']
 ['14' '134.44929691985163' 'present']
 ['20' '147.49143681436473' 'present']
 ['0' '156.88283751366728' 'present']
 ['12' '196.92848032221576' 'present']
 ['0' '199.5176780200944' 'present']
 ['8' '200.997637417916' 'marauded']
 ['5' '203.33032737886643' 'presentdestroyed']
 ['13' '214.4316727670506' 'present']
 ['10' '221.1715170870229' 'marauded']
 ['14' '227.89298115027614' 'presentdestroyed']
 ['13' '231.17999506996455' 'present']
 ['14' '234.00141945513226' 'present']
 ['14' '238.45117584914925' 'present']
 ['13' '242.52508146972195' 'present']
 ['3' '244.28662226378424' 'present']
 ['18' '244.3316113984554' 'present']
 ['7' '246.1427355479085' 'present']
 ['10' '248.7756139720498' 'present']
 ['12' '252.2926798049022' 'present']
 ['8' '268.3639806906561' 'marauded']
 ['10' '269.5488099048285' 'presentdestroyed']
 ['0' '281.09898132571215' 'marauded']
 ['8' '291.7785367604723' 'present']
 ['13' '316.9759581440953' 'present']
 ['7' '341.18101946356916' 'present']
 ['1' '358.74565674795224' 'present']]","[['F201' '116.52424559421121' 'mated']
 ['F46' '143.61157047746332' 'mated']
 ['F172' '149.01779052341843' 'mated']
 ['F25' '176.0776308627465' 'mated']
 ['F69' '182.01485902796213' 'mated']
 ['F205' '190.65937693640507' 'absent']
 ['F133' '223.30953629775183' 'absentdestroyed']
 ['F100' '241.09035577496314' 'mated']
 ['F144' '249.58388605796966' 'mated']
 ['F71' '295.27634783527213' 'mated']
 ['F114' '357.63739800143287' 'mated']]",566.0,70.78941498076792,14.636407851611548,1412.0,242.85630544874186,52.68237844119794,249.0,42.969960048517144,9.398491083088086,10.0,0.9999999999999999,0.10000000000000003,57.0,2.6388888888888884,0.12217078189300418
18,0.054,6,359.93896580103893,"[['20' '5.654445524337838' 'present']
 ['14' '21.182114639060647' 'present']
 ['6' '23.79098177222037' 'present']
 ['6' '25.51533750036528' 'present']
 ['12' '25.84810703470899' 'marauded']
 ['7' '27.97437595023589' 'presentdestroyed']
 ['13' '35.613432755394854' 'present']
 ['10' '37.569177611958395' 'present']
 ['14' '56.63162767060165' 'present']
 ['0' '60.417070201054436' 'present']
 ['6' '69.52748851725687' 'present']
 ['17' '74.9801189892551' 'present']
 ['0' '78.87031961748771' 'present']
 ['8' '88.86424783894036' 'marauded']
 ['1' '97.11356171966597' 'present']
 ['14' '114.41009393071803' 'present']
 ['17' '114.5226188972262' 'marauded']
 ['17' '122.10582793007569' 'presentdestroyed']
 ['1' '125.63644878857974' 'present']
 ['3' '134.18323942991486' 'present']
 ['20' '179.51116711254735' 'present']
 ['12' '183.2845299952508' 'marauded']
 ['13' '186.64013689873852' 'presentdestroyed']
 ['14' '187.76208247291797' 'presentdestroyed']
 ['0' '189.6205295842874' 'presentdestroyed']
 ['17' '199.08413605055816' 'marauded']
 ['7' '214.7851649425727' 'present']
 ['0' '218.36446334673192' 'present']
 ['3' '224.9139351464581' 'marauded']
 ['10' '236.3733452578152' 'present']
 ['1' '242.27246331548716' 'present']
 ['1' '247.41441232710054' 'present']
 ['14' '265.73721754342563' 'present']
 ['13' '278.6000903806807' 'present']
 ['13' '280.13702092024397' 'marauded']
 ['20' '283.0396081857317' 'presentdestroyed']
 ['13' '284.5517011045534' 'presentdestroyed']
 ['5' '297.6874986498529' 'present']
 ['14' '301.34010595814374' 'present']
 ['17' '301.9308536138358' 'present']
 ['6' '308.8223891628738' 'present']
 ['12' '315.03616727442915' 'marauded']
 ['0' '336.31748803208103' 'marauded']
 ['7' '341.8627857198445' 'presentdestroyed']
 ['6' '355.0596922096935' 'marauded']
 ['20' '356.0101931801456' 'presentdestroyed']]","[['F23' '20.676995193087944' 'mated']
 ['F31' '87.7776302199792' 'mated']
 ['F17' '88.61306561162158' 'mated']
 ['F85' '193.29651346848087' 'mated']
 ['F136' '223.03812075763742' 'mated']
 ['F113' '243.3866542513524' 'mated']
 ['F122' '359.62920939285965' 'destroyed']]",565.0,75.1718577043134,17.16738882121175,1316.0,220.97064872950924,47.052569548377605,373.0,59.10696635044826,11.805768822184033,12.0,1.2,0.12000000000000005,77.0,3.564814814814814,0.16503772290809313
19,0.0,8,359.93609573266895,"[['13' '26.31681101895222' 'present']
 ['5' '28.896065163615397' 'present']
 ['18' '36.16526533507133' 'present']
 ['1' '40.90899828638703' 'present']
 ['8' '42.20799949091343' 'present']
 ['6' '50.655654087204226' 'present']
 ['3' '70.58408638158458' 'present']
 ['20' '75.5287077037571' 'present']
 ['6' '89.99395852365411' 'present']
 ['20' '96.26864606627196' 'marauded']
 ['1' '96.44261030642032' 'destroyed']
 ['5' '105.99054041297963' 'present']
 ['0' '109.00883643593848' 'present']
 ['18' '138.78250841994998' 'present']
 ['7' '153.7447985863768' 'marauded']
 ['18' '165.82613785758906' 'present']
 ['20' '168.00384252151918' 'marauded']
 ['12' '178.5649993772353' 'present']
 ['13' '210.31972248003342' 'present']
 ['7' '216.2299956708505' 'present']
 ['17' '216.46473697269965' 'marauded']
 ['6' '223.90224834281386' 'presentdestroyed']
 ['12' '226.272846842134' 'present']
 ['6' '235.49727820617602' 'marauded']
 ['1' '255.92306961608875' 'present']
 ['7' '269.6246540551758' 'marauded']
 ['13' '271.62960300740457' 'presentdestroyed']
 ['20' '279.56325398138256' 'present']
 ['7' '283.5899621090819' 'present']
 ['6' '285.4677641741666' 'present']
 ['20' '286.12093833865544' 'present']
 ['10' '297.78405853233596' 'present']
 ['8' '310.4036159070649' 'present']
 ['6' '317.38938337814034' 'marauded']
 ['12' '340.53675512594583' 'present']
 ['12' '342.0401794113496' 'marauded']
 ['1' '347.2195233514293' 'presentdestroyed']]","[['F169' '52.864983650385035' 'absent']
 ['F138' '81.0438365316806' 'mated']
 ['F156' '119.34353682862621' 'mated']
 ['F105' '119.88166633918772' 'mated']
 ['F180' '124.20664525462203' 'mated']
 ['F176' '183.68956865639075' 'mated']
 ['F206' '215.7700766961496' 'absent']
 ['F39' '256.18564721186266' 'mated']
 ['F91' '283.8151709989576' 'mated']
 ['F197' '294.8040527022399' 'mated']]",563.0,72.1795563900536,14.753589236292528,1404.0,239.38201183459182,51.80532129018148,296.0,48.603354035064385,10.194648483622446,0.0,0.0,0.0,0.0,0.0,0.0
20,0.054,8,360.3730733976671,"[['7' '8.656412439182674' 'present']
 ['18' '14.70797512078814' 'present']
 ['7' '17.6928606675221' 'marauded']
 ['17' '18.549388436255473' 'destroyed']
 ['1' '28.621363311884778' 'present']
 ['8' '29.564045896143416' 'present']
 ['0' '30.764690652145838' 'marauded']
 ['17' '34.96876156081051' 'presentdestroyed']
 ['14' '38.12900484704279' 'destroyed']
 ['12' '41.087448765525245' 'marauded']
 ['17' '41.57409583699221' 'presentdestroyed']
 ['1' '44.76679603352865' 'presentdestroyed']
 ['8' '55.01581395949374' 'present']
 ['13' '67.1141716421012' 'present']
 ['3' '72.22301633287434' 'present']
 ['1' '83.95109854122468' 'marauded']
 ['18' '86.2348051778785' 'destroyed']
 ['8' '91.87487562476457' 'present']
 ['5' '108.97588665212005' 'present']
 ['14' '116.65939016548985' 'present']
 ['7' '121.26104295101042' 'marauded']
 ['1' '125.3816390343294' 'presentdestroyed']
 ['13' '140.11927378045277' 'marauded']
 ['18' '151.8607894475855' 'present']
 ['5' '157.76733125066076' 'present']
 ['1' '158.84837046490767' 'marauded']
 ['13' '160.4749335110489' 'presentdestroyed']
 ['10' '167.67988576514384' 'present']
 ['6' '174.68572000583697' 'present']
 ['13' '239.2383969650396' 'marauded']
 ['5' '247.06276515577417' 'marauded']
 ['7' '283.39121511976987' 'present']
 ['5' '286.53787386776736' 'present']
 ['6' '293.98309306297983' 'marauded']
 ['17' '298.1310746376686' 'destroyed']
 ['0' '306.1873612700671' 'present']
 ['8' '310.1474359957621' 'present']
 ['5' '319.31964663220145' 'present']
 ['7' '328.8761755658001' 'marauded']
 ['7' '347.75566166592273' 'present']
 ['7' '356.55102132526645' 'marauded']]","[['F160' '29.339203769776926' 'absent']
 ['F74' '88.94561189969762' 'absentdestroyed']
 ['F140' '112.51560899688668' 'mated']
 ['F7' '152.97438117648448' 'mated']
 ['F3' '209.85891938005068' 'mated']
 ['F207' '212.2125387765172' 'mated']
 ['F206' '215.83952114059406' 'mated']
 ['F86' '219.75957750930368' 'mated']
 ['F166' '231.1962084669677' 'mated']
 ['F127' '243.28494594649362' 'absentdestroyed']
 ['F37' '344.44666042014853' 'mated']]",560.0,71.85905057346419,15.361709582406416,1231.0,212.67659022770303,46.11284201827366,393.0,70.33809848097067,15.447355656950283,14.0,1.4000000000000001,0.14000000000000007,84.0,3.888888888888888,0.18004115226337425
21,0.0,6,359.95265010093703,"[['20' '5.298248020230552' 'present']
 ['6' '12.87557256661394' 'present']
 ['10' '16.118497705872297' 'present']
 ['6' '21.165948533281316' 'present']
 ['17' '23.01301886610859' 'marauded']
 ['1' '34.19136312003396' 'present']
 ['17' '43.954276875695825' 'present']
 ['17' '49.025502561800714' 'present']
 ['5' '55.25574648112448' 'present']
 ['6' '79.2981245382798' 'marauded']
 ['18' '80.36784627586593' 'presentdestroyed']
 ['18' '83.04686713388519' 'destroyed']
 ['13' '90.13301902857327' 'present']
 ['10' '95.00817253359583' 'present']
 ['5' '95.92952787712619' 'present']
 ['12' '119.78270156501159' 'marauded']
 ['3' '122.36624565820529' 'presentdestroyed']
 ['18' '122.85914424852645' 'presentdestroyed']
 ['18' '132.804506511891' 'present']
 ['8' '136.9807774035638' 'marauded']
 ['1' '178.28739895397717' 'present']
 ['12' '185.62736011952006' 'marauded']
 ['13' '187.1394596678805' 'destroyed']
 ['0' '191.57662881281584' 'presentdestroyed']
 ['1' '197.45878338538384' 'present']
 ['0' '208.00060973402591' 'present']
 ['18' '210.1605358874404' 'present']
 ['13' '212.7255892821746' 'present']
 ['0' '213.03468798571134' 'present']
 ['10' '221.80699292002228' 'present']
 ['20' '235.79423893166475' 'present']
 ['3' '238.2320197760722' 'present']
 ['18' '244.56272967309414' 'marauded']
 ['0' '280.2780754344684' 'present']
 ['20' '282.282062284326' 'present']
 ['18' '295.7728445174124' 'marauded']
 ['7' '300.98655370422705' 'presentdestroyed']
 ['7' '316.03876924970984' 'present']
 ['14' '317.4882749732421' 'present']
 ['14' '321.3393533614313' 'present']
 ['13' '323.1486601232036' 'present']
 ['8' '327.1280112590717' 'present']
 ['5' '333.15940089471206' 'present']
 ['8' '337.1390976846603' 'present']
 ['8' '344.9015604013256' 'marauded']
 ['6' '353.33545540405663' 'marauded']]","[['F203' '1.0127917382644356' 'absent']
 ['F169' '52.88813179853318' 'mated']
 ['F44' '83.15761223055824' 'destroyed']
 ['F47' '104.83567225437453' 'absent']
 ['F151' '163.43460429228338' 'mated']
 ['F193' '168.73948745113083' 'mated']
 ['F214' '173.13911041473187' 'mated']
 ['F25' '176.05448271459835' 'absent']
 ['F205' '190.63622878825691' 'destroyed']
 ['F5' '190.75686989219503' 'absentdestroyed']
 ['F68' '191.8608930734418' 'destroyed']
 ['F206' '215.8163729924459' 'absent']
 ['F50' '221.4818186816447' 'mated']
 ['F125' '242.18879315009013' 'mated']
 ['F43' '301.8281501300042' 'absentdestroyed']
 ['F168' '302.30087786405727' 'destroyed']]",568.0,70.23425184627553,14.396061819849425,1384.0,234.8142367360322,50.751372383439836,317.0,55.078500866172064,12.181038201579105,0.0,0.0,0.0,0.0,0.0,0.0
22,0.0,14,360.16478163287894,"[['6' '0.16718795972725173' 'present']
 ['14' '2.067667309406217' 'present']
 ['6' '5.648539903487263' 'present']
 ['7' '8.514486763171451' 'present']
 ['3' '13.437881217087249' 'present']
 ['5' '15.086365612399593' 'marauded']
 ['8' '21.992720704131358' 'presentdestroyed']
 ['8' '28.984425485453407' 'present']
 ['1' '45.1653115623371' 'present']
 ['12' '48.16582237449183' 'present']
 ['20' '56.114147557055' 'marauded']
 ['3' '60.42733358366913' 'destroyed']
 ['3' '73.77635459938286' 'present']
 ['0' '98.21393095647879' 'present']
 ['20' '111.5094121208984' 'marauded']
 ['17' '113.79276984045656' 'presentdestroyed']
 ['1' '129.54708788845824' 'present']
 ['5' '140.84939787989543' 'present']
 ['10' '147.51373443086808' 'present']
 ['6' '148.43730435173654' 'marauded']
 ['20' '153.92599505195764' 'presentdestroyed']
 ['1' '158.28555728375662' 'present']
 ['3' '171.86195433087155' 'present']
 ['10' '176.49701866794064' 'present']
 ['1' '186.96225018260466' 'marauded']
 ['0' '194.5495232171323' 'present']
 ['14' '230.4578067799297' 'present']
 ['14' '231.1415422908033' 'present']
 ['12' '236.02026634865373' 'present']
 ['5' '237.4203140851129' 'present']
 ['12' '238.69648817854988' 'present']
 ['8' '239.1598740109571' 'marauded']
 ['5' '242.8093004400577' 'presentdestroyed']
 ['0' '250.35141034631502' 'present']
 ['10' '254.39021091647842' 'present']
 ['12' '254.7868178568222' 'present']
 ['0' '270.1557170964685' 'present']
 ['13' '271.58330671110826' 'present']
 ['12' '272.7773250327074' 'present']
 ['10' '273.4063899677781' 'present']
 ['7' '275.6392142856595' 'marauded']
 ['17' '278.9043991243255' 'presentdestroyed']
 ['3' '289.1557628224654' 'present']
 ['14' '289.86564677095004' 'present']
 ['13' '298.5617889927998' 'present']
 ['6' '311.01161412130125' 'present']
 ['6' '312.23790556069014' 'present']
 ['20' '324.05760262704376' 'present']
 ['20' '346.1834247454375' 'marauded']
 ['14' '348.17854228376825' 'presentdestroyed']]","[['F150' '30.929201947124707' 'mated']
 ['F77' '33.17087380560152' 'absent']
 ['F51' '73.09126433726466' 'absent']
 ['F44' '83.1807603787064' 'absent']
 ['F17' '88.56676931532527' 'absent']
 ['F141' '95.8688143221046' 'absent']
 ['F148' '97.22971243566388' 'mated']
 ['F119' '103.26511422418729' 'mated']
 ['F211' '127.90049394959293' 'mated']
 ['F26' '129.68008754353272' 'mated']
 ['F153' '142.92343669320866' 'absent']
 ['F75' '144.28399971370328' 'mated']
 ['F15' '164.94587080948148' 'mated']
 ['F123' '178.40144086919025' 'mated']
 ['F24' '179.16919080638252' 'mated']
 ['F152' '180.77166060831416' 'mated']
 ['F143' '198.4849785291766' 'mated']
 ['F28' '207.53337007758142' 'mated']
 ['F32' '235.34879221476334' 'mated']
 ['F100' '241.067207626815' 'destroyed']
 ['F36' '248.1628657555895' 'mated']]",559.0,67.49941073807236,13.7675416923551,1397.0,244.18677869890075,53.38729999017603,280.0,48.59985971194068,10.807152856715005,0.0,0.0,0.0,0.0,0.0,0.0
23,0.0,10,360.6588385796772,"[['0' '8.222567201797608' 'present']
 ['14' '21.753644911491175' 'present']
 ['0' '24.404331507432463' 'present']
 ['8' '28.4643504149453' 'present']
 ['10' '30.492977341692672' 'present']
 ['7' '31.785641174960016' 'present']
 ['12' '49.534210776563725' 'present']
 ['0' '53.47269833050458' 'present']
 ['13' '73.53837027442378' 'present']
 ['7' '78.34451978796918' 'marauded']
 ['10' '85.36961656385233' 'presentdestroyed']
 ['8' '85.4641432681655' 'presentdestroyed']
 ['8' '93.51037363976675' 'present']
 ['12' '95.08256952275332' 'present']
 ['7' '98.26371203186835' 'present']
 ['13' '103.10881862896079' 'present']
 ['5' '106.03683670927593' 'present']
 ['3' '122.50696424560961' 'present']
 ['1' '123.17900866413673' 'marauded']
 ['17' '123.702568296874' 'presentdestroyed']
 ['3' '138.2717648601206' 'marauded']
 ['5' '168.426370609681' 'present']
 ['0' '172.6966917688563' 'present']
 ['1' '177.9003796206439' 'present']
 ['8' '178.30978571736478' 'present']
 ['13' '181.15973656279678' 'present']
 ['12' '183.74411619474807' 'present']
 ['7' '184.5899106684377' 'present']
 ['6' '204.94958881617208' 'marauded']
 ['5' '217.47167486311636' 'marauded']
 ['18' '219.26619699875556' 'presentdestroyed']
 ['10' '234.99259042765794' 'present']
 ['1' '257.47099696915546' 'present']
 ['6' '265.61226384640486' 'marauded']
 ['18' '268.4284442925795' 'presentdestroyed']
 ['8' '278.1967613653123' 'present']
 ['13' '299.55440610841157' 'present']
 ['7' '301.57495127900785' 'present']
 ['14' '305.8899134205173' 'present']
 ['20' '311.03658355660474' 'present']
 ['6' '311.18016336488523' 'present']
 ['20' '312.7240884655638' 'present']
 ['20' '327.1507103656998' 'present']
 ['13' '336.5866995374009' 'present']
 ['3' '356.5073833948956' 'present']
 ['6' '357.81006589196033' 'present']]","[['F128' '6.119493941962186' 'mated']
 ['F167' '63.920329988636006' 'mated']
 ['F124' '86.66270894191304' 'mated']
 ['F101' '116.720914898046' 'mated']
 ['F53' '134.1278208242415' 'mated']
 ['F57' '149.02483854749602' 'mated']
 ['F1' '187.73663235534536' 'absent']
 ['F16' '189.47364776343346' 'mated']
 ['F161' '256.4061680199776' 'mated']
 ['F199' '257.0785599096991' 'mated']
 ['F103' '280.6849964845003' 'mated']
 ['F198' '303.4861005361346' 'absent']]",558.0,72.84415384844858,16.531635812503552,1487.0,250.59909372346473,53.513377421979456,210.0,36.675026208919164,7.942672136318,0.0,0.0,0.0,0.0,0.0,0.0
