id,probability_maraud,successful_mating,next_foraging_time,mar_attempts,mate_attempts,foraging_events,foraging_hrs,foraging_sqhrs,staying_events,staying_hrs,staying_sqhrs,repairing_events,repairing_hrs,repairing_sqhrs,marauding_events,marauding_hrs,marauding_sqhrs,traveling_events,traveling_hrs,traveling_sqhrs
0,0.054,6,360.2461136967399,"[['12' '0.1463748842975298' 'present']
 ['15' '0.5312269013490845' 'present']
 ['22' '0.7468979201531023' 'marauded']
 ['19' '5.346986934817163' 'presentdestroyed']
 ['15' '26.21067777426598' 'present']
 ['13' '33.51792253364977' 'marauded']
 ['7' '39.762577040556984' 'presentdestroyed']
 ['17' '42.835356028156774' 'present']
 ['9' '43.28348956749648' 'present']
 ['12' '51.76978485330679' 'present']
 ['20' '55.6209307554221' 'present']
 ['13' '61.52012481301962' 'present']
 ['21' '64.63862133473923' 'present']
 ['1' '74.64573546900202' 'present']
 ['14' '102.21723159444609' 'present']
 ['18' '104.36511261639424' 'present']
 ['9' '108.04538932255853' 'present']
 ['20' '111.3997446952009' 'present']
 ['1' '119.8066098304577' 'present']
 ['13' '129.48455483329442' 'present']
 ['4' '136.06572925686172' 'present']
 ['4' '140.28232999204818' 'present']
 ['7' '150.84195384650994' 'present']
 ['1' '152.26746859034768' 'present']
 ['15' '158.40638356229815' 'marauded']
 ['13' '158.44484343843453' 'destroyed']
 ['18' '160.22095521218898' 'presentdestroyed']
 ['22' '187.5963174480336' 'present']
 ['14' '187.62877727966125' 'present']
 ['22' '188.01394587922073' 'marauded']
 ['7' '207.2503792196692' 'present']
 ['17' '216.72141688850394' 'marauded']
 ['2' '221.08143425601858' 'presentdestroyed']
 ['14' '225.7588956884801' 'present']
 ['12' '225.87375800188877' 'present']
 ['2' '229.46999574915316' 'present']
 ['17' '239.99073469510185' 'marauded']
 ['1' '242.9452818729808' 'presentdestroyed']
 ['3' '251.48064102470298' 'present']
 ['22' '253.62530953424678' 'present']
 ['4' '255.06591446064377' 'marauded']
 ['21' '266.5140457489103' 'present']
 ['15' '268.58068821069554' 'present']
 ['9' '271.7037605044245' 'present']
 ['18' '273.2067859837284' 'present']
 ['21' '287.50201499220844' 'present']
 ['4' '289.5488995638304' 'present']
 ['13' '299.0155661168802' 'marauded']
 ['14' '313.3559531342475' 'marauded']
 ['22' '314.97011912415957' 'destroyed']
 ['18' '317.5337764969984' 'presentdestroyed']
 ['2' '327.835598745201' 'present']
 ['22' '340.5182282908079' 'present']
 ['3' '348.8491894444083' 'marauded']
 ['12' '353.03933939145236' 'presentdestroyed']
 ['3' '357.57011223870614' 'present']]","[['F201' '48.27676456097441' 'mated']
 ['F77' '85.45944547137246' 'mated']
 ['F34' '143.10064668008263' 'mated']
 ['F162' '154.43113123732002' 'absent']
 ['F200' '159.96386975447908' 'destroyed']
 ['F4' '164.87656231301452' 'absentdestroyed']
 ['F178' '195.13147924529517' 'absentdestroyed']
 ['F6' '195.5745805355832' 'mated']
 ['F141' '231.6864004920687' 'absent']
 ['F118' '251.8051596573779' 'absent']
 ['F98' '270.3415566497234' 'mated']
 ['F66' '322.40518285332126' 'mated']]",574.0,71.68333979015559,14.243378877567539,1333.0,222.56708506392778,47.27669700603995,362.0,61.27308155827386,13.045858899771922,10.0,0.9999999999999999,0.10000000000000003,76.0,3.5185185185185177,0.16289437585733868
1,0.054,5,360.5005699104836,"[['7' '0.8360825161003492' 'present']
 ['9' '4.456977344981116' 'present']
 ['13' '15.931826135548938' 'marauded']
 ['20' '18.68891907372793' 'presentdestroyed']
 ['9' '23.057424636099363' 'presentdestroyed']
 ['15' '23.478873219641635' 'destroyed']
 ['14' '24.55393531800885' 'present']
 ['20' '29.361631270835993' 'present']
 ['4' '35.247860502608006' 'present']
 ['15' '36.44809264091159' 'present']
 ['18' '39.01843259973663' 'present']
 ['4' '44.89919254370639' 'present']
 ['9' '46.79926202286249' 'present']
 ['9' '53.313657645402806' 'present']
 ['17' '74.66376690587852' 'marauded']
 ['9' '91.53191850663912' 'marauded']
 ['3' '95.37831952167245' 'presentdestroyed']
 ['15' '97.9576508517979' 'destroyed']
 ['20' '102.85787996722483' 'present']
 ['14' '105.25699893393308' 'present']
 ['3' '125.71009112241852' 'present']
 ['20' '127.2409824320485' 'present']
 ['0' '128.6949118746035' 'present']
 ['19' '130.9196011638045' 'present']
 ['14' '132.0157376889826' 'present']
 ['13' '132.45382736556883' 'present']
 ['16' '166.72251624602958' 'present']
 ['17' '167.0796398476939' 'present']
 ['12' '169.84374264186246' 'present']
 ['13' '172.512234225595' 'present']
 ['13' '177.92025793426043' 'present']
 ['16' '181.8742240951459' 'marauded']
 ['3' '186.60714415141294' 'presentdestroyed']
 ['21' '198.8869033796574' 'present']
 ['17' '206.03903233877426' 'present']
 ['21' '208.098896449412' 'present']
 ['9' '211.48881081706497' 'marauded']
 ['19' '213.0620780317561' 'presentdestroyed']
 ['18' '217.99607016136133' 'presentdestroyed']
 ['7' '224.10063794305958' 'present']
 ['7' '228.78083194906932' 'present']
 ['21' '255.91827372033677' 'marauded']
 ['15' '256.83344239065076' 'presentdestroyed']
 ['18' '257.47578596555945' 'presentdestroyed']
 ['7' '276.3210747359703' 'marauded']
 ['14' '280.1425139674685' 'presentdestroyed']
 ['4' '281.67844859159476' 'presentdestroyed']
 ['9' '281.84774692853' 'presentdestroyed']
 ['17' '290.18748340504635' 'marauded']
 ['7' '292.27178454405043' 'presentdestroyed']
 ['16' '301.55606587246774' 'present']
 ['7' '306.95228830832104' 'marauded']
 ['7' '307.0985846046174' 'presentdestroyed']
 ['9' '325.69143667574804' 'present']
 ['14' '325.7617133406411' 'present']
 ['9' '327.43963490542643' 'present']
 ['12' '330.0992953175063' 'present']
 ['3' '330.62387199389394' 'marauded']
 ['21' '331.98634040482153' 'presentdestroyed']
 ['19' '343.6306887533882' 'present']
 ['0' '357.983039168644' 'present']]","[['F106' '74.57790459378928' 'absent']
 ['F23' '92.91839074829112' 'destroyed']
 ['F180' '99.17631508603392' 'mated']
 ['F35' '108.90068983767557' 'mated']
 ['F2' '109.43956765501764' 'absent']
 ['F4' '164.85341416486636' 'absent']
 ['F38' '177.73440867718816' 'mated']
 ['F91' '206.37714728451954' 'mated']
 ['F90' '215.93022978453615' 'destroyed']
 ['F68' '218.36128832062855' 'destroyed']
 ['F128' '224.58068098842386' 'absent']
 ['F118' '251.85145595367422' 'mated']
 ['F28' '257.2228049605927' 'destroyed']
 ['F164' '261.7859025421163' 'destroyed']]",574.0,75.19087978936913,16.933705551479328,1325.0,218.80004757542278,46.00512858737899,359.0,61.42064660754617,13.10855731496879,10.0,0.9999999999999999,0.10000000000000003,78.0,3.6111111111111103,0.16718106995884757
2,0.054,12,360.41755343986233,"[['0' '13.431561224750503' 'present']
 ['13' '17.229097055975714' 'marauded']
 ['0' '26.62365921268033' 'present']
 ['15' '30.900457879687888' 'present']
 ['19' '64.19749195176963' 'present']
 ['13' '64.46078772373238' 'present']
 ['15' '66.5849599586986' 'present']
 ['1' '71.00558937853287' 'present']
 ['19' '88.70138598656891' 'marauded']
 ['20' '90.69132813066618' 'presentdestroyed']
 ['13' '94.05179631966847' 'presentdestroyed']
 ['16' '104.11582314632369' 'present']
 ['9' '106.30111048536715' 'present']
 ['18' '106.8750124157394' 'present']
 ['20' '107.29571395029902' 'present']
 ['16' '126.17650217188634' 'present']
 ['18' '134.9676301211016' 'present']
 ['15' '146.84593475765192' 'marauded']
 ['16' '159.52223798432877' 'marauded']
 ['20' '160.587561688075' 'presentdestroyed']
 ['4' '164.46377489305243' 'presentdestroyed']
 ['3' '166.19858627566455' 'presentdestroyed']
 ['20' '177.8097682273833' 'marauded']
 ['4' '179.92430431927497' 'destroyed']
 ['0' '180.6079360547278' 'presentdestroyed']
 ['0' '204.64117433257405' 'present']
 ['7' '234.3528353524616' 'present']
 ['1' '246.69819673465824' 'present']
 ['16' '248.69163824165364' 'present']
 ['15' '259.9159947398767' 'present']
 ['7' '290.4620345551225' 'marauded']
 ['0' '291.51612088924816' 'presentdestroyed']
 ['18' '293.8161478512223' 'presentdestroyed']
 ['15' '295.7513803105755' 'presentdestroyed']
 ['12' '311.94781356431974' 'marauded']
 ['9' '315.35988169851674' 'presentdestroyed']
 ['1' '327.9634634092917' 'present']
 ['20' '328.29303055288926' 'present']
 ['13' '334.56660828621307' 'present']
 ['22' '341.3780969182111' 'present']
 ['7' '342.92922785162386' 'present']
 ['12' '343.43101977005625' 'present']
 ['4' '348.574997114061' 'present']
 ['22' '352.9698222446645' 'present']
 ['1' '356.5240778348842' 'marauded']
 ['19' '357.4935494689514' 'presentdestroyed']]","[['F115' '10.971831437411932' 'mated']
 ['F209' '70.15086268939127' 'mated']
 ['F125' '129.78059431903904' 'mated']
 ['F152' '135.4535003555254' 'mated']
 ['F114' '139.10915181320286' 'mated']
 ['F132' '160.2109809295439' 'destroyed']
 ['F110' '166.82841736681294' 'destroyed']
 ['F116' '170.91965769226948' 'mated']
 ['F202' '180.30069576161878' 'destroyed']
 ['F113' '186.4868868851116' 'mated']
 ['F178' '195.15462739344332' 'mated']
 ['F167' '204.87611574739395' 'mated']
 ['F172' '212.2139704182914' 'mated']
 ['F174' '221.84017646798094' 'mated']
 ['F49' '285.5073918844944' 'mated']]",569.0,72.54705630207006,14.905961875574539,1413.0,237.3954140537988,50.902548400724065,278.0,45.34077493790507,9.495045926400707,12.0,1.2,0.12000000000000005,78.0,3.6111111111111103,0.16718106995884757
3,0.054,13,360.5583125004101,"[['21' '3.4857844803999534' 'present']
 ['18' '12.107817051328821' 'present']
 ['22' '16.32325380404799' 'marauded']
 ['9' '34.73095081409493' 'present']
 ['13' '35.056964137109105' 'present']
 ['7' '39.135023993722115' 'marauded']
 ['14' '39.588411513637375' 'presentdestroyed']
 ['20' '40.93409810187066' 'destroyed']
 ['1' '60.7765915530979' 'present']
 ['16' '62.78565667336786' 'present']
 ['1' '62.793130172280044' 'present']
 ['2' '72.7428968686043' 'marauded']
 ['13' '76.41204195177082' 'presentdestroyed']
 ['18' '94.70559932406985' 'present']
 ['9' '104.9151077736469' 'marauded']
 ['1' '106.62011086953311' 'presentdestroyed']
 ['17' '110.48984748753982' 'presentdestroyed']
 ['16' '116.32386863160052' 'marauded']
 ['1' '117.69435732317176' 'presentdestroyed']
 ['2' '122.37946103661868' 'presentdestroyed']
 ['19' '123.45392224310672' 'presentdestroyed']
 ['20' '128.0526725155472' 'present']
 ['19' '128.48438383869555' 'present']
 ['19' '128.53068013499185' 'present']
 ['1' '139.444079241444' 'present']
 ['21' '156.94839341425381' 'marauded']
 ['17' '170.0694914599001' 'present']
 ['13' '174.00572549099007' 'present']
 ['15' '175.8678419419071' 'marauded']
 ['19' '178.38624598939487' 'presentdestroyed']
 ['13' '182.29442710198552' 'presentdestroyed']
 ['18' '183.3806250275897' 'present']
 ['4' '191.6141942228604' 'present']
 ['12' '192.56022086070865' 'present']
 ['12' '216.88619190846734' 'present']
 ['21' '237.9263982587934' 'marauded']
 ['7' '246.20709531015697' 'present']
 ['13' '255.18172250500146' 'present']
 ['22' '263.002731333543' 'present']
 ['14' '267.24706006685125' 'present']
 ['7' '270.07312733095756' 'present']
 ['1' '270.3465963326142' 'present']
 ['9' '292.14965675343933' 'marauded']
 ['17' '296.19068611884467' 'presentdestroyed']
 ['1' '298.9871336018285' 'presentdestroyed']
 ['22' '307.5882683571347' 'present']
 ['14' '332.3601560720643' 'present']]","[['F18' '2.207859612676312' 'mated']
 ['F168' '90.77491661749916' 'mated']
 ['F2' '109.41641950686949' 'destroyed']
 ['F60' '111.67413236242402' 'absentdestroyed']
 ['F71' '128.87686172497897' 'mated']
 ['F9' '174.8328370865573' 'mated']
 ['F186' '176.4457653865315' 'destroyed']
 ['F167' '204.82981945109765' 'absent']
 ['F51' '222.36677084020516' 'mated']
 ['F171' '233.17245273267758' 'mated']
 ['F120' '233.68471069206979' 'mated']
 ['F185' '246.34606097340844' 'mated']
 ['F183' '255.1097601924241' 'mated']
 ['F3' '256.1919968949408' 'mated']
 ['F204' '257.82536657137973' 'mated']
 ['F0' '259.1859315621092' 'mated']
 ['F92' '304.6723098176762' 'mated']]",567.0,70.92682070098567,14.143753575074086,1342.0,229.3913591852339,49.54768301624422,325.0,55.03564446467675,11.69867534617523,10.0,0.9999999999999999,0.10000000000000003,83.0,3.8425925925925917,0.1778978052126198
4,0.054,10,360.2203869810898,"[['22' '7.453202849007215' 'present']
 ['13' '11.72975686219224' 'present']
 ['17' '12.466773719365037' 'marauded']
 ['21' '15.519469055080835' 'destroyed']
 ['19' '19.80224583473442' 'marauded']
 ['20' '26.28152908097093' 'presentdestroyed']
 ['2' '26.6994999246607' 'presentdestroyed']
 ['17' '55.07764841719216' 'present']
 ['21' '56.42646209578223' 'present']
 ['2' '58.038015863888' 'present']
 ['14' '60.06598557202261' 'present']
 ['1' '68.27164795874151' 'present']
 ['18' '81.08585943867259' 'present']
 ['16' '84.12290047549997' 'present']
 ['12' '84.46213583703117' 'present']
 ['20' '85.2089015312308' 'present']
 ['3' '95.66470566995324' 'present']
 ['17' '96.35459767310901' 'present']
 ['0' '105.93487533898512' 'present']
 ['17' '106.29240175892889' 'present']
 ['19' '107.33244406388485' 'marauded']
 ['9' '119.86997631143154' 'present']
 ['18' '123.21867167218441' 'present']
 ['2' '124.4518113039637' 'present']
 ['2' '133.69823535649425' 'present']
 ['0' '135.5518701909393' 'present']
 ['7' '146.37093309038758' 'present']
 ['3' '146.6240450920712' 'present']
 ['13' '164.92185970817525' 'marauded']
 ['21' '193.595278110924' 'present']
 ['12' '199.32855697967523' 'marauded']
 ['0' '214.45748265076912' 'present']
 ['18' '215.51104550985386' 'present']
 ['16' '232.7913233094051' 'present']
 ['1' '232.9022087724572' 'present']
 ['2' '241.42717385396404' 'present']
 ['22' '245.35392445673588' 'present']
 ['12' '248.01637758374883' 'present']
 ['2' '254.9480190799315' 'present']
 ['16' '258.94034669647255' 'present']
 ['14' '261.2668433981523' 'marauded']
 ['14' '267.96775509426453' 'presentdestroyed']
 ['18' '269.23266082378217' 'marauded']
 ['16' '277.1108471853778' 'present']
 ['17' '295.4020299735884' 'present']
 ['22' '299.92384535239984' 'present']
 ['15' '300.501821330136' 'present']
 ['2' '308.60260043883954' 'present']
 ['18' '313.23464695932984' 'present']
 ['7' '317.96946200578014' 'present']
 ['16' '325.6376937270567' 'present']
 ['19' '330.3459983537874' 'present']
 ['2' '332.09907735482847' 'marauded']]","[['F166' '45.06708473400351' 'mated']
 ['F106' '74.60105274193744' 'mated']
 ['F77' '85.43629732322431' 'absent']
 ['F151' '101.43691796060988' 'mated']
 ['F60' '111.62783606612771' 'destroyed']
 ['F195' '132.6428520002841' 'absent']
 ['F190' '145.80932096970403' 'mated']
 ['F110' '166.87471366310925' 'destroyed']
 ['F127' '173.3570292478284' 'mated']
 ['F9' '174.80968893840915' 'absent']
 ['F159' '186.80387232995304' 'mated']
 ['F69' '191.9967147390817' 'mated']
 ['F25' '201.50125899719384' 'destroyed']
 ['F1' '232.67258468685577' 'absent']
 ['F65' '239.95925067009426' 'absent']
 ['F96' '242.9969728791219' 'mated']
 ['F17' '257.80797905953233' 'mated']
 ['F84' '301.0538608774837' 'mated']]",567.0,70.8566870704927,15.492412067710706,1392.0,234.49747138466927,50.38779714381779,278.0,49.55734983474179,11.362647000844932,11.0,1.0999999999999999,0.11000000000000004,87.0,4.027777777777777,0.1864711934156376
5,0.0,7,360.12197214802956,"[['1' '6.367426913281548' 'present']
 ['14' '7.458922158983118' 'present']
 ['18' '17.453397791252854' 'present']
 ['14' '57.13980186852589' 'present']
 ['0' '63.08508085680045' 'present']
 ['4' '64.19179844017975' 'present']
 ['13' '64.20281264872162' 'present']
 ['15' '69.07617523483279' 'present']
 ['16' '71.62639745709137' 'present']
 ['18' '78.03398660106488' 'present']
 ['12' '83.71374833902222' 'present']
 ['2' '84.89279250659169' 'marauded']
 ['19' '87.8532542141874' 'presentdestroyed']
 ['4' '102.19843352731888' 'present']
 ['4' '104.46582061546181' 'present']
 ['16' '104.935691939286' 'present']
 ['22' '106.41220951124753' 'present']
 ['14' '107.8738083257682' 'present']
 ['22' '115.94306246283296' 'present']
 ['2' '125.23890583100696' 'present']
 ['18' '125.45578600942216' 'marauded']
 ['22' '142.2820329205501' 'marauded']
 ['4' '143.1127545647195' 'presentdestroyed']
 ['13' '148.1816961250758' 'presentdestroyed']
 ['3' '152.36672834945603' 'present']
 ['1' '170.80086454564167' 'present']
 ['15' '183.52450297831552' 'marauded']
 ['3' '191.5135123029113' 'present']
 ['19' '192.67287078811736' 'marauded']
 ['14' '195.0405458490529' 'presentdestroyed']
 ['20' '207.0518979703548' 'marauded']
 ['12' '213.19970208795579' 'presentdestroyed']
 ['18' '225.22503646581106' 'present']
 ['7' '229.89543489050354' 'present']
 ['13' '231.15753445735734' 'present']
 ['2' '240.18973013494355' 'present']
 ['17' '241.4808429201995' 'present']
 ['2' '255.2333390077614' 'marauded']
 ['15' '258.332380448515' 'presentdestroyed']
 ['22' '259.80237590774465' 'presentdestroyed']
 ['16' '265.7484327531906' 'marauded']
 ['12' '271.6399746872328' 'presentdestroyed']
 ['19' '297.41664051911766' 'present']
 ['13' '309.1125506761333' 'present']
 ['12' '311.12111125365595' 'present']
 ['9' '311.4908802251895' 'present']
 ['4' '314.31649122663873' 'present']
 ['4' '317.7303777959918' 'present']
 ['7' '322.24045362936135' 'present']
 ['20' '328.6975336854092' 'marauded']
 ['19' '336.556472697482' 'present']
 ['20' '338.5907383519753' 'present']
 ['14' '338.93943479377873' 'marauded']
 ['1' '343.26654744657355' 'presentdestroyed']
 ['14' '345.0304241567906' 'presentdestroyed']
 ['14' '351.01700469689257' 'present']
 ['17' '357.3562482722811' 'present']
 ['9' '359.1621639435791' 'present']]","[['F2' '109.46271580316579' 'mated']
 ['F21' '115.63291450494496' 'mated']
 ['F11' '123.36530714413337' 'mated']
 ['F195' '132.5965557039878' 'destroyed']
 ['F57' '185.1202671025763' 'destroyed']
 ['F159' '186.75757603365673' 'destroyed']
 ['F36' '195.55976597963647' 'absentdestroyed']
 ['F78' '196.12641831755067' 'destroyed']
 ['F42' '228.84048325387317' 'mated']
 ['F206' '237.54079938851535' 'mated']
 ['F109' '242.9532271585086' 'mated']
 ['F7' '265.0468984401572' 'mated']
 ['F66' '322.35888655702496' 'absent']]",553.0,72.54147091059812,15.467847337259567,1357.0,226.86275799664654,48.50560039076983,358.0,60.79945030948268,13.272018386833768,0.0,0.0,0.0,0.0,0.0,0.0
6,0.0,7,360.21641763599837,"[['17' '5.839978347201273' 'present']
 ['7' '13.015673409684311' 'marauded']
 ['2' '15.25014518573882' 'presentdestroyed']
 ['4' '41.20703241617445' 'marauded']
 ['9' '43.345692897742516' 'presentdestroyed']
 ['1' '57.02777605919331' 'present']
 ['0' '73.2750550648663' 'present']
 ['19' '74.16845337590861' 'marauded']
 ['0' '75.43634995654163' 'presentdestroyed']
 ['0' '77.01563914708056' 'presentdestroyed']
 ['16' '84.07660417920367' 'present']
 ['20' '86.25384125754124' 'present']
 ['17' '94.41224124462254' 'present']
 ['4' '95.00845201248346' 'marauded']
 ['14' '104.20195785866512' 'marauded']
 ['19' '109.50901411337331' 'presentdestroyed']
 ['0' '114.02249613298048' 'marauded']
 ['4' '125.69769682020286' 'present']
 ['0' '128.8595219652138' 'present']
 ['15' '136.89808448937518' 'marauded']
 ['12' '145.9283718592555' 'present']
 ['19' '146.7528709075769' 'present']
 ['0' '153.16448671568472' 'present']
 ['16' '156.52220244182632' 'present']
 ['17' '158.86724651465897' 'present']
 ['7' '159.11794436222587' 'present']
 ['18' '160.07137769297458' 'present']
 ['12' '161.98354580178008' 'present']
 ['18' '171.2842414133014' 'present']
 ['19' '176.95005716937231' 'marauded']
 ['1' '181.42740605078598' 'presentdestroyed']
 ['14' '181.88343232207941' 'destroyed']
 ['13' '182.43750878964786' 'presentdestroyed']
 ['3' '185.88421682564334' 'marauded']
 ['2' '187.75086657953716' 'presentdestroyed']
 ['4' '190.5864908254642' 'destroyed']
 ['22' '193.94006520991104' 'present']
 ['21' '201.72989191553464' 'present']
 ['14' '203.93252887863264' 'present']
 ['1' '211.49515422154178' 'marauded']
 ['7' '232.38970983312555' 'present']
 ['2' '256.08989617619363' 'present']
 ['22' '259.9924249592245' 'present']
 ['15' '269.10578970623556' 'marauded']
 ['12' '269.4109319917716' 'presentdestroyed']
 ['14' '269.9573980465488' 'presentdestroyed']
 ['21' '272.9886866537023' 'presentdestroyed']
 ['15' '305.6413773556934' 'present']
 ['21' '306.5848812466729' 'present']
 ['9' '311.53717652148583' 'present']
 ['4' '315.07296604270306' 'present']
 ['13' '328.50710958993164' 'present']
 ['22' '344.76347339989763' 'present']]","[['F142' '21.954318439575747' 'mated']
 ['F37' '87.31911309384024' 'mated']
 ['F196' '125.16082775881557' 'mated']
 ['F54' '125.68447074245142' 'mated']
 ['F55' '140.54363578154334' 'destroyed']
 ['F27' '175.54532832473262' 'mated']
 ['F128' '224.60382913657202' 'mated']
 ['F189' '245.40025229551406' 'absent']
 ['F76' '261.5590378823025' 'mated']
 ['F92' '304.6260135213799' 'absent']]",575.0,70.03643693780599,14.102227140559254,1298.0,223.17645781214412,48.38287808933127,393.0,66.9073771142575,14.728548172540199,0.0,0.0,0.0,0.0,0.0,0.0
7,0.054,8,360.4431020152716,"[['20' '3.402013394227713' 'present']
 ['20' '3.9446154765475088' 'present']
 ['21' '7.104556749187874' 'present']
 ['0' '19.81271699094288' 'present']
 ['13' '21.263249580343697' 'marauded']
 ['14' '22.758252684745734' 'presentdestroyed']
 ['21' '50.58327565913352' 'marauded']
 ['4' '51.47765954659726' 'presentdestroyed']
 ['9' '60.101816643204984' 'present']
 ['15' '62.28375788068903' 'present']
 ['3' '66.8973338318087' 'present']
 ['2' '70.87475570133132' 'present']
 ['17' '73.02004412646332' 'present']
 ['9' '80.26529643253602' 'present']
 ['19' '106.2263666324367' 'present']
 ['22' '107.97241788023143' 'present']
 ['12' '109.41465289128335' 'marauded']
 ['0' '114.85666086559705' 'presentdestroyed']
 ['17' '124.90834600817276' 'marauded']
 ['21' '130.7999153319106' 'presentdestroyed']
 ['15' '139.43648202810667' 'present']
 ['20' '159.13014130044613' 'marauded']
 ['17' '161.24083958986463' 'presentdestroyed']
 ['2' '172.55247370716015' 'present']
 ['0' '175.49288812967714' 'present']
 ['16' '182.81041552315173' 'present']
 ['14' '185.47815954238416' 'marauded']
 ['0' '186.4380529422868' 'presentdestroyed']
 ['0' '205.9426651034659' 'present']
 ['20' '208.7047747327007' 'present']
 ['12' '216.65256450009144' 'present']
 ['3' '223.1365179138323' 'present']
 ['13' '238.9012492272947' 'present']
 ['15' '259.962291036173' 'present']
 ['1' '266.4007797326833' 'present']
 ['9' '284.2742892710808' 'present']
 ['19' '290.1485713091659' 'present']
 ['0' '290.7774994181906' 'present']
 ['14' '293.3269468968437' 'present']
 ['19' '295.03041978994537' 'marauded']
 ['0' '295.0560038242655' 'destroyed']
 ['4' '295.3764414421775' 'presentdestroyed']
 ['22' '308.571707774412' 'present']
 ['2' '310.8339012427146' 'present']
 ['14' '320.6533275281615' 'present']
 ['18' '324.80869956450863' 'marauded']
 ['16' '332.0443400596359' 'presentdestroyed']
 ['0' '343.76819325814336' 'marauded']
 ['3' '359.317046652109' 'present']]","[['F130' '108.3725666415946' 'mated']
 ['F54' '125.66132259430327' 'destroyed']
 ['F125' '129.7574461708909' 'destroyed']
 ['F67' '149.76063251919598' 'absent']
 ['F40' '152.32674830208651' 'mated']
 ['F150' '160.556205410095' 'destroyed']
 ['F112' '167.84129226026076' 'mated']
 ['F58' '180.0085201551824' 'mated']
 ['F165' '200.1570899591181' 'mated']
 ['F181' '203.6307387159596' 'mated']
 ['F31' '215.07042247419145' 'mated']
 ['F192' '220.08493247943534' 'absent']
 ['F46' '228.35376841119228' 'absent']
 ['F85' '303.85711887061325' 'mated']
 ['F66' '322.31259026072865' 'absent']]",576.0,69.44358317123968,14.59098875792102,1369.0,229.34945186079898,48.44542642250904,331.0,55.56644857803614,11.799440301188438,19.0,1.9000000000000006,0.1900000000000001,83.0,3.8425925925925917,0.1778978052126198
8,0.0,7,360.7043699357617,"[['12' '3.37778786842991' 'present']
 ['13' '5.757517522174835' 'present']
 ['20' '16.844653217546238' 'present']
 ['0' '21.251047797674833' 'present']
 ['14' '48.3619136744286' 'present']
 ['4' '59.88183071784992' 'present']
 ['0' '68.09467550963251' 'present']
 ['16' '71.67269375338768' 'present']
 ['18' '71.95180377498558' 'present']
 ['14' '73.6256574614476' 'present']
 ['22' '76.15242329655975' 'marauded']
 ['0' '83.67836683716486' 'present']
 ['0' '88.15710016215351' 'present']
 ['9' '98.0528988778023' 'present']
 ['18' '99.37285545346131' 'marauded']
 ['14' '106.81450472434047' 'present']
 ['0' '107.86749630127392' 'present']
 ['16' '116.94270967408875' 'present']
 ['12' '118.23200098698726' 'present']
 ['2' '118.74922115684527' 'present']
 ['18' '119.37088453164756' 'present']
 ['18' '126.62128964817695' 'present']
 ['19' '135.4094547653061' 'marauded']
 ['13' '139.7122857213357' 'presentdestroyed']
 ['19' '149.345092671067' 'marauded']
 ['12' '159.6693271778803' 'present']
 ['1' '165.1774285919325' 'present']
 ['13' '168.5013659132809' 'present']
 ['9' '174.11446822353344' 'present']
 ['1' '175.2648314763206' 'present']
 ['2' '186.75150954844017' 'present']
 ['15' '186.96049086672505' 'present']
 ['13' '189.62158998588157' 'present']
 ['12' '199.16962258417266' 'present']
 ['22' '203.39496691674492' 'present']
 ['16' '210.8227461681545' 'marauded']
 ['2' '218.49053314699137' 'present']
 ['3' '220.04904972417836' 'present']
 ['9' '221.30585248013207' 'present']
 ['2' '221.7109754375909' 'marauded']
 ['7' '230.99658803179585' 'present']
 ['15' '237.74218537210277' 'present']
 ['19' '258.07605799059854' 'present']
 ['13' '270.01687725552256' 'present']
 ['22' '278.6295807874595' 'present']
 ['4' '285.0951391874969' 'present']
 ['2' '285.36005893011753' 'present']
 ['18' '285.49286794787247' 'present']
 ['2' '287.8766202104258' 'present']
 ['19' '295.9201269359204' 'marauded']
 ['3' '301.09920007091864' 'presentdestroyed']
 ['21' '313.77156308491203' 'present']
 ['4' '314.60039160300704' 'present']
 ['17' '322.26528378074335' 'present']
 ['13' '328.6989034318027' 'present']
 ['17' '331.59425746693427' 'marauded']
 ['2' '333.00075828268587' 'presentdestroyed']
 ['20' '339.4163654983803' 'present']
 ['4' '345.4660357483053' 'present']
 ['12' '350.1839363964056' 'present']
 ['15' '351.9812851770201' 'present']
 ['15' '355.0436453487488' 'marauded']
 ['3' '356.8310751588371' 'presentdestroyed']]","[['F214' '52.52425329435406' 'mated']
 ['F53' '80.05835716226701' 'destroyed']
 ['F177' '141.17918564096718' 'destroyed']
 ['F50' '156.9642198093401' 'absentdestroyed']
 ['F187' '163.4151624268758' 'mated']
 ['F4' '164.89971046116267' 'mated']
 ['F133' '166.17458260053843' 'mated']
 ['F57' '185.14341525072444' 'mated']
 ['F203' '199.479142150796' 'absent']
 ['F94' '209.43750020575206' 'mated']
 ['F44' '225.8013683117507' 'destroyed']
 ['F46' '228.37691655934043' 'absentdestroyed']
 ['F61' '294.48264769907144' 'mated']]",569.0,68.54722130053345,14.214901784646619,1433.0,238.79918266008738,50.85797439631873,307.0,52.80812938137198,11.181440405621531,0.0,0.0,0.0,0.0,0.0,0.0
9,0.054,7,360.1009980512943,"[['14' '15.01488346625056' 'marauded']
 ['18' '20.6658031851943' 'presentdestroyed']
 ['22' '20.98308206150224' 'destroyed']
 ['14' '30.074484222097283' 'present']
 ['2' '34.708999339421446' 'marauded']
 ['2' '35.77490673727358' 'presentdestroyed']
 ['1' '37.31571490393375' 'presentdestroyed']
 ['13' '42.181010952247156' 'present']
 ['12' '44.26606385220936' 'present']
 ['7' '45.83846507001958' 'present']
 ['22' '53.5440748146568' 'present']
 ['1' '63.875408030718226' 'marauded']
 ['13' '69.2458079550998' 'destroyed']
 ['22' '71.33723441082145' 'destroyed']
 ['2' '74.88283549569056' 'present']
 ['16' '104.16211944262' 'present']
 ['13' '104.67965712587775' 'present']
 ['22' '140.07748430970193' 'marauded']
 ['18' '156.7680571115856' 'present']
 ['1' '161.76250786639562' 'present']
 ['12' '166.1362181099459' 'marauded']
 ['22' '166.59747294282377' 'presentdestroyed']
 ['19' '178.43254228569117' 'present']
 ['20' '186.68742978845492' 'present']
 ['14' '186.7340323808446' 'present']
 ['21' '190.79278720357067' 'present']
 ['16' '194.28733396791654' 'present']
 ['13' '201.8794503080681' 'present']
 ['2' '202.8968335808888' 'present']
 ['21' '203.24779668575835' 'marauded']
 ['12' '210.15713676741402' 'presentdestroyed']
 ['7' '212.38768376143173' 'present']
 ['22' '224.07259271780455' 'present']
 ['2' '239.72827031376977' 'present']
 ['18' '242.24222181959536' 'present']
 ['1' '245.95849412060326' 'present']
 ['4' '256.09649460029453' 'marauded']
 ['3' '259.5670039940507' 'presentdestroyed']
 ['22' '265.5166051234208' 'present']
 ['12' '272.023716803102' 'marauded']
 ['13' '275.4180246821982' 'presentdestroyed']
 ['21' '276.72131926669675' 'presentdestroyed']
 ['0' '277.7695776483482' 'presentdestroyed']
 ['21' '282.436403529105' 'present']
 ['3' '282.97252981506387' 'present']
 ['4' '283.0640414866037' 'present']
 ['1' '301.36356554975106' 'marauded']
 ['20' '306.59028642273165' 'presentdestroyed']
 ['16' '307.6722193140291' 'presentdestroyed']
 ['2' '311.294987206833' 'present']
 ['21' '320.58536613764403' 'present']
 ['15' '329.75084200259505' 'present']
 ['0' '330.19455987473367' 'present']
 ['1' '340.31020855637644' 'present']
 ['22' '341.1216855367607' 'present']
 ['1' '344.145897159597' 'present']
 ['22' '351.06437859297847' 'present']
 ['2' '355.4799535394572' 'present']]","[['F211' '92.26805411834621' 'absent']
 ['F108' '98.46587401027105' 'mated']
 ['F136' '114.38448569584072' 'absent']
 ['F14' '121.66507304354684' 'mated']
 ['F67' '149.78378066734413' 'mated']
 ['F50' '156.98736795748826' 'mated']
 ['F163' '182.06974096838488' 'mated']
 ['F167' '204.8529675992458' 'destroyed']
 ['F48' '230.83304968738608' 'absent']
 ['F111' '233.9589314360914' 'absent']
 ['F97' '263.9509935662203' 'mated']
 ['F89' '291.44332487351375' 'mated']
 ['F92' '304.64916166952804' 'destroyed']
 ['F66' '322.3357384088768' 'absent']]",568.0,69.06977623073593,14.089543498940365,1335.0,230.90332297970292,50.23623323836474,327.0,55.02318661110248,11.694975629428408,17.0,1.7000000000000004,0.1700000000000001,79.0,3.6574074074074066,0.16932441700960202
10,0.0,12,360.34383964615915,"[['21' '5.471900123518044' 'present']
 ['22' '13.745249093707043' 'present']
 ['15' '23.432576923345337' 'present']
 ['12' '25.72744117231299' 'present']
 ['12' '32.992986271627686' 'present']
 ['21' '49.767782658473116' 'present']
 ['4' '61.35879251270365' 'marauded']
 ['14' '63.96843679923691' 'presentdestroyed']
 ['17' '70.75608921374587' 'marauded']
 ['12' '83.30999454705344' 'present']
 ['16' '84.57165865054291' 'marauded']
 ['19' '88.13579144853709' 'destroyed']
 ['4' '95.15474830877976' 'present']
 ['3' '96.24943964911748' 'present']
 ['17' '106.35983340359869' 'present']
 ['22' '110.99274321968572' 'present']
 ['17' '111.94549579129871' 'present']
 ['7' '119.66027427815428' 'present']
 ['12' '119.84671920600358' 'marauded']
 ['12' '132.66508713903994' 'present']
 ['14' '133.29041784483368' 'marauded']
 ['16' '156.47590614553002' 'present']
 ['7' '182.96705877741707' 'present']
 ['17' '185.35473304765046' 'present']
 ['3' '186.9017116720741' 'present']
 ['4' '188.9298987065004' 'present']
 ['4' '199.31087618498998' 'present']
 ['18' '209.51484062410987' 'present']
 ['2' '211.03356784161036' 'present']
 ['7' '211.17604119677327' 'present']
 ['13' '214.85078858109006' 'present']
 ['21' '215.58888132813385' 'present']
 ['9' '226.16876887831742' 'marauded']
 ['21' '231.6128332455795' 'presentdestroyed']
 ['12' '246.27156270713925' 'present']
 ['4' '249.37418149107077' 'present']
 ['22' '254.48143434787423' 'marauded']
 ['0' '254.59706781807614' 'presentdestroyed']
 ['20' '264.1863669725819' 'present']
 ['0' '267.00598284274906' 'present']
 ['15' '278.11616221217065' 'present']
 ['9' '280.59867782770164' 'present']
 ['4' '291.8241608115153' 'present']
 ['22' '296.0079583733812' 'present']
 ['19' '301.9580576400292' 'present']
 ['13' '303.3260880305029' 'present']
 ['9' '318.1877058454652' 'marauded']
 ['16' '335.3532859315595' 'marauded']
 ['19' '343.4103456324642' 'marauded']
 ['22' '345.0703749019523' 'presentdestroyed']
 ['1' '351.7099294949975' 'present']
 ['17' '356.5921821308792' 'present']
 ['20' '357.811289364666' 'present']
 ['7' '359.69539016800906' 'present']]","[['F134' '55.32646897380467' 'mated']
 ['F53' '80.12780160671147' 'mated']
 ['F158' '109.28903908349946' 'mated']
 ['F153' '116.47956290999267' 'mated']
 ['F32' '118.59098960830474' 'mated']
 ['F104' '131.0281561271379' 'mated']
 ['F126' '133.84914279509127' 'destroyed']
 ['F40' '152.30360015393836' 'absent']
 ['F157' '157.0432143150175' 'mated']
 ['F132' '160.2572772258402' 'mated']
 ['F143' '190.38626261963194' 'mated']
 ['F124' '204.18170273186882' 'mated']
 ['F46' '228.33062026304412' 'destroyed']
 ['F65' '239.98239881824242' 'mated']
 ['F95' '243.66411241274494' 'mated']]",552.0,73.24687150477043,16.834242932336966,1321.0,225.52707288506642,48.86435685981547,368.0,61.27159042942408,13.227692002864558,0.0,0.0,0.0,0.0,0.0,0.0
11,0.0,12,360.255964901281,"[['19' '1.1724949150860773' 'present']
 ['22' '13.382676908017402' 'present']
 ['18' '16.924290031059247' 'present']
 ['18' '18.46913629226343' 'present']
 ['21' '21.23729842346001' 'present']
 ['22' '31.251648905847755' 'present']
 ['4' '37.37642269181784' 'present']
 ['15' '39.64628947187157' 'present']
 ['19' '41.603342772920215' 'present']
 ['20' '45.169196757125015' 'present']
 ['12' '45.70331623786381' 'present']
 ['12' '46.34706125962248' 'present']
 ['20' '71.01419206854808' 'present']
 ['3' '72.16556699058728' 'present']
 ['20' '72.46861278279415' 'marauded']
 ['2' '72.696600572308' 'presentdestroyed']
 ['13' '77.05798178528116' 'destroyed']
 ['9' '87.40214787908795' 'present']
 ['1' '87.5186928183603' 'present']
 ['19' '88.84768228286521' 'present']
 ['4' '99.72788258747501' 'present']
 ['3' '101.91638009535515' 'marauded']
 ['1' '106.85526034289488' 'presentdestroyed']
 ['0' '112.20200847328941' 'present']
 ['18' '114.2009582415741' 'present']
 ['19' '119.7383594396895' 'present']
 ['19' '121.13416430751879' 'present']
 ['0' '127.5852304286004' 'present']
 ['16' '130.06821892378719' 'present']
 ['21' '133.4244177501586' 'marauded']
 ['2' '135.85536554609646' 'presentdestroyed']
 ['22' '146.65625963284353' 'present']
 ['7' '152.44947236263675' 'present']
 ['3' '168.98676879939933' 'present']
 ['22' '187.3811787346919' 'present']
 ['12' '196.3418659641201' 'marauded']
 ['20' '197.87851522749807' 'presentdestroyed']
 ['1' '204.77835287702138' 'present']
 ['22' '215.5672634813405' 'present']
 ['12' '216.93248820476364' 'present']
 ['2' '227.3559435644761' 'present']
 ['20' '228.03036867731038' 'present']
 ['17' '231.7141843225508' 'marauded']
 ['21' '232.32204477141636' 'presentdestroyed']
 ['20' '236.2783222096962' 'destroyed']
 ['2' '236.52563689159376' 'presentdestroyed']
 ['17' '248.9155054266162' 'present']
 ['20' '255.55223075814553' 'present']
 ['22' '271.4648303352415' 'present']
 ['15' '276.54133700930373' 'marauded']
 ['3' '277.937423766228' 'presentdestroyed']
 ['4' '285.0488428912006' 'present']
 ['0' '288.6888148265879' 'present']
 ['20' '288.73140550883505' 'present']
 ['7' '307.44903745484237' 'present']
 ['3' '313.0721166857981' 'present']
 ['4' '317.7766740922881' 'present']
 ['1' '321.42718423953477' 'present']
 ['17' '326.6566127371857' 'marauded']
 ['15' '327.50977674479674' 'presentdestroyed']
 ['4' '327.8324051693402' 'presentdestroyed']
 ['1' '349.5293428613296' 'present']
 ['18' '352.76603883652155' 'present']
 ['20' '356.1153085196613' 'present']]","[['F13' '8.814040322038004' 'mated']
 ['F211' '92.29120226649437' 'mated']
 ['F158' '109.26589093535131' 'destroyed']
 ['F16' '132.00512159878397' 'mated']
 ['F182' '168.19207913567382' 'mated']
 ['F159' '186.78072418180489' 'absent']
 ['F119' '190.79899011663431' 'mated']
 ['F191' '193.75538292420993' 'mated']
 ['F144' '215.8951933060535' 'mated']
 ['F68' '218.3844364687767' 'mated']
 ['F135' '235.52956033700696' 'absentdestroyed']
 ['F65' '239.9361025219461' 'absent']
 ['F161' '245.60884667563516' 'mated']
 ['F105' '254.1533486130178' 'mated']
 ['F146' '283.61592701339515' 'mated']
 ['F137' '303.2046510185242' 'mated']]",582.0,69.72505270272885,13.367452368522283,1461.0,247.85822247678783,53.0510229355723,258.0,42.70773802844804,9.276983268202711,0.0,0.0,0.0,0.0,0.0,0.0
12,0.054,5,360.0819067292757,"[['22' '2.315957588463263' 'present']
 ['19' '4.968366111330249' 'marauded']
 ['1' '6.2748343206889565' 'presentdestroyed']
 ['18' '22.225697370567435' 'present']
 ['1' '25.839389601388792' 'present']
 ['15' '28.434240352521044' 'present']
 ['9' '33.514191038986034' 'present']
 ['17' '43.393508965142566' 'present']
 ['16' '43.65073970728847' 'present']
 ['19' '46.44817663480653' 'present']
 ['3' '59.11711686590419' 'present']
 ['0' '61.945930914717614' 'present']
 ['4' '72.5854945238588' 'present']
 ['14' '73.6719537577439' 'marauded']
 ['21' '82.01694586264853' 'present']
 ['3' '84.62455782867697' 'present']
 ['14' '87.03829084553666' 'marauded']
 ['3' '89.27931523497223' 'presentdestroyed']
 ['21' '92.14143800891843' 'presentdestroyed']
 ['16' '101.382909765085' 'present']
 ['14' '106.98459096600747' 'present']
 ['21' '112.1224318302739' 'present']
 ['15' '132.04231912327717' 'present']
 ['1' '136.3025978630449' 'marauded']
 ['17' '136.65272462104548' 'presentdestroyed']
 ['17' '138.77235403153412' 'presentdestroyed']
 ['4' '143.34249645823132' 'present']
 ['2' '144.11634114435668' 'present']
 ['19' '161.4619451067092' 'present']
 ['17' '163.43186025001629' 'present']
 ['17' '187.64148705781292' 'present']
 ['15' '189.55672450895437' 'present']
 ['3' '191.4184021595659' 'present']
 ['20' '204.8702695173264' 'present']
 ['17' '218.8420536377542' 'present']
 ['18' '226.3503564472511' 'present']
 ['14' '227.2012873540793' 'present']
 ['19' '229.88138919177595' 'marauded']
 ['1' '237.61625557007085' 'present']
 ['7' '248.11190448163737' 'marauded']
 ['13' '259.77731624073067' 'marauded']
 ['16' '260.33336935895' 'presentdestroyed']
 ['16' '265.0648344658482' 'presentdestroyed']
 ['21' '284.5975888703159' 'marauded']
 ['9' '285.861043938531' 'presentdestroyed']
 ['21' '288.2980386579039' 'presentdestroyed']
 ['9' '295.879077354478' 'present']
 ['18' '300.02296029310367' 'present']
 ['20' '306.86889629021596' 'present']
 ['18' '317.7588113378118' 'present']
 ['13' '319.90299811946886' 'present']
 ['7' '321.1371165045496' 'marauded']
 ['14' '324.4155152936388' 'presentdestroyed']
 ['18' '328.08892305399775' 'present']
 ['3' '329.8317445585845' 'present']
 ['15' '330.4723948340004' 'marauded']
 ['2' '338.1593278318503' 'present']
 ['21' '341.3940003987276' 'present']
 ['2' '344.3966294159334' 'present']
 ['2' '345.39891698430085' 'present']
 ['4' '346.69586966871054' 'present']]","[['F13' '8.790892173889855' 'destroyed']
 ['F33' '34.00952023919543' 'mated']
 ['F30' '56.95241734366737' 'mated']
 ['F138' '82.61197161791605' 'mated']
 ['F177' '141.15603749281902' 'destroyed']
 ['F177' '141.20233378911533' 'destroyed']
 ['F200' '159.94072160633092' 'absent']
 ['F68' '218.3381401724804' 'absent']
 ['F46' '228.40006470748858' 'mated']
 ['F120' '233.66156254392163' 'destroyed']
 ['F29' '236.20979960636117' 'destroyed']
 ['F118' '251.78201150922976' 'absentdestroyed']
 ['F76' '261.53588973415435' 'absentdestroyed']
 ['F210' '303.49608417503737' 'mated']]",566.0,68.70965518377783,13.993440320341659,1321.0,224.98216777032053,49.0704526932333,361.0,61.2748781888424,13.379508768560378,14.0,1.4000000000000001,0.14000000000000007,82.0,3.7962962962962954,0.17575445816186536
13,0.054,13,360.05680881731445,"[['22' '12.830288646917962' 'present']
 ['22' '24.389714107501426' 'marauded']
 ['18' '25.888601800586127' 'presentdestroyed']
 ['14' '26.948716232356944' 'presentdestroyed']
 ['16' '30.950003746472593' 'presentdestroyed']
 ['9' '31.213252877017304' 'presentdestroyed']
 ['3' '33.94084186553351' 'present']
 ['2' '35.82120303356987' 'present']
 ['7' '42.14970004093648' 'present']
 ['7' '42.84262774582593' 'present']
 ['7' '45.37523775961172' 'marauded']
 ['1' '56.12915972067464' 'present']
 ['22' '59.659268141138575' 'present']
 ['7' '62.59646746168455' 'present']
 ['4' '75.12481761045296' 'present']
 ['14' '80.07969795257632' 'marauded']
 ['16' '84.52536235424661' 'presentdestroyed']
 ['14' '89.6286039538399' 'present']
 ['18' '92.94106441101037' 'present']
 ['22' '93.9576003142455' 'present']
 ['12' '95.31165049282569' 'marauded']
 ['3' '96.20314335282117' 'presentdestroyed']
 ['19' '96.78820824667142' 'presentdestroyed']
 ['2' '105.0184630232646' 'marauded']
 ['16' '106.49712173629747' 'destroyed']
 ['21' '113.61373722821851' 'present']
 ['4' '118.16934383572392' 'present']
 ['4' '130.266552583449' 'present']
 ['19' '131.67402193932486' 'present']
 ['3' '140.73536479581466' 'present']
 ['7' '148.18567893819394' 'marauded']
 ['22' '150.40100813398416' 'presentdestroyed']
 ['7' '153.51894660443207' 'presentdestroyed']
 ['1' '157.3410329881704' 'present']
 ['17' '161.96288789159536' 'present']
 ['21' '162.9243023951748' 'present']
 ['0' '176.6355410985204' 'present']
 ['16' '176.9093055133171' 'present']
 ['18' '186.93752914203083' 'present']
 ['9' '214.20795630982485' 'present']
 ['14' '217.60615082611434' 'marauded']
 ['14' '231.20074822491725' 'present']
 ['15' '239.23462577354306' 'present']
 ['19' '239.60909230619717' 'marauded']
 ['4' '240.10256633211208' 'destroyed']
 ['15' '256.37477132452165' 'present']
 ['1' '274.90466109721615' 'present']
 ['22' '276.57364619772056' 'marauded']
 ['7' '279.7275683058361' 'presentdestroyed']
 ['19' '286.6028006788953' 'present']
 ['9' '286.9333778656775' 'marauded']
 ['14' '288.91060295309444' 'presentdestroyed']
 ['20' '293.7687902457991' 'presentdestroyed']
 ['21' '297.5991494454181' 'present']
 ['20' '303.8837131450731' 'present']
 ['2' '308.3972397158975' 'present']
 ['4' '327.7861088730439' 'present']
 ['19' '329.2871206195716' 'present']
 ['19' '332.9226529770114' 'present']
 ['18' '338.883193324388' 'present']
 ['15' '341.5610498415785' 'marauded']
 ['9' '342.20617071041283' 'presentdestroyed']
 ['0' '348.47482981522603' 'presentdestroyed']
 ['18' '357.19061813058545' 'present']
 ['22' '357.34420448195687' 'present']
 ['12' '357.42486005122487' 'present']]","[['F197' '60.5369679306225' 'absent']
 ['F73' '74.24619776522907' 'mated']
 ['F87' '119.05686422423429' 'mated']
 ['F47' '122.79545770781493' 'mated']
 ['F19' '135.1440186096843' 'mated']
 ['F45' '147.93511173245298' 'absent']
 ['F110' '166.8515655149611' 'absent']
 ['F72' '167.07114046091186' 'mated']
 ['F202' '180.32384390976694' 'mated']
 ['F24' '187.9123471247881' 'mated']
 ['F203' '199.5254384470923' 'mated']
 ['F1' '232.69573283500392' 'mated']
 ['F185' '246.3229128252603' 'destroyed']
 ['F164' '261.8090506902644' 'mated']
 ['F154' '272.8907356316653' 'mated']
 ['F169' '275.46393436099106' 'mated']
 ['F146' '283.5464825689507' 'destroyed']
 ['F146' '283.592778865247' 'destroyed']
 ['F131' '302.2298885256082' 'mated']]",554.0,72.64573663754751,15.430084554465703,1261.0,215.89168064907744,46.73687982961928,399.0,67.17141014139662,14.161734578730641,12.0,1.2,0.12000000000000005,73.0,3.379629629629629,0.15646433470507534
14,0.054,12,360.37217106176263,"[['16' '0.46567436398852835' 'present']
 ['22' '7.679207340142854' 'present']
 ['0' '9.778713870811998' 'present']
 ['4' '9.808810604650702' 'present']
 ['9' '10.358815099586888' 'present']
 ['12' '53.844998774583615' 'present']
 ['0' '71.04007751316148' 'present']
 ['16' '84.16919677179628' 'present']
 ['21' '92.86655772630922' 'marauded']
 ['16' '94.87710843796678' 'destroyed']
 ['19' '100.06129573719112' 'presentdestroyed']
 ['3' '100.89571250355213' 'present']
 ['18' '108.8857156333786' 'present']
 ['15' '122.8921053250863' 'present']
 ['2' '134.71272066599994' 'present']
 ['21' '135.15166294327108' 'present']
 ['3' '136.83077301693461' 'present']
 ['15' '145.10040967799515' 'present']
 ['7' '155.09116957731152' 'marauded']
 ['1' '155.13717094170937' 'destroyed']
 ['21' '166.92080926215274' 'present']
 ['16' '171.09503411550705' 'marauded']
 ['2' '171.73703468252333' 'destroyed']
 ['12' '181.56287439632263' 'present']
 ['22' '187.6426137443299' 'marauded']
 ['20' '187.71180082355747' 'presentdestroyed']
 ['17' '189.75658721975495' 'presentdestroyed']
 ['18' '189.96632258679034' 'presentdestroyed']
 ['16' '197.20729283051594' 'present']
 ['2' '201.5378203832331' 'present']
 ['18' '209.05822793227577' 'present']
 ['21' '213.6410891939607' 'present']
 ['9' '216.0423992181463' 'present']
 ['7' '219.43170019652038' 'present']
 ['7' '228.36381034525883' 'present']
 ['15' '235.0116592140533' 'present']
 ['17' '247.96622395565265' 'present']
 ['20' '248.6051101052404' 'marauded']
 ['16' '252.81134710402847' 'presentdestroyed']
 ['18' '279.904809961718' 'present']
 ['3' '282.87398917024484' 'present']
 ['7' '283.16091727823374' 'present']
 ['0' '289.60642851626835' 'present']
 ['7' '294.779259813624' 'marauded']
 ['22' '303.5708822203766' 'present']
 ['3' '306.1533691139025' 'present']
 ['4' '309.5028746813064' 'present']
 ['3' '323.92976557619625' 'present']
 ['13' '328.9697316501782' 'present']
 ['15' '329.4904636710229' 'present']
 ['2' '338.3072902383804' 'present']
 ['2' '345.35262068800455' 'present']
 ['2' '349.42594562706756' 'present']
 ['7' '352.73093944696984' 'present']]","[['F197' '60.56011607877065' 'absent']
 ['F53' '80.10465345856332' 'absent']
 ['F100' '107.35556598754076' 'mated']
 ['F130' '108.34941849344645' 'absent']
 ['F173' '131.57496176800515' 'mated']
 ['F149' '137.2922564600474' 'mated']
 ['F45' '147.95825988060113' 'mated']
 ['F112' '155.72555151952' 'destroyed']
 ['F43' '218.1505924699676' 'mated']
 ['F192' '220.13122877573164' 'mated']
 ['F29' '236.23294775450933' 'mated']
 ['F183' '255.0634638961278' 'absentdestroyed']
 ['F64' '261.22869906183286' 'mated']
 ['F147' '287.85638160531846' 'mated']
 ['F140' '288.70011266365367' 'mated']
 ['F88' '291.3059882587594' 'mated']
 ['F199' '306.0775705499312' 'mated']]",575.0,69.03376714215356,14.103115859800134,1480.0,248.9035380008784,53.27377772631827,207.0,36.66543418769081,8.201011711666544,15.0,1.5000000000000002,0.15000000000000008,89.0,4.12037037037037,0.19075788751714648
15,0.054,6,360.57120749232075,"[['3' '3.7625559732155427' 'marauded']
 ['14' '9.530291406454486' 'presentdestroyed']
 ['16' '11.588899916626763' 'present']
 ['22' '19.937116666954214' 'present']
 ['3' '26.311990063197268' 'present']
 ['14' '38.60712116817786' 'present']
 ['14' '54.23413932761855' 'marauded']
 ['19' '63.53766566707011' 'present']
 ['20' '73.1643887640174' 'marauded']
 ['4' '88.8504058215971' 'present']
 ['4' '96.39470453335767' 'present']
 ['19' '97.13987645888997' 'present']
 ['1' '102.50061146618401' 'marauded']
 ['4' '103.4049518759608' 'presentdestroyed']
 ['14' '109.76682629940096' 'presentdestroyed']
 ['16' '111.72562045494448' 'present']
 ['2' '120.42789500634977' 'present']
 ['14' '125.76408832770039' 'present']
 ['21' '130.9172491603438' 'present']
 ['9' '132.25834726544787' 'present']
 ['12' '134.26670326576433' 'present']
 ['18' '136.7140714294945' 'present']
 ['7' '139.6540656214374' 'present']
 ['4' '145.73293331009668' 'present']
 ['7' '155.96604389095322' 'present']
 ['18' '158.28502859928602' 'present']
 ['21' '159.05132051026715' 'present']
 ['17' '162.41140168593623' 'present']
 ['22' '166.97754728358512' 'present']
 ['1' '175.54283849776925' 'present']
 ['20' '179.23312188080067' 'present']
 ['2' '193.0912436222736' 'present']
 ['0' '195.63707137061877' 'present']
 ['21' '214.66990569959992' 'present']
 ['3' '216.3155573670897' 'present']
 ['14' '218.66697934304247' 'present']
 ['1' '228.18581383395164' 'present']
 ['17' '232.76044699658038' 'present']
 ['13' '234.86886147636673' 'present']
 ['16' '240.9502401697357' 'marauded']
 ['18' '271.00507006241537' 'present']
 ['18' '271.0513663587117' 'present']
 ['4' '279.6343663933073' 'present']
 ['7' '284.4485546377126' 'marauded']
 ['20' '289.5524129392406' 'presentdestroyed']
 ['21' '307.3767160856301' 'present']
 ['4' '316.0969271985174' 'marauded']
 ['17' '323.91881498580574' 'present']
 ['0' '324.9160600818409' 'present']
 ['2' '342.4659389820104' 'marauded']
 ['7' '343.19270384882515' 'presentdestroyed']
 ['14' '345.5186204276793' 'presentdestroyed']
 ['18' '349.72904295557333' 'presentdestroyed']
 ['13' '351.60903144315796' 'present']
 ['9' '352.9648015937887' 'present']
 ['2' '354.4815564933567' 'present']
 ['16' '357.4378850370953' 'present']]","[['F23' '92.98783519273557' 'mated']
 ['F145' '114.30094715835709' 'mated']
 ['F93' '121.85198371592405' 'mated']
 ['F195' '132.66600014843226' 'mated']
 ['F110' '166.8978618112574' 'mated']
 ['F25' '201.524407145342' 'mated']
 ['F44' '225.77822016360255' 'absent']
 ['F135' '235.5527084851551' 'absent']
 ['F118' '251.7588633610816' 'absent']
 ['F118' '251.82830780552607' 'absent']
 ['F17' '257.7848309113842' 'absent']
 ['F66' '322.3820347051731' 'destroyed']
 ['F160' '333.81179674574594' 'absent']]",564.0,68.87258367066286,14.113903244027806,1383.0,237.4235437297577,51.57443390826575,289.0,49.090439247926355,10.82267490124894,15.0,1.5000000000000002,0.15000000000000008,70.0,3.24074074074074,0.150034293552812
16,0.054,7,359.8755989393711,"[['22' '2.3622538847595598' 'present']
 ['15' '3.73784730077787' 'marauded']
 ['9' '12.105198793418873' 'marauded']
 ['7' '12.79604413987921' 'destroyed']
 ['15' '26.400036294278717' 'present']
 ['13' '44.9737150325144' 'present']
 ['20' '53.130925294774464' 'present']
 ['21' '54.19112503474382' 'marauded']
 ['14' '75.52082139043401' 'marauded']
 ['0' '77.49801777621249' 'presentdestroyed']
 ['9' '81.99144676910836' 'presentdestroyed']
 ['12' '86.62852256522939' 'marauded']
 ['9' '94.91686144985424' 'present']
 ['19' '96.73663028674783' 'present']
 ['0' '108.13179976688315' 'present']
 ['20' '114.62710620165868' 'present']
 ['14' '116.94426058336205' 'marauded']
 ['12' '126.74212575165735' 'present']
 ['3' '141.72624818008862' 'marauded']
 ['13' '144.1575668903006' 'destroyed']
 ['2' '145.2703937909722' 'presentdestroyed']
 ['14' '151.0267511438523' 'present']
 ['1' '152.47600450415905' 'present']
 ['21' '154.61190471121031' 'present']
 ['17' '158.91354281095528' 'present']
 ['0' '176.44775900108098' 'present']
 ['9' '177.76620782534758' 'present']
 ['4' '183.747616569711' 'marauded']
 ['0' '186.00237359755897' 'presentdestroyed']
 ['14' '187.58248098336495' 'presentdestroyed']
 ['13' '190.24417615696154' 'presentdestroyed']
 ['9' '201.0657672230745' 'present']
 ['1' '206.44360562041487' 'present']
 ['18' '213.604495120833' 'marauded']
 ['21' '222.2454787836478' 'present']
 ['7' '241.56789445563263' 'present']
 ['1' '243.63304311432537' 'present']
 ['17' '255.93900906904173' 'present']
 ['14' '259.8356734412065' 'present']
 ['13' '267.0718422116818' 'marauded']
 ['13' '273.2255176491123' 'presentdestroyed']
 ['20' '290.44624004036234' 'marauded']
 ['22' '292.03262524928704' 'presentdestroyed']
 ['12' '296.0893202739055' 'presentdestroyed']
 ['3' '300.6194453857926' 'present']
 ['19' '306.9987436207956' 'present']
 ['22' '307.33696963070776' 'present']
 ['7' '313.4736717969868' 'marauded']
 ['3' '313.8437208268753' 'presentdestroyed']
 ['13' '314.0337696016942' 'destroyed']
 ['4' '320.07860468093565' 'destroyed']
 ['0' '323.126401883682' 'present']
 ['18' '330.8846693902215' 'present']
 ['13' '337.45664791389135' 'present']
 ['0' '338.4059300361276' 'present']
 ['18' '339.7817568848917' 'present']
 ['22' '344.6171771036013' 'marauded']
 ['14' '353.4505027907886' 'present']]","[['F59' '66.84688861291491' 'mated']
 ['F60' '111.69728051057217' 'absent']
 ['F195' '132.61970385213596' 'absent']
 ['F5' '163.69734160913492' 'mated']
 ['F188' '177.1521142754192' 'mated']
 ['F135' '235.57585663330326' 'mated']
 ['F184' '256.2975078260922' 'mated']
 ['F28' '257.2459531087409' 'mated']
 ['F176' '303.85370735361323' 'mated']]",568.0,70.57344741996651,14.41497012008128,1213.0,205.098171026343,44.145944045931444,455.0,80.09948290506951,17.614350754659032,11.0,1.0999999999999999,0.11000000000000004,68.0,3.1481481481481475,0.1457475994513031
17,0.054,6,359.9852632517442,"[['3' '8.633946970630253' 'present']
 ['21' '18.11932415705743' 'present']
 ['18' '23.229763091054238' 'present']
 ['12' '31.43358332860971' 'present']
 ['9' '31.761938598252975' 'present']
 ['4' '32.35472515434292' 'present']
 ['21' '36.293937043940346' 'present']
 ['0' '41.01908348325183' 'present']
 ['7' '47.08680294444596' 'marauded']
 ['22' '50.42006022265618' 'presentdestroyed']
 ['22' '60.419004878180935' 'marauded']
 ['18' '65.21584911082655' 'presentdestroyed']
 ['13' '66.52427824839215' 'presentdestroyed']
 ['1' '67.44618851042016' 'presentdestroyed']
 ['4' '68.06199777557661' 'destroyed']
 ['16' '72.0187373682751' 'present']
 ['7' '72.46474176463767' 'present']
 ['16' '74.03887019010672' 'present']
 ['18' '77.50578178843097' 'marauded']
 ['18' '80.93998658410777' 'presentdestroyed']
 ['12' '85.4873781531943' 'marauded']
 ['3' '90.82534222537338' 'presentdestroyed']
 ['3' '92.9600561734626' 'presentdestroyed']
 ['18' '101.9519403883075' 'present']
 ['22' '108.5064216841711' 'present']
 ['18' '114.2472545378704' 'present']
 ['2' '128.30491717128106' 'present']
 ['9' '130.66432709953276' 'present']
 ['14' '135.73866132221127' 'present']
 ['14' '141.28437968850238' 'present']
 ['22' '147.20030195233403' 'present']
 ['15' '147.96485822193625' 'present']
 ['3' '149.97175976354984' 'marauded']
 ['21' '157.16895153670256' 'presentdestroyed']
 ['3' '164.29538052049938' 'present']
 ['12' '176.4611233786791' 'present']
 ['22' '182.2849832972072' 'present']
 ['20' '191.16870206539068' 'present']
 ['21' '193.2806771177302' 'marauded']
 ['9' '196.60551531879625' 'presentdestroyed']
 ['21' '205.56165586967202' 'present']
 ['21' '212.69567195845258' 'present']
 ['9' '213.99581037342108' 'present']
 ['4' '217.04908159031163' 'present']
 ['7' '219.76534518610697' 'marauded']
 ['14' '222.5420682860358' 'presentdestroyed']
 ['12' '226.68329648660236' 'presentdestroyed']
 ['20' '231.0786448886414' 'present']
 ['3' '233.99515170782493' 'present']
 ['1' '235.93600227880955' 'present']
 ['13' '258.0421739190265' 'marauded']
 ['2' '272.725076279647' 'marauded']
 ['20' '273.1239897461302' 'presentdestroyed']
 ['2' '279.16697200057365' 'presentdestroyed']
 ['20' '289.5987092355369' 'present']
 ['16' '299.9641398795785' 'present']
 ['13' '305.93125702812193' 'present']
 ['3' '315.77411605796436' 'present']
 ['1' '315.77845475321' 'present']
 ['14' '322.0587894348875' 'present']
 ['21' '322.3115703521715' 'present']
 ['14' '324.09740263706476' 'present']
 ['3' '330.23074918468217' 'present']
 ['7' '336.85132689592353' 'present']
 ['16' '337.15726476689366' 'present']
 ['3' '341.58167988372213' 'present']
 ['21' '343.0194446070307' 'present']
 ['19' '343.9796518450172' 'marauded']
 ['1' '346.79150340584516' 'presentdestroyed']]","[['F60' '111.72042865872032' 'mated']
 ['F79' '124.19759675960009' 'mated']
 ['F112' '155.79499596396445' 'destroyed']
 ['F194' '177.50497782403258' 'mated']
 ['F203' '199.50229029894416' 'absentdestroyed']
 ['F15' '211.10800262865268' 'mated']
 ['F156' '214.1201124644445' 'mated']
 ['F192' '220.06178433128719' 'destroyed']
 ['F192' '220.1080806275835' 'destroyed']
 ['F39' '298.5471472262803' 'mated']]",558.0,73.53734722836725,15.377095785660911,1281.0,220.85538004079524,48.2992170490339,362.0,61.00938305140458,12.857656563616798,15.0,1.5000000000000002,0.15000000000000008,70.0,3.24074074074074,0.150034293552812
18,0.054,5,360.1403494176279,"[['14' '0.4330442417604861' 'present']
 ['7' '4.791104881590915' 'present']
 ['1' '6.321130616985252' 'present']
 ['22' '7.537622651288588' 'present']
 ['4' '12.477929325994419' 'present']
 ['14' '13.294707550548583' 'present']
 ['3' '28.033689360119993' 'present']
 ['7' '33.10120351959454' 'present']
 ['9' '52.69706083485887' 'marauded']
 ['0' '77.45172147991619' 'present']
 ['4' '79.82633270521488' 'present']
 ['7' '82.81312452364138' 'present']
 ['2' '83.03400073863253' 'present']
 ['4' '84.054199425101' 'present']
 ['17' '85.30403339264657' 'marauded']
 ['9' '86.1046409007096' 'presentdestroyed']
 ['22' '90.91302454034343' 'presentdestroyed']
 ['15' '91.93145653378843' 'presentdestroyed']
 ['3' '94.99638995420703' 'present']
 ['17' '100.46662742595228' 'present']
 ['1' '100.5047858981238' 'present']
 ['0' '115.66077778713877' 'present']
 ['9' '130.8988908271862' 'present']
 ['4' '134.38043438631672' 'present']
 ['9' '139.49261076751972' 'marauded']
 ['13' '145.3748405064998' 'destroyed']
 ['22' '149.37158445711972' 'marauded']
 ['19' '151.23309637347828' 'destroyed']
 ['9' '154.11114543834188' 'presentdestroyed']
 ['0' '156.371856385318' 'present']
 ['15' '160.49657542958388' 'marauded']
 ['22' '166.64376923912008' 'presentdestroyed']
 ['21' '187.37702596172494' 'present']
 ['17' '192.67760877982548' 'marauded']
 ['15' '196.8960819154986' 'presentdestroyed']
 ['3' '200.69551085027356' 'present']
 ['14' '203.8184859780696' 'present']
 ['3' '206.69391282229373' 'present']
 ['17' '214.7196399215085' 'present']
 ['17' '216.17603042045772' 'present']
 ['12' '217.872087292907' 'present']
 ['17' '245.5251030689761' 'present']
 ['0' '249.46839223339958' 'marauded']
 ['15' '262.0738404241932' 'present']
 ['16' '263.650608136752' 'present']
 ['12' '271.35488984358494' 'present']
 ['21' '282.28119975105596' 'present']
 ['4' '282.4139757530243' 'present']
 ['12' '300.5232582581844' 'marauded']
 ['20' '302.2740366995968' 'presentdestroyed']
 ['12' '308.7277900782247' 'present']
 ['9' '315.059177383778' 'present']
 ['19' '315.3356465586495' 'present']
 ['14' '325.2527772542061' 'present']
 ['13' '334.6129045825094' 'present']
 ['12' '359.1044712843652' 'present']]","[['F75' '34.99489949537354' 'absent']
 ['F23' '92.94153889643927' 'absent']
 ['F82' '152.42189557881164' 'destroyed']
 ['F132' '160.23412907769205' 'absent']
 ['F208' '165.3498236182043' 'destroyed']
 ['F139' '168.30892180199658' 'mated']
 ['F81' '186.83243411363742' 'mated']
 ['F36' '195.58291412778462' 'destroyed']
 ['F165' '200.13394181096996' '']
 ['F111' '233.98207958423956' 'mated']
 ['F121' '237.06921950287' 'mated']
 ['F183' '255.08661204427594' 'destroyed']
 ['F137' '303.18150287037605' 'destroyed']
 ['F160' '333.8349448938941' 'mated']]",560.0,69.41394380384891,14.516063219622527,1404.0,237.1201381901638,50.855091016013375,289.0,48.93511710887771,10.603081682497946,8.0,0.7999999999999999,0.08000000000000002,82.0,3.7962962962962954,0.17575445816186536
19,0.054,8,360.0116113774035,"[['15' '1.4747692036088365' 'present']
 ['21' '7.058260452891578' 'present']
 ['14' '16.62771043789679' 'present']
 ['20' '16.890949513842536' 'present']
 ['13' '21.116953284047398' 'marauded']
 ['12' '21.26659975031947' 'destroyed']
 ['9' '22.47227094322321' 'presentdestroyed']
 ['3' '36.76070537295135' 'present']
 ['4' '37.330126395521546' 'present']
 ['13' '45.02001132881069' 'present']
 ['12' '51.81608114960308' 'marauded']
 ['22' '52.189554814695704' 'presentdestroyed']
 ['7' '68.09988571862895' 'present']
 ['3' '71.25960736180224' 'present']
 ['2' '74.20094889496384' 'marauded']
 ['16' '74.43258528210404' 'presentdestroyed']
 ['7' '90.40392969632504' 'present']
 ['21' '101.30843778657872' 'present']
 ['7' '103.23551283573536' 'present']
 ['7' '104.86197446778444' 'present']
 ['16' '104.9819882355823' 'present']
 ['18' '110.34807172006191' 'marauded']
 ['4' '133.1239407222951' 'present']
 ['7' '136.99531552456747' 'present']
 ['4' '137.59998604268088' 'marauded']
 ['1' '143.9846707567205' 'presentdestroyed']
 ['1' '152.52230080045535' 'marauded']
 ['16' '156.71780155188088' 'presentdestroyed']
 ['21' '174.36640727171326' 'present']
 ['15' '176.2877532664752' 'present']
 ['9' '177.53590330005775' 'present']
 ['0' '180.22055928748318' 'marauded']
 ['14' '186.18441011984112' 'presentdestroyed']
 ['13' '196.49804752094835' 'present']
 ['2' '203.94413474952697' 'marauded']
 ['17' '209.47085038227408' 'presentdestroyed']
 ['12' '210.1108404711177' 'destroyed']
 ['14' '210.77588687793786' 'destroyed']
 ['9' '214.82526269915832' 'marauded']
 ['2' '229.64443456660752' 'present']
 ['13' '231.90937978536223' 'marauded']
 ['20' '232.68555385954272' 'destroyed']
 ['2' '241.29258342404074' 'present']
 ['2' '241.5381571972195' 'marauded']
 ['20' '251.23525598250276' 'present']
 ['3' '260.01208527519054' 'present']
 ['22' '265.4703088271245' 'present']
 ['3' '265.64532095621234' 'present']
 ['14' '265.99608860590376' 'present']
 ['15' '266.8820858176' 'marauded']
 ['17' '267.3673180672114' 'presentdestroyed']
 ['9' '270.2108038996074' 'presentdestroyed']
 ['14' '270.2668419959077' 'presentdestroyed']
 ['0' '270.67992777227033' 'presentdestroyed']
 ['20' '272.67917870258' 'presentdestroyed']
 ['4' '278.97729916788563' 'marauded']
 ['12' '281.4931729315905' 'destroyed']
 ['21' '293.373537467271' 'present']
 ['15' '296.749638031485' 'present']
 ['9' '299.59119389878236' 'present']
 ['12' '303.8479494851702' 'present']
 ['2' '304.46289528866316' 'present']
 ['21' '309.46743559770385' 'present']
 ['9' '317.34656615142944' 'marauded']
 ['14' '318.61940281493645' 'presentdestroyed']
 ['9' '325.64514037945173' 'present']
 ['22' '329.1435397075864' 'present']
 ['1' '345.4853359809607' 'marauded']
 ['18' '357.38959701206994' 'present']]","[['F142' '21.9311702914276' 'destroyed']
 ['F75' '35.01804764352168' 'mated']
 ['F197' '60.58326422691879' 'mated']
 ['F56' '91.3733290220137' 'mated']
 ['F155' '104.33970021655661' 'mated']
 ['F22' '105.32868473841906' 'mated']
 ['F60' '111.65098421427587' 'destroyed']
 ['F32' '118.56784146015659' 'absent']
 ['F12' '131.23042252780346' 'mated']
 ['F114' '139.0860036650547' 'destroyed']
 ['F112' '155.74869966766815' 'destroyed']
 ['F157' '156.9969180187212' 'destroyed']
 ['F132' '160.18783278139574' 'destroyed']
 ['F150' '160.57935355824316' 'mated']
 ['F52' '164.59442584394066' 'mated']
 ['F27' '175.52218017658447' 'absent']
 ['F174' '221.8170283198328' 'destroyed']]",559.0,70.59562010383526,15.22296797511195,1149.0,193.27379297619234,41.148684306472155,521.0,91.83746619231552,20.246412145207064,16.0,1.6000000000000003,0.1600000000000001,64.0,2.9629629629629624,0.13717421124828533
20,0.054,13,360.0088109155402,"[['12' '4.144607630335655' 'present']
 ['1' '4.882632758799594' 'marauded']
 ['21' '9.727933072404127' 'presentdestroyed']
 ['2' '10.68104513608419' 'presentdestroyed']
 ['4' '11.980693844417319' 'destroyed']
 ['1' '25.045228741125435' 'present']
 ['1' '31.19071641543021' 'present']
 ['22' '32.596501574706956' 'marauded']
 ['22' '37.468676300219144' 'destroyed']
 ['13' '40.07152750099612' 'present']
 ['0' '49.62036689978624' 'present']
 ['9' '55.65308240525975' 'marauded']
 ['1' '56.175456016970934' 'presentdestroyed']
 ['22' '56.35208017132343' 'presentdestroyed']
 ['21' '57.647190874854964' 'presentdestroyed']
 ['0' '58.866077038616986' 'destroyed']
 ['12' '62.30965217717884' 'presentdestroyed']
 ['21' '63.179143696054744' 'destroyed']
 ['4' '63.30906136795838' 'present']
 ['7' '68.55138980373103' 'present']
 ['14' '75.87121648869115' 'marauded']
 ['13' '77.67974630767048' 'presentdestroyed']
 ['4' '78.51144165617814' 'presentdestroyed']
 ['7' '79.56945536398919' 'presentdestroyed']
 ['2' '80.72218868127669' 'presentdestroyed']
 ['14' '110.38293134366289' 'present']
 ['19' '117.79698638467842' 'present']
 ['0' '118.78063767656259' 'marauded']
 ['12' '120.8675455866643' 'presentdestroyed']
 ['0' '125.1825265127492' 'presentdestroyed']
 ['16' '130.3174843836772' 'marauded']
 ['17' '138.5543733606079' 'marauded']
 ['4' '140.67088637492574' 'presentdestroyed']
 ['4' '144.20453635846027' 'presentdestroyed']
 ['7' '167.93449340623152' 'marauded']
 ['17' '173.15687416401792' 'presentdestroyed']
 ['9' '174.57703203251802' 'presentdestroyed']
 ['13' '178.8223717713612' 'present']
 ['21' '186.07029298516642' 'present']
 ['9' '189.24564636294588' 'present']
 ['15' '189.91154722022736' 'present']
 ['14' '195.737287103613' 'present']
 ['0' '206.05611264072866' 'present']
 ['0' '210.23077322126784' 'marauded']
 ['3' '219.49452446442208' 'marauded']
 ['1' '246.74449303095454' 'present']
 ['7' '248.06560818534106' 'present']
 ['1' '250.41855132633907' 'present']
 ['4' '260.8941234708524' 'present']
 ['17' '266.1037477930515' 'present']
 ['21' '270.0209907954074' 'present']
 ['2' '276.39300700457864' 'present']
 ['4' '279.12359546418196' 'present']
 ['16' '279.3254357752889' 'marauded']
 ['2' '283.7870081866354' 'destroyed']
 ['1' '286.65125448543284' 'presentdestroyed']
 ['18' '291.99778386892206' 'present']
 ['21' '302.44437251621355' 'present']
 ['13' '303.1588418032464' 'present']
 ['21' '304.015647055795' 'present']
 ['0' '307.72772257160744' 'present']
 ['2' '311.4105120781096' 'present']
 ['13' '312.5366529042214' 'marauded']
 ['9' '314.9012621534784' 'presentdestroyed']
 ['4' '316.5651116111683' 'presentdestroyed']
 ['3' '330.4775756975976' 'marauded']
 ['7' '334.17637554987783' 'destroyed']
 ['22' '340.5645245871042' 'present']
 ['7' '340.8270811831419' 'marauded']
 ['4' '343.0779942640688' 'presentdestroyed']
 ['22' '348.88633546981777' 'presentdestroyed']
 ['22' '349.7557144940447' 'present']
 ['3' '352.33661237875333' 'present']
 ['18' '359.46772987628674' 'present']]","[['F142' '21.90802214327945' 'absent']
 ['F53' '80.08150531041517' 'destroyed']
 ['F62' '108.35520902022652' 'mated']
 ['F122' '115.4277622117836' 'mated']
 ['F175' '128.74644663702142' 'mated']
 ['F55' '140.5204876333952' 'destroyed']
 ['F205' '151.3519501479013' 'mated']
 ['F82' '152.4450437269598' 'mated']
 ['F162' '154.45427938546817' 'mated']
 ['F200' '159.98701790262723' 'mated']
 ['F20' '165.2226309910412' 'mated']
 ['F41' '181.74317215055373' 'mated']
 ['F10' '183.95396352244427' 'mated']
 ['F36' '195.60606227593277' 'mated']
 ['F144' '215.87204515790535' 'absentdestroyed']
 ['F48' '230.85619783553423' 'mated']
 ['F141' '231.70954864021687' 'mated']
 ['F146' '283.56963071709885' 'destroyed']]",570.0,70.47625859919258,14.182582202361832,1145.0,199.2586494183573,43.51030727935922,503.0,85.96396708849102,18.590904424136934,11.0,1.0999999999999999,0.11000000000000004,70.0,3.24074074074074,0.150034293552812
21,0.054,13,360.3893880126367,"[['16' '2.6446812494917675' 'present']
 ['17' '9.022325606385076' 'present']
 ['1' '11.844437295376066' 'present']
 ['9' '26.69228677692129' 'marauded']
 ['12' '26.76309548901138' 'destroyed']
 ['15' '32.249228363428664' 'presentdestroyed']
 ['14' '34.49563821121439' 'presentdestroyed']
 ['19' '36.44581059521967' 'marauded']
 ['12' '39.736861316898576' 'presentdestroyed']
 ['15' '50.86667169718177' 'present']
 ['0' '73.12875876857' 'marauded']
 ['13' '74.9911382409507' 'destroyed']
 ['9' '79.50479414034338' 'presentdestroyed']
 ['18' '93.90288392937919' 'marauded']
 ['7' '100.66096601345623' 'destroyed']
 ['17' '104.71645219729358' 'present']
 ['18' '106.92130871203571' 'present']
 ['1' '109.12744000358975' 'present']
 ['14' '120.76127384743982' 'present']
 ['0' '134.18156125213642' 'present']
 ['3' '139.41540620669025' 'present']
 ['7' '140.4876243953985' 'present']
 ['15' '145.23922966722768' 'marauded']
 ['22' '149.0085970034646' 'presentdestroyed']
 ['4' '158.51603702230844' 'present']
 ['17' '158.95983910725158' 'present']
 ['16' '168.4550562150802' 'present']
 ['13' '172.27079560325086' 'present']
 ['16' '176.7227314623165' 'present']
 ['1' '193.20182505385372' 'present']
 ['0' '196.19506961522353' 'present']
 ['3' '215.01011679337375' 'present']
 ['3' '221.5109364782812' 'present']
 ['1' '223.33918951825345' 'present']
 ['20' '231.66671220707136' 'present']
 ['0' '233.02726848661646' 'present']
 ['20' '240.51813898707553' 'present']
 ['16' '241.51822798136095' 'present']
 ['18' '243.95724170399' 'present']
 ['17' '245.4788067726798' 'present']
 ['4' '255.95019830399823' 'marauded']
 ['19' '257.52881380095045' 'presentdestroyed']
 ['16' '258.6441072725204' 'presentdestroyed']
 ['22' '264.6933341970629' 'present']
 ['15' '268.20926100876375' 'present']
 ['7' '273.4007705281727' 'present']
 ['2' '287.9229165067221' 'present']
 ['7' '289.7043807018682' 'present']
 ['17' '291.67764922410714' 'present']
 ['4' '295.3301451458812' 'present']
 ['15' '311.65185683302457' 'present']
 ['0' '323.1726981799783' 'marauded']
 ['0' '327.7844809691155' 'destroyed']
 ['0' '330.14826357843737' 'presentdestroyed']
 ['15' '332.28631204623724' 'marauded']
 ['13' '335.3629833684255' 'destroyed']
 ['18' '338.07364471061607' 'destroyed']
 ['7' '343.23900014512145' 'present']
 ['12' '345.49658706830047' 'present']
 ['3' '351.6420058010332' 'present']
 ['4' '354.13012625185456' 'present']]","[['F80' '85.07227206219643' 'mated']
 ['F23' '92.89524260014296' 'absent']
 ['F23' '92.96468704458742' 'absent']
 ['F103' '109.0393234755822' 'mated']
 ['F136' '114.40763384398888' 'mated']
 ['F207' '121.389007380594' 'mated']
 ['F70' '140.0651611821981' 'mated']
 ['F55' '140.5667839296915' 'mated']
 ['F177' '141.22548193726348' 'mated']
 ['F4' '164.8302660167182' 'absent']
 ['F208' '165.37297176635246' 'mated']
 ['F78' '196.17271461384698' 'mated']
 ['F74' '204.87366933558346' 'mated']
 ['F44' '225.82451645989886' 'mated']
 ['F26' '227.7563623740268' 'mated']
 ['F206' '237.5176512403672' 'absent']
 ['F8' '249.23262096681344' 'mated']]",571.0,72.34725663739525,15.29097373416443,1370.0,234.2584747312597,50.06927479349407,286.0,48.740341266864014,10.373114256883557,10.0,0.9999999999999999,0.10000000000000003,81.0,3.749999999999999,0.1736111111111109
22,0.054,18,360.1140721046744,"[['21' '4.22469002749718' 'present']
 ['17' '4.623014972947044' 'present']
 ['3' '7.305148427995974' 'present']
 ['18' '17.576736232842112' 'present']
 ['15' '50.23884519838995' 'present']
 ['1' '63.07826163316288' 'marauded']
 ['3' '69.79341022418535' 'presentdestroyed']
 ['13' '72.61573408451468' 'present']
 ['9' '81.37515799568979' 'marauded']
 ['0' '86.3172767615688' 'presentdestroyed']
 ['9' '88.83430506471387' 'present']
 ['20' '103.44422348723133' 'present']
 ['1' '103.68019448102723' 'present']
 ['21' '104.82823864183611' 'present']
 ['17' '111.99179208759502' 'present']
 ['9' '118.24233803390342' 'present']
 ['14' '124.4319899795123' 'present']
 ['19' '129.40469820657734' 'present']
 ['14' '130.92115813338438' 'present']
 ['2' '145.70798892850803' 'present']
 ['18' '148.9561013301028' 'present']
 ['14' '150.010861390672' 'present']
 ['7' '151.2084498462781' 'marauded']
 ['3' '164.15235550615157' 'present']
 ['16' '166.95380612909443' 'present']
 ['14' '167.64320263154954' 'present']
 ['18' '170.68713886901827' 'present']
 ['21' '174.9174600672443' 'present']
 ['20' '186.64113349215862' 'present']
 ['3' '188.19503859846193' 'present']
 ['20' '193.9364653679333' 'marauded']
 ['1' '196.3337273559543' 'presentdestroyed']
 ['3' '196.70154473264097' 'presentdestroyed']
 ['21' '217.70824318856572' 'present']
 ['19' '224.8108447545185' 'present']
 ['20' '229.09429394152886' 'marauded']
 ['4' '232.46606494224602' 'presentdestroyed']
 ['3' '248.0585716698389' 'present']
 ['20' '248.5588138089441' 'present']
 ['17' '252.54660441941522' 'present']
 ['3' '252.80631950667026' 'present']
 ['14' '270.2205456996114' 'present']
 ['12' '275.63436761867314' 'present']
 ['12' '279.71521060129254' 'marauded']
 ['12' '283.22824461215987' 'presentdestroyed']
 ['12' '284.27251505472407' 'destroyed']
 ['18' '285.44657165157616' 'presentdestroyed']
 ['3' '288.9290294043545' 'present']
 ['21' '292.9618961718439' 'present']
 ['14' '311.90462410253093' 'present']
 ['9' '318.5385795515198' 'marauded']
 ['9' '323.8027268302264' 'presentdestroyed']
 ['18' '325.80372358264214' 'presentdestroyed']
 ['17' '332.3126508964086' 'marauded']
 ['15' '334.0273580618672' 'presentdestroyed']
 ['18' '344.49148656917373' 'present']
 ['21' '348.5553330929805' 'present']
 ['12' '352.0192952241329' 'present']
 ['16' '356.6356302195343' 'present']]","[['F83' '62.91773517302577' 'mated']
 ['F215' '79.93445693735197' 'mated']
 ['F123' '80.83143014308608' 'mated']
 ['F170' '114.0743334957514' 'mated']
 ['F122' '115.40461406363545' 'absent']
 ['F63' '129.6475955026406' 'mated']
 ['F126' '133.87229094323942' 'mated']
 ['F112' '155.7718478158163' 'destroyed']
 ['F112' '155.8181441121126' 'absentdestroyed']
 ['F50' '156.94107166119196' 'destroyed']
 ['F107' '165.0426184118448' 'mated']
 ['F101' '165.07178125867242' 'mated']
 ['F198' '169.79616306851605' 'mated']
 ['F148' '181.07890588105988' 'mated']
 ['F90' '215.9533779326843' 'mated']
 ['F193' '220.70178885760325' 'mated']
 ['F212' '240.67799105056622' 'mated']
 ['F189' '245.42340044366222' 'mated']
 ['F179' '250.7332297024873' 'mated']
 ['F99' '255.31600071632892' 'mated']
 ['F213' '315.4690351953372' 'mated']
 ['F117' '359.93992487920104' 'mated']]",566.0,70.21815253383632,14.403154299829332,1402.0,235.65499193236184,50.077339133951895,290.0,48.721479983604965,10.295590213212353,14.0,1.4000000000000001,0.14000000000000007,88.0,4.0740740740740735,0.18861454046639203
23,0.0,4,359.98266732054503,"[['20' '3.9909117728438055' 'present']
 ['12' '3.9970960719298674' 'present']
 ['17' '6.6255287297330545' 'present']
 ['20' '21.47967291657807' 'marauded']
 ['15' '25.104094809677967' 'presentdestroyed']
 ['15' '26.87212232272873' 'presentdestroyed']
 ['20' '50.33352886402395' 'present']
 ['14' '52.30144040505667' 'present']
 ['0' '61.63082891953584' 'present']
 ['22' '62.21400327876216' 'present']
 ['18' '64.7853017055677' 'present']
 ['1' '65.029498054547' 'present']
 ['12' '66.5984241095937' 'present']
 ['9' '81.52145429198609' 'marauded']
 ['21' '88.67625760177643' 'present']
 ['7' '96.30672526128079' 'present']
 ['12' '97.7083093256793' 'present']
 ['3' '98.26263444488413' 'marauded']
 ['17' '107.01762243596023' 'marauded']
 ['22' '112.34485557508698' 'destroyed']
 ['0' '120.35466338279195' 'marauded']
 ['19' '121.85534683855136' 'presentdestroyed']
 ['22' '139.37660215322242' 'present']
 ['4' '147.1714569319478' 'marauded']
 ['3' '154.74340342571747' 'presentdestroyed']
 ['0' '155.32429316124063' 'marauded']
 ['12' '161.71175043097224' 'presentdestroyed']
 ['22' '166.16711422337048' 'present']
 ['16' '183.18287127872645' 'present']
 ['12' '188.2694294793082' 'present']
 ['12' '191.4865707032382' 'marauded']
 ['2' '195.8075612777095' 'presentdestroyed']
 ['15' '206.1977038325069' 'present']
 ['22' '211.30237766560325' 'present']
 ['3' '212.51839980660162' 'present']
 ['4' '214.98364397140514' 'present']
 ['15' '235.8682744760911' 'present']
 ['16' '236.70745638001736' 'present']
 ['15' '279.18954547820556' 'present']
 ['12' '280.34142205867477' 'present']
 ['9' '293.081653144198' 'present']
 ['9' '297.247525625522' 'present']
 ['17' '319.51319633203104' 'present']
 ['7' '321.424296368574' 'marauded']
 ['18' '323.8381206330888' 'destroyed']
 ['1' '325.14569015386047' 'presentdestroyed']
 ['19' '329.9114763664966' 'present']
 ['3' '330.2770454809785' 'present']
 ['7' '336.28978058700886' 'present']
 ['7' '336.89762319221984' 'present']
 ['13' '337.41035161759504' 'present']
 ['19' '340.4066135307297' 'present']
 ['7' '352.68464315067354' 'present']
 ['20' '355.4985318953579' 'present']
 ['12' '357.73958243714907' 'present']]","[['F103' '109.01617532743404' 'destroyed']
 ['F11' '123.34215899598522' 'destroyed']
 ['F157' '157.02006616686936' 'absentdestroyed']
 ['F186' '176.46891353467964' 'mated']
 ['F78' '196.14956646569883' 'absentdestroyed']
 ['F203' '199.45599400264786' 'destroyed']
 ['F129' '209.28641690281552' 'mated']
 ['F154' '272.8675874835171' 'absent']
 ['F86' '278.3669454352204' 'mated']
 ['F102' '301.45011932419465' 'mated']]",549.0,68.32278098069956,13.901895134671344,1382.0,236.8252581128139,51.6659557488408,325.0,54.86097787206525,11.775922349077765,0.0,0.0,0.0,0.0,0.0,0.0
