id,probability_maraud,successful_mating,next_foraging_time,mar_attempts,mate_attempts,foraging_events,foraging_hrs,foraging_sqhrs,staying_events,staying_hrs,staying_sqhrs,repairing_events,repairing_hrs,repairing_sqhrs,marauding_events,marauding_hrs,marauding_sqhrs,traveling_events,traveling_hrs,traveling_sqhrs
0,0.054,14,359.9679015667937,"[['9' '10.209105693671743' 'present']
 ['17' '26.77506760590683' 'present']
 ['19' '31.501890595413194' 'present']
 ['2' '50.94336961439772' 'present']
 ['15' '53.02637993445899' 'present']
 ['17' '73.38066325897637' 'present']
 ['5' '84.172323059483' 'marauded']
 ['16' '92.12983003554378' 'present']
 ['15' '93.59152049945259' 'present']
 ['20' '97.13464339412893' 'marauded']
 ['4' '106.97614821432927' 'present']
 ['4' '109.90077335398877' 'present']
 ['16' '113.18410044936937' 'present']
 ['1' '116.80181558830684' 'present']
 ['1' '120.45317521151091' 'marauded']
 ['11' '128.68389846319775' 'present']
 ['17' '133.06074869349072' 'present']
 ['9' '133.22109750426662' 'present']
 ['12' '135.66832462544' 'present']
 ['9' '136.99123962863396' 'present']
 ['4' '138.8633919814827' 'present']
 ['4' '141.62787281314095' 'present']
 ['9' '143.56834195665147' 'marauded']
 ['11' '147.32988509633378' 'destroyed']
 ['15' '153.55644152025368' 'present']
 ['5' '161.92393655761714' 'present']
 ['13' '167.76283951815907' 'present']
 ['5' '167.77874277201323' 'present']
 ['12' '170.361210426582' 'present']
 ['19' '172.36442314782929' 'present']
 ['16' '191.61691668351966' 'present']
 ['5' '203.4268981366025' 'present']
 ['9' '205.12759434737507' 'present']
 ['23' '205.3542526609605' 'present']
 ['12' '206.5816225349784' 'present']
 ['17' '206.95159527195324' 'marauded']
 ['8' '223.54031554681114' 'present']
 ['5' '232.3929633599993' 'present']
 ['23' '237.23624271086808' 'present']
 ['15' '265.1286774018068' 'marauded']
 ['16' '283.14842055538514' 'present']
 ['23' '294.4347267321036' 'marauded']
 ['23' '303.30250444619776' 'present']
 ['9' '319.3390530418504' 'present']
 ['11' '326.89536670451196' 'present']
 ['22' '332.63841194237426' 'present']
 ['22' '345.4834568560255' 'present']
 ['17' '348.39225030955123' 'present']
 ['17' '353.69777976907426' 'present']]","[['F85' '43.486620198249504' 'mated']
 ['F211' '49.62561821946402' 'mated']
 ['F123' '69.67397506302216' 'absent']
 ['F180' '79.04080579728534' 'mated']
 ['F137' '89.9210367742099' 'destroyed']
 ['F9' '110.19878179599229' 'mated']
 ['F195' '113.63577132729975' 'mated']
 ['F171' '152.0576259032508' 'mated']
 ['F189' '154.5558914630213' 'mated']
 ['F96' '177.74931221910188' 'mated']
 ['F111' '198.6135088971443' 'mated']
 ['F196' '200.57930725325463' 'mated']
 ['F38' '201.49608982035517' 'mated']
 ['F116' '217.21742365743316' 'absent']
 ['F157' '217.2898616605174' 'absent']
 ['F10' '228.0932375304509' 'mated']
 ['F39' '247.82938774231104' 'mated']
 ['F144' '310.8383881626596' 'mated']
 ['F150' '316.86207285982596' 'absent']]",568.0,71.12023734910343,15.876273856584625,1427.0,241.44480106896228,51.89422593276365,257.0,42.907915533177636,9.037219064565175,12.0,1.2,0.12000000000000005,78.0,3.6111111111111103,0.16718106995884757
1,0.054,11,360.27507342429254,"[['3' '10.396037860111893' 'marauded']
 ['22' '16.021632294210896' 'presentdestroyed']
 ['11' '20.35989018545914' 'present']
 ['5' '28.33834538006837' 'present']
 ['22' '31.420954564902228' 'present']
 ['8' '33.04005093227257' 'marauded']
 ['2' '44.36357648297773' 'present']
 ['4' '52.13985651032058' 'present']
 ['23' '56.50300545977978' 'marauded']
 ['0' '69.22764559867989' 'present']
 ['2' '89.02890533756732' 'marauded']
 ['22' '92.15272420564006' 'presentdestroyed']
 ['15' '116.21554538254479' 'present']
 ['13' '123.96804576389836' 'present']
 ['15' '124.86832394412839' 'present']
 ['11' '128.95040631452596' 'marauded']
 ['4' '130.78368485259958' 'presentdestroyed']
 ['11' '132.56218368376648' 'presentdestroyed']
 ['4' '151.1102775532215' 'present']
 ['23' '152.74894538383538' 'present']
 ['19' '154.48037778743435' 'present']
 ['2' '165.92628530568498' 'marauded']
 ['8' '184.52934930821763' 'present']
 ['11' '192.94532231425126' 'marauded']
 ['19' '194.9484565527241' 'presentdestroyed']
 ['23' '201.11430895534355' 'present']
 ['5' '214.89349308934084' 'present']
 ['4' '216.5203511208336' 'marauded']
 ['13' '219.37713296248967' 'presentdestroyed']
 ['5' '221.44277665643213' 'presentdestroyed']
 ['8' '230.37137413072088' 'present']
 ['16' '247.19661645949395' 'marauded']
 ['8' '247.3982254730814' 'presentdestroyed']
 ['4' '266.2919229149384' 'marauded']
 ['20' '271.3152001305264' 'destroyed']
 ['2' '286.83299510048295' 'present']
 ['17' '287.6354103524367' 'present']
 ['12' '297.0723833722102' 'present']
 ['12' '307.4850864512467' 'present']
 ['5' '310.6545076386577' 'marauded']
 ['5' '313.24729179648745' 'presentdestroyed']
 ['9' '333.851238834862' 'present']
 ['2' '337.7298412857654' 'present']
 ['15' '340.4928939223648' 'marauded']
 ['0' '343.5867434397855' 'presentdestroyed']
 ['12' '355.2276689393542' 'present']
 ['4' '357.1582853221584' 'marauded']
 ['13' '357.28523037321116' 'destroyed']]","[['F182' '38.65259688306857' 'destroyed']
 ['F154' '87.06073015727893' 'mated']
 ['F133' '90.90559371187024' 'destroyed']
 ['F79' '118.0572269158857' 'absent']
 ['F203' '126.78558880280784' 'mated']
 ['F14' '137.96188280975957' 'mated']
 ['F191' '149.72732313031932' 'mated']
 ['F61' '197.49961141122054' 'destroyed']
 ['F153' '208.9477312801306' 'mated']
 ['F207' '209.48177790800054' 'mated']
 ['F69' '232.6020033459129' 'mated']
 ['F8' '232.65589651767854' 'mated']
 ['F167' '280.15219113748805' 'mated']
 ['F15' '309.6915951041311' 'mated']
 ['F150' '316.90836915612226' 'destroyed']
 ['F87' '317.4269235462956' 'destroyed']
 ['F42' '356.52612068205156' 'mated']]",574.0,71.28146590046438,14.63690136578776,1229.0,207.92769649182463,44.59846272902207,458.0,75.90177250756886,15.833583137092983,17.0,1.7000000000000004,0.1700000000000001,70.0,3.24074074074074,0.150034293552812
2,0.054,9,360.3786807743857,"[['19' '5.309360835578068' 'present']
 ['0' '6.849689846808741' 'marauded']
 ['15' '13.68328937059953' 'presentdestroyed']
 ['19' '15.528249729678727' 'present']
 ['19' '16.17617051671731' 'present']
 ['11' '17.544935021591037' 'present']
 ['19' '21.54698515037572' 'marauded']
 ['1' '29.342978934394992' 'presentdestroyed']
 ['15' '34.8141157951268' 'present']
 ['3' '35.48799110683073' 'marauded']
 ['16' '38.454884664082506' 'presentdestroyed']
 ['17' '45.81259126218962' 'present']
 ['15' '52.05517104624156' 'present']
 ['11' '54.50659276338205' 'present']
 ['0' '56.56517150090333' 'marauded']
 ['9' '82.2390607984761' 'present']
 ['3' '107.07858229604953' 'present']
 ['22' '109.67316029024799' 'present']
 ['22' '111.59934871849853' 'present']
 ['16' '113.47262448523713' 'present']
 ['15' '116.70545024712506' 'present']
 ['20' '117.75206870665272' 'present']
 ['12' '120.5881350890173' 'present']
 ['15' '124.3935729022607' 'marauded']
 ['3' '127.35145842017164' 'presentdestroyed']
 ['5' '127.81922298255239' 'presentdestroyed']
 ['23' '131.6305003614629' 'present']
 ['12' '135.0723461740317' 'present']
 ['5' '140.17781876926497' 'marauded']
 ['19' '140.24838307276983' 'destroyed']
 ['9' '140.36800615942104' 'presentdestroyed']
 ['1' '144.34963528344326' 'presentdestroyed']
 ['1' '146.72752426299397' 'presentdestroyed']
 ['20' '148.15677192880835' 'present']
 ['19' '166.9046939562015' 'present']
 ['5' '171.87414352105003' 'present']
 ['4' '173.79862888955773' 'marauded']
 ['17' '197.61306558838518' 'marauded']
 ['4' '201.8074169476832' 'presentdestroyed']
 ['12' '208.50250074691968' 'present']
 ['1' '224.81703085569768' 'marauded']
 ['15' '228.23140920025597' 'presentdestroyed']
 ['9' '233.58844076429716' 'present']
 ['8' '242.6335777257694' 'present']
 ['17' '260.43108317962015' 'present']
 ['5' '270.4552456835601' 'present']
 ['20' '278.0214047689244' 'marauded']
 ['3' '286.7685378526147' 'present']
 ['15' '290.91564162184915' 'present']
 ['15' '292.54879417290294' 'present']
 ['3' '304.4830563270849' 'present']
 ['19' '307.9187755407718' 'present']
 ['22' '311.2648087106082' 'present']
 ['15' '318.76157186734093' 'marauded']
 ['11' '322.13310967604' 'presentdestroyed']
 ['17' '335.51108355994296' 'present']
 ['15' '337.2692511632532' 'present']
 ['13' '347.0927991520501' 'marauded']
 ['0' '350.85036731605817' 'presentdestroyed']
 ['16' '354.7327522731019' 'marauded']
 ['19' '357.1251953112125' 'presentdestroyed']
 ['3' '357.6446811957582' 'presentdestroyed']
 ['20' '358.1131023494046' 'presentdestroyed']]","[['F60' '29.3208232800633' 'absentdestroyed']
 ['F156' '58.27055868762785' 'absentdestroyed']
 ['F77' '64.23100949123717' 'mated']
 ['F123' '69.69712321117031' 'mated']
 ['F133' '90.92874186001839' 'absent']
 ['F88' '133.63475472141886' 'mated']
 ['F190' '147.62627107256893' 'absent']
 ['F190' '147.69571551701338' 'absent']
 ['F20' '162.30911472395627' 'mated']
 ['F53' '166.0125625746296' 'absent']
 ['F134' '166.04341755703066' 'absent']
 ['F175' '183.51449339775107' 'mated']
 ['F2' '198.43539621268556' 'destroyed']
 ['F121' '209.52395496069883' 'absent']
 ['F200' '219.353654944017' 'mated']
 ['F71' '237.9594926353438' 'mated']
 ['F181' '252.88550526700357' 'mated']
 ['F107' '274.69081655101945' 'mated']
 ['F178' '290.2152538883288' 'absent']]",556.0,70.82292541369017,14.359719547525936,1260.0,207.4659055049438,43.559333210650074,458.0,77.82788964716686,16.600068342985395,9.0,0.8999999999999999,0.09000000000000002,67.0,3.101851851851851,0.14360425240054867
3,0.054,15,360.17285491564274,"[['19' '2.329527534483981' 'present']
 ['17' '35.973740623504085' 'present']
 ['9' '44.746463130248245' 'present']
 ['12' '52.48386689890421' 'marauded']
 ['19' '55.09849146581842' 'presentdestroyed']
 ['8' '63.17573957337905' 'present']
 ['5' '65.03846362799638' 'marauded']
 ['11' '69.49107699710004' 'presentdestroyed']
 ['9' '71.60711604765972' 'presentdestroyed']
 ['9' '72.56964667187196' 'marauded']
 ['22' '86.09363929287765' 'present']
 ['19' '88.18837128810655' 'marauded']
 ['8' '88.42886737201061' 'presentdestroyed']
 ['0' '106.57061210316733' 'present']
 ['11' '109.01341204128484' 'present']
 ['9' '109.65391882237165' 'present']
 ['13' '111.32961625099814' 'present']
 ['16' '112.27566559302396' 'present']
 ['9' '123.51905307733875' 'present']
 ['20' '125.59952785845242' 'present']
 ['19' '125.78691072729862' 'present']
 ['17' '129.28135975517705' 'present']
 ['22' '134.74728961433718' 'present']
 ['12' '141.03330265843562' 'marauded']
 ['5' '145.62152205404092' 'presentdestroyed']
 ['8' '146.2551712713078' 'presentdestroyed']
 ['12' '147.50535831670572' 'presentdestroyed']
 ['4' '154.7105686906709' 'present']
 ['8' '163.1801438707575' 'marauded']
 ['16' '163.63008553423774' 'presentdestroyed']
 ['22' '167.7889545955243' 'presentdestroyed']
 ['5' '182.96239217894785' 'present']
 ['15' '192.92058049852946' 'present']
 ['12' '215.33446881755086' 'marauded']
 ['22' '223.16011788263262' 'present']
 ['20' '241.01673818390324' 'marauded']
 ['17' '242.04906276959372' 'presentdestroyed']
 ['9' '242.57185082922408' 'presentdestroyed']
 ['4' '245.2404658796965' 'presentdestroyed']
 ['22' '247.4125074222539' 'presentdestroyed']
 ['12' '250.84060213810938' 'marauded']
 ['16' '253.50916511633392' 'presentdestroyed']
 ['17' '263.142561390419' 'present']
 ['5' '263.4329646333798' 'present']
 ['11' '278.5246144914554' 'present']
 ['11' '291.46380763753643' 'present']
 ['23' '297.8072491401331' 'present']
 ['2' '300.6867580718513' 'present']
 ['11' '306.49087053436955' 'present']
 ['20' '310.16283229725474' 'present']
 ['15' '315.91844179367433' 'present']
 ['4' '317.2496269924553' 'present']
 ['22' '319.5477621164996' 'present']
 ['22' '331.73768297837483' 'present']
 ['23' '332.34176737300714' 'marauded']
 ['9' '335.5941877378747' 'presentdestroyed']
 ['9' '337.298432157093' 'presentdestroyed']
 ['12' '343.22663899893115' 'present']
 ['17' '346.3730709812115' 'present']
 ['5' '351.0297806615021' 'present']
 ['15' '351.5738526916873' 'present']
 ['20' '351.83218777375345' 'present']
 ['9' '358.6564448280036' 'present']]","[['F135' '9.77887952301057' 'mated']
 ['F120' '63.47755638253627' 'mated']
 ['F194' '89.44459524024039' 'destroyed']
 ['F186' '110.30299704940745' 'mated']
 ['F118' '117.60227230158378' 'mated']
 ['F112' '136.3257792206987' 'mated']
 ['F50' '158.27673973143098' 'absent']
 ['F44' '160.89149900269524' 'mated']
 ['F213' '169.96288264336462' 'destroyed']
 ['F143' '181.5123016833723' 'mated']
 ['F30' '195.29971445963665' 'mated']
 ['F168' '208.1153481211991' 'mated']
 ['F161' '209.69068155857508' 'mated']
 ['F183' '210.76137543226253' 'mated']
 ['F84' '214.41930558640195' 'mated']
 ['F76' '277.0399621060303' 'mated']
 ['F167' '280.1290429893399' 'absent']
 ['F178' '290.23840203647694' 'mated']
 ['F125' '296.96101261129866' 'mated']]",570.0,66.93953952853765,13.380524263758058,1321.0,228.75612964638225,49.41880105763349,356.0,60.853701508405585,13.2368970516137,8.0,0.7999999999999999,0.08000000000000002,58.0,2.6851851851851847,0.12431412894375864
4,0.054,9,359.887655175249,"[['23' '4.786829445741419' 'present']
 ['0' '5.545648787338757' 'present']
 ['19' '5.6086144160400995' 'present']
 ['16' '44.584318160091485' 'present']
 ['1' '50.99148849015469' 'present']
 ['22' '53.238256953549566' 'present']
 ['16' '60.965714464726126' 'present']
 ['1' '68.05766055254276' 'marauded']
 ['12' '83.43152058668852' 'present']
 ['15' '89.43564816723796' 'present']
 ['12' '94.25644556711887' 'present']
 ['17' '108.68683939330248' 'present']
 ['11' '110.65033618173175' 'present']
 ['5' '111.8530030396041' 'marauded']
 ['3' '119.3777675653454' 'present']
 ['23' '124.35025206967583' 'present']
 ['9' '132.90250412661268' 'present']
 ['9' '133.26739380056293' 'present']
 ['3' '140.97908897920342' 'present']
 ['16' '150.3558559595754' 'present']
 ['0' '151.14877157008428' 'present']
 ['2' '152.2219063541464' 'present']
 ['12' '154.03598788019224' 'present']
 ['19' '155.74970163407903' 'present']
 ['11' '156.36916284187916' 'present']
 ['0' '159.8807446228662' 'present']
 ['13' '163.66263859099044' 'present']
 ['12' '170.51927007979359' 'present']
 ['1' '184.20091556063312' 'marauded']
 ['23' '191.48215638294778' 'presentdestroyed']
 ['22' '202.83677305069014' 'present']
 ['3' '209.20698947007318' 'present']
 ['20' '213.0104561820564' 'present']
 ['0' '217.2315464150251' 'marauded']
 ['3' '227.46313014032572' 'present']
 ['16' '230.11669850653817' 'present']
 ['23' '258.2135441781918' 'present']
 ['1' '259.5694042198824' 'present']
 ['5' '265.5550709526621' 'present']
 ['17' '268.0557352766178' 'present']
 ['2' '269.8716669837231' 'present']
 ['15' '278.53931071133655' 'present']
 ['15' '281.5400843067595' 'present']
 ['1' '292.08081277312056' 'present']
 ['0' '294.33085222793574' 'marauded']
 ['22' '300.5758520095724' 'presentdestroyed']
 ['5' '304.6867727963208' 'present']
 ['15' '324.2823264777055' 'present']
 ['15' '324.64768759916893' 'present']
 ['23' '326.5095965016498' 'present']
 ['11' '336.8738316453912' 'marauded']
 ['2' '344.77361331925937' 'present']
 ['1' '351.5751726221509' 'present']
 ['16' '354.57665421887975' 'present']]","[['F154' '74.96813756468632' '']
 ['F142' '90.93864275293195' 'mated']
 ['F12' '94.19779654637095' 'mated']
 ['F190' '147.71886366516154' 'absent']
 ['F3' '170.93783217654322' 'mated']
 ['F28' '174.2969493937562' 'mated']
 ['F212' '209.17233340048463' 'mated']
 ['F83' '233.09754604113672' 'mated']
 ['F74' '240.02409146196248' 'absent']
 ['F113' '243.26439231621265' 'mated']
 ['F160' '259.5531482144112' 'mated']
 ['F70' '268.6179094977335' 'mated']
 ['F95' '304.49510056554084' 'absent']]",562.0,72.38968159771015,15.818371079907966,1430.0,244.29052167405254,53.244967051388336,229.0,37.11269866828542,7.694704908360893,17.0,1.7000000000000004,0.1700000000000001,101.0,4.675925925925931,0.21647805212619983
5,0.054,6,360.66860966205195,"[['0' '2.1774473199651383' 'present']
 ['22' '5.670588887538156' 'present']
 ['4' '5.842391083952664' 'present']
 ['11' '7.204101616494773' 'present']
 ['11' '13.435262628213149' 'present']
 ['23' '30.141590870970113' 'present']
 ['12' '40.74419654465172' 'marauded']
 ['4' '41.892417473763096' 'destroyed']
 ['3' '44.52273891338042' 'presentdestroyed']
 ['2' '46.749728232709266' 'presentdestroyed']
 ['22' '67.98588046993073' 'present']
 ['12' '83.6962580528642' 'present']
 ['15' '87.8999130891293' 'marauded']
 ['20' '99.18539219028861' 'marauded']
 ['0' '105.05785135484177' 'destroyed']
 ['8' '117.5197883467947' 'marauded']
 ['1' '143.5059925496881' 'present']
 ['23' '149.09762107935768' 'present']
 ['1' '161.04524088684718' 'present']
 ['4' '170.153468211392' 'present']
 ['23' '170.42615691700902' 'present']
 ['13' '171.93647851720203' 'present']
 ['4' '183.3739588000119' 'present']
 ['19' '185.34059262701416' 'present']
 ['23' '186.0483815772695' 'present']
 ['22' '191.07601206611247' 'present']
 ['1' '192.7958648140474' 'present']
 ['20' '194.75733388596188' 'marauded']
 ['11' '204.26592837633152' 'marauded']
 ['1' '208.90766265280993' 'destroyed']
 ['11' '231.87369864444733' 'present']
 ['17' '235.42647856536135' 'marauded']
 ['22' '239.32475360577584' 'presentdestroyed']
 ['4' '240.70457677770804' 'presentdestroyed']
 ['0' '241.68098892225714' 'presentdestroyed']
 ['13' '242.76984975262297' 'presentdestroyed']
 ['15' '252.91566378288243' 'present']
 ['15' '278.58560700763286' 'present']
 ['19' '287.64533401640796' 'present']
 ['8' '289.7547553691971' 'present']
 ['15' '300.00383448260544' 'present']
 ['11' '302.7289925197664' 'present']
 ['12' '311.738378021155' 'present']
 ['4' '318.3804833478541' 'present']
 ['23' '322.976147464017' 'marauded']
 ['2' '339.7020246766352' 'present']
 ['22' '340.5442278493791' 'present']
 ['12' '353.08165199970625' 'present']]","[['F27' '69.23063375136243' 'absent']
 ['F41' '71.61982315498787' 'mated']
 ['F180' '78.94821320469273' 'absent']
 ['F17' '150.8389693181647' 'mated']
 ['F67' '173.5832527165927' 'mated']
 ['F168' '208.04590367675465' 'absentdestroyed']
 ['F29' '208.96772512308976' 'absentdestroyed']
 ['F183' '210.73822728411437' 'absentdestroyed']
 ['F116' '217.194275509285' 'absent']
 ['F21' '220.0085486105625' 'mated']
 ['F62' '231.4833638019934' 'mated']
 ['F26' '237.58834024569967' 'destroyed']
 ['F166' '262.72386060532' 'mated']]",568.0,73.52984526505448,15.41102771430091,1407.0,232.68266697362645,49.34424910110369,287.0,48.85636661615609,10.594517919118623,15.0,1.5000000000000002,0.15000000000000008,79.0,3.6574074074074066,0.16932441700960202
6,0.0,8,359.98877210044736,"[['20' '0.08686156482254381' 'present']
 ['3' '2.792459024317441' 'present']
 ['16' '6.638531407489291' 'present']
 ['8' '23.19250433656015' 'present']
 ['22' '32.057884365593445' 'present']
 ['11' '36.67148780188017' 'present']
 ['23' '58.40925621487383' 'present']
 ['8' '59.13189253349048' 'present']
 ['4' '62.58916682388447' 'present']
 ['16' '64.50604305084157' 'present']
 ['17' '67.66666585337227' 'present']
 ['4' '67.75907000423307' 'present']
 ['1' '68.42422695978208' 'present']
 ['2' '68.49681692246283' 'present']
 ['23' '104.65927590775064' 'present']
 ['3' '124.99804702605654' 'present']
 ['17' '133.6961679449467' 'present']
 ['13' '136.4890156926557' 'present']
 ['19' '144.1199935616537' 'marauded']
 ['5' '145.66781835033723' 'presentdestroyed']
 ['19' '148.90636799222779' 'presentdestroyed']
 ['22' '159.85660399384446' 'present']
 ['20' '162.28364870699346' 'present']
 ['15' '162.70152407987914' 'present']
 ['5' '165.18858818589376' 'present']
 ['11' '168.45378052682244' 'present']
 ['20' '179.06273667938132' 'present']
 ['23' '179.37191048540626' 'present']
 ['11' '180.980859338398' 'present']
 ['0' '192.650572686893' 'present']
 ['22' '203.04600480529584' 'present']
 ['11' '214.44814662815807' 'present']
 ['0' '222.295108547829' 'present']
 ['13' '222.92445468408135' 'present']
 ['4' '225.2622534535667' 'present']
 ['13' '226.5750970976367' 'present']
 ['22' '235.88077281664016' 'present']
 ['1' '236.09554637399796' 'present']
 ['11' '236.27912236839887' 'present']
 ['1' '243.37499706246186' 'present']
 ['2' '259.45513246080804' 'present']
 ['4' '273.23377776755075' 'present']
 ['1' '280.6444890836023' 'present']
 ['11' '288.54144731021177' 'present']
 ['8' '292.171351858003' 'present']
 ['22' '295.8194274333935' 'present']
 ['9' '298.04792347951764' 'marauded']
 ['15' '299.48055965595' 'presentdestroyed']
 ['23' '302.31443171819876' 'presentdestroyed']
 ['20' '309.5078239060523' 'marauded']
 ['11' '317.7363818838423' 'marauded']
 ['16' '318.78075522730046' 'presentdestroyed']
 ['22' '328.8100350823738' 'present']
 ['15' '332.09222605315' 'present']
 ['15' '339.1367401047899' 'present']
 ['3' '342.4130476298857' 'present']
 ['17' '343.2163808494021' 'marauded']
 ['17' '350.6369849633236' 'present']]","[['F60' '29.34397142821145' 'mated']
 ['F198' '67.045413157046' 'mated']
 ['F40' '117.64489125042445' 'mated']
 ['F162' '162.77815737017104' 'absent']
 ['F5' '183.81377918246034' 'mated']
 ['F155' '190.52832457367626' 'mated']
 ['F61' '197.5227595593687' 'mated']
 ['F26' '237.56519209755152' 'absent']
 ['F124' '259.6060412506198' 'mated']
 ['F56' '280.1384088893223' 'mated']
 ['F95' '304.518248713689' 'destroyed']]",566.0,70.48636292555663,15.354320540529919,1544.0,259.1209008742169,55.28088684374533,181.0,30.441882127091926,6.5782515648779345,0.0,0.0,0.0,0.0,0.0,0.0
7,0.0,10,360.3202171249566,"[['11' '3.8517919866976453' 'marauded']
 ['20' '29.030503082450174' 'present']
 ['15' '29.642475054546892' 'marauded']
 ['3' '47.33818983639932' 'present']
 ['5' '52.820244280921806' 'present']
 ['9' '54.1409526817114' 'present']
 ['1' '66.41039899070583' 'present']
 ['4' '90.18570013314846' 'marauded']
 ['22' '100.60491694409673' 'present']
 ['12' '106.69377103745882' 'present']
 ['3' '107.95246535402333' 'present']
 ['13' '116.81080523758567' 'present']
 ['2' '120.4037769554295' 'present']
 ['17' '125.00676991777861' 'present']
 ['19' '129.98091241348766' 'present']
 ['8' '135.7701496462372' 'present']
 ['15' '138.08831985526555' 'present']
 ['12' '139.55510504662666' 'present']
 ['22' '148.36524250223908' 'present']
 ['9' '148.4299683164264' 'present']
 ['11' '154.08825271050497' 'present']
 ['3' '154.77227549983076' 'marauded']
 ['13' '154.9457030646142' 'destroyed']
 ['19' '160.66305385295655' 'presentdestroyed']
 ['13' '180.2143726312737' 'present']
 ['2' '190.21643428379988' 'present']
 ['11' '208.0619250978142' 'present']
 ['19' '209.11425721293574' 'present']
 ['16' '216.75586072881327' 'present']
 ['17' '219.88976513936984' 'present']
 ['15' '224.57191170320385' 'marauded']
 ['17' '237.82190771991228' 'present']
 ['3' '249.89882447066822' 'present']
 ['22' '250.29168129087853' 'present']
 ['12' '251.3229988022051' 'present']
 ['0' '257.05095416179273' 'marauded']
 ['17' '268.4102291650975' 'present']
 ['2' '277.45803139565896' 'present']
 ['5' '280.951808407782' 'present']
 ['8' '281.67042773751194' 'present']
 ['11' '290.7003395283947' 'present']
 ['23' '303.6954399148481' 'present']
 ['23' '333.4156399237543' 'present']
 ['0' '333.6953698363121' 'present']
 ['4' '346.2013093721756' 'present']
 ['8' '347.9295470422075' 'present']
 ['20' '353.21854261829344' 'present']
 ['12' '354.3285707397691' 'present']
 ['12' '354.6220623351244' 'present']
 ['15' '355.8988531067916' 'marauded']
 ['13' '358.24835630419824' 'destroyed']
 ['17' '359.83944396373636' 'destroyed']]","[['F91' '59.241330205174684' 'mated']
 ['F47' '64.70774734282159' 'mated']
 ['F79' '118.10352321218201' 'mated']
 ['F109' '126.66556900173597' 'mated']
 ['F50' '158.29988787957913' 'absentdestroyed']
 ['F213' '169.98603079151277' 'mated']
 ['F193' '174.87636712074232' 'mated']
 ['F75' '181.50935745741685' 'absent']
 ['F37' '199.83833897991178' 'mated']
 ['F121' '209.54710310884698' 'mated']
 ['F103' '226.83534694195356' 'destroyed']
 ['F99' '277.9898654989906' 'mated']
 ['F97' '322.8380695593563' 'mated']]",555.0,69.43987872997013,15.368241301225481,1468.0,250.9093903623142,54.849561166039265,226.0,39.6715061673627,8.441490964809311,0.0,0.0,0.0,0.0,0.0,0.0
8,0.054,13,360.535372536051,"[['2' '15.256879961062893' 'present']
 ['11' '15.336765781704838' 'present']
 ['11' '17.49863872529474' 'present']
 ['0' '28.297187694784974' 'present']
 ['3' '36.812202556821966' 'present']
 ['15' '37.96128130997058' 'marauded']
 ['19' '40.13832380747266' 'presentdestroyed']
 ['23' '53.01169405067779' 'present']
 ['4' '57.51198005352136' 'present']
 ['15' '62.43502943235037' 'present']
 ['19' '64.70844827185927' 'present']
 ['5' '69.76914285821077' 'marauded']
 ['16' '75.88409081625791' 'presentdestroyed']
 ['4' '84.44314611358628' 'present']
 ['3' '85.22882618069812' 'present']
 ['12' '86.5989572144688' 'present']
 ['2' '92.05743554192614' 'present']
 ['20' '92.93330576680383' 'present']
 ['12' '93.18606793872918' 'present']
 ['20' '93.35126978784687' 'present']
 ['22' '95.06487461132203' 'present']
 ['22' '95.11117090761833' 'present']
 ['17' '103.32746642128542' 'present']
 ['1' '105.79692337367776' 'marauded']
 ['0' '112.61136638963369' 'presentdestroyed']
 ['17' '117.23069445459863' 'present']
 ['2' '118.5109822441006' 'present']
 ['11' '120.18532124824573' 'present']
 ['23' '124.11433348876773' 'present']
 ['0' '130.26568954374883' 'present']
 ['15' '141.83917177766313' 'present']
 ['2' '147.13726853227956' 'present']
 ['12' '152.56692405614447' 'present']
 ['5' '156.7333302701741' 'present']
 ['23' '162.67780941020138' 'present']
 ['12' '169.78198605674416' 'present']
 ['4' '175.3750497281829' 'marauded']
 ['9' '183.61308223072893' 'present']
 ['22' '187.98078481497717' 'marauded']
 ['4' '196.67272291157153' 'present']
 ['4' '207.05472304567402' 'marauded']
 ['12' '208.20525672803896' 'presentdestroyed']
 ['2' '209.73842094834706' 'presentdestroyed']
 ['0' '219.17531808826217' 'present']
 ['2' '219.71586913152018' 'present']
 ['12' '237.65796947326146' 'present']
 ['2' '244.39356554901175' 'present']
 ['19' '245.12273617738154' 'present']
 ['0' '247.61571554323862' 'present']
 ['16' '256.283866784724' 'present']
 ['13' '257.94705001829414' 'present']
 ['17' '262.8551744613047' 'present']
 ['16' '270.3917983590569' 'present']
 ['17' '274.9017894599618' 'present']
 ['13' '275.3673160728351' 'present']
 ['16' '276.25508146783216' 'present']
 ['12' '287.4454361624835' 'present']
 ['2' '288.9137535720574' 'present']
 ['1' '293.1082513068599' 'marauded']
 ['22' '296.6536876050816' 'presentdestroyed']
 ['15' '299.5268559522463' 'presentdestroyed']
 ['23' '301.00935775069775' 'present']
 ['2' '304.23990055436934' 'marauded']
 ['11' '305.5707186744403' 'presentdestroyed']
 ['19' '306.0847379372877' 'destroyed']
 ['17' '306.2803120418275' 'presentdestroyed']
 ['20' '314.7004679465501' 'present']
 ['19' '315.3013847050068' 'marauded']
 ['15' '320.87279608372' 'presentdestroyed']
 ['13' '324.86564546715175' 'present']
 ['9' '325.85771386700316' 'present']
 ['0' '331.9519209263458' 'present']
 ['4' '332.13331814993273' 'present']
 ['4' '333.8554345054738' 'present']
 ['5' '334.7831184629026' 'present']
 ['11' '335.3556968619639' 'marauded']
 ['13' '335.9466028753529' 'destroyed']
 ['0' '338.8973375947177' 'presentdestroyed']
 ['12' '357.54211021277774' 'present']
 ['20' '359.0756279400919' 'marauded']
 ['19' '359.64270513521154' 'presentdestroyed']]","[['F130' '57.83457037829327' 'mated']
 ['F41' '71.55037871054341' 'absentdestroyed']
 ['F18' '73.37193179928991' 'destroyed']
 ['F154' '75.01443386098262' 'destroyed']
 ['F214' '88.54735761621237' 'mated']
 ['F34' '93.65025130199066' 'mated']
 ['F152' '95.81051703758601' 'mated']
 ['F32' '97.53321697749344' 'mated']
 ['F63' '97.55116470114194' 'mated']
 ['F145' '128.96114861104746' 'mated']
 ['F201' '146.17055643920173' 'mated']
 ['F170' '155.08884795881482' 'mated']
 ['F119' '155.4070812820523' 'mated']
 ['F50' '158.32303602772728' 'absent']
 ['F53' '166.03571072277776' 'absent']
 ['F24' '169.13661347632672' 'absent']
 ['F204' '183.41285781775684' 'mated']
 ['F59' '238.01785195805024' 'mated']
 ['F210' '246.2923004461846' 'mated']]",564.0,71.30670486899048,15.29281576873681,1310.0,224.0474523173376,48.61082817782636,372.0,61.67303431810714,12.680127475734619,6.0,0.6,0.06000000000000001,54.0,2.4999999999999996,0.1157407407407408
9,0.054,8,360.24872056637173,"[['1' '0.023148148148148147' 'present']
 ['23' '10.920803290069843' 'present']
 ['11' '11.540283640073223' 'marauded']
 ['8' '16.590325814032745' 'presentdestroyed']
 ['20' '19.98373765459943' 'present']
 ['4' '20.535513467267403' 'present']
 ['17' '24.32367701912837' 'present']
 ['12' '25.544968617470282' 'marauded']
 ['16' '30.3352252987378' 'presentdestroyed']
 ['17' '30.74317232634216' 'presentdestroyed']
 ['22' '31.17427480192363' 'presentdestroyed']
 ['19' '31.238900691678953' 'destroyed']
 ['22' '32.104180661889735' 'destroyed']
 ['8' '34.657617322046825' 'present']
 ['8' '37.51770311089082' 'present']
 ['3' '43.97549589052527' 'present']
 ['15' '52.297139640480225' 'present']
 ['22' '55.3896480981036' 'marauded']
 ['5' '61.654586226765645' 'presentdestroyed']
 ['22' '65.0427615318453' 'present']
 ['5' '69.72284656191447' 'present']
 ['1' '72.41460677039105' 'present']
 ['2' '73.40073644440308' 'marauded']
 ['5' '83.02912944203874' 'present']
 ['17' '86.2839104062999' 'present']
 ['8' '123.96056764734894' 'present']
 ['23' '129.31428480859776' 'present']
 ['8' '144.59457213063303' 'present']
 ['8' '147.36367415223518' 'present']
 ['22' '152.0043802875919' 'present']
 ['1' '153.9011599485872' 'marauded']
 ['2' '154.45115113156905' 'presentdestroyed']
 ['4' '165.53888035796408' 'marauded']
 ['13' '167.71654322186276' 'presentdestroyed']
 ['23' '174.14207535086064' 'marauded']
 ['11' '177.3500769412544' 'presentdestroyed']
 ['13' '195.1390027558064' 'marauded']
 ['19' '209.64389802760272' 'marauded']
 ['3' '212.37734889785276' 'presentdestroyed']
 ['0' '231.27294645510506' 'present']
 ['5' '231.8041766787553' 'present']
 ['11' '239.6525685777938' 'present']
 ['3' '240.35050347904908' 'present']
 ['13' '241.71908326857513' 'present']
 ['15' '241.75239166413598' 'present']
 ['12' '251.1513033585727' 'present']
 ['16' '251.7772960235469' 'present']
 ['4' '255.43423789736008' 'present']
 ['4' '259.26008056521647' 'present']
 ['13' '259.76727036238566' 'present']
 ['11' '268.0529722901554' 'present']
 ['12' '275.9128614907119' 'present']
 ['13' '278.06543026011894' 'present']
 ['5' '304.0475061590594' 'present']
 ['12' '307.531382747543' 'present']
 ['1' '309.05029010282317' 'marauded']
 ['2' '309.1750504850738' 'destroyed']
 ['23' '314.0435842960868' 'presentdestroyed']
 ['19' '320.2924556418306' 'present']
 ['17' '326.704214407835' 'present']
 ['4' '346.97345127026614' 'present']
 ['3' '347.2115439210388' 'marauded']
 ['22' '350.5364107412973' 'presentdestroyed']]","[['F133' '90.95189000816654' 'mated']
 ['F19' '134.13383427376326' 'mated']
 ['F190' '147.64941922071708' 'absent']
 ['F191' '149.70417498217117' 'absent']
 ['F104' '152.48660773906576' 'mated']
 ['F24' '169.0903171800304' 'absentdestroyed']
 ['F147' '171.43445792668967' 'destroyed']
 ['F159' '203.98417368069454' 'mated']
 ['F100' '210.4656869739661' 'destroyed']
 ['F157' '217.2435653642211' '']
 ['F105' '218.44603276346442' 'mated']
 ['F103' '226.92793953454617' 'mated']
 ['F164' '235.22459520555665' 'mated']
 ['F74' '240.04723961011064' 'mated']
 ['F124' '259.58289310247164' 'absent']]",564.0,70.64425121460589,14.652129114644536,1233.0,218.40186667122057,48.38080901672332,403.0,67.45242276590527,14.190873257540657,6.0,0.6,0.06000000000000001,66.0,3.055555555555555,0.14146090534979422
10,0.0,6,360.0495387849484,"[['8' '0.8203865698463509' 'present']
 ['9' '1.8253786218940335' 'present']
 ['13' '7.888401404847908' 'present']
 ['16' '12.908784740946945' 'marauded']
 ['12' '13.42441939128248' 'presentdestroyed']
 ['5' '16.182711939255846' 'destroyed']
 ['0' '16.407381810761073' 'presentdestroyed']
 ['1' '31.97194380337543' 'present']
 ['9' '35.9203338454936' 'present']
 ['3' '37.0450201314675' 'present']
 ['4' '59.69460650546281' 'marauded']
 ['23' '60.4425520514868' 'presentdestroyed']
 ['17' '65.56461171446453' 'presentdestroyed']
 ['2' '65.68284122465583' 'destroyed']
 ['17' '66.94129250581952' 'presentdestroyed']
 ['20' '76.90362133208924' 'present']
 ['17' '83.62765159245826' 'marauded']
 ['13' '97.07985667088721' 'present']
 ['22' '113.30821272076999' 'present']
 ['12' '115.9685110611315' 'present']
 ['3' '117.23153505105316' 'present']
 ['20' '125.27026904516077' 'present']
 ['23' '134.51144834927356' 'present']
 ['19' '136.90317113120767' 'present']
 ['12' '140.78867752616253' 'present']
 ['19' '143.07023286293492' 'present']
 ['1' '149.151364210938' 'present']
 ['17' '151.16682653439975' 'marauded']
 ['2' '151.17531928895377' 'destroyed']
 ['4' '151.59288331646877' 'presentdestroyed']
 ['11' '160.6474536656792' 'present']
 ['5' '166.26953127701225' 'present']
 ['13' '179.23755478478083' 'present']
 ['2' '183.35079940736512' 'present']
 ['13' '187.52181151086648' 'present']
 ['23' '189.64881465073725' 'present']
 ['11' '190.05891430387922' 'present']
 ['20' '191.85392086087626' 'present']
 ['16' '195.9673517896889' 'present']
 ['15' '202.214674835499' 'present']
 ['15' '208.21896574082783' 'present']
 ['11' '209.53509045733492' 'present']
 ['19' '209.8272369534859' 'present']
 ['20' '218.85198210141817' 'present']
 ['0' '219.12902179196587' 'present']
 ['9' '219.67543600632007' 'present']
 ['22' '226.03895329509217' 'present']
 ['9' '229.33201898301073' 'present']
 ['12' '237.06164285105595' 'present']
 ['15' '237.35082017326405' 'marauded']
 ['1' '243.86114106320045' 'presentdestroyed']
 ['0' '252.16795173257353' 'present']
 ['8' '258.4320769268715' 'present']
 ['0' '261.4591195670267' 'present']
 ['12' '289.0686668967544' 'present']
 ['19' '293.41349525867963' 'present']
 ['3' '295.36563713333857' 'present']
 ['12' '298.7632716292015' 'present']
 ['22' '299.00784878158436' 'present']
 ['11' '301.1973065780079' 'present']
 ['2' '306.70904748520167' 'present']
 ['22' '316.46552942750867' 'marauded']
 ['20' '316.5671924393406' 'destroyed']
 ['4' '318.2868715924031' 'destroyed']
 ['22' '329.848441024285' 'present']
 ['1' '334.0841204257425' 'present']
 ['16' '338.4041082283056' 'marauded']
 ['12' '343.18034270263485' 'presentdestroyed']
 ['15' '344.9246210694967' 'presentdestroyed']
 ['22' '346.8188972662847' 'marauded']
 ['1' '350.97367603977887' 'presentdestroyed']
 ['17' '359.0044167783876' 'marauded']]","[['F110' '48.946803488120985' 'mated']
 ['F31' '54.30601650553164' 'mated']
 ['F6' '55.311443053970386' 'mated']
 ['F117' '77.82307220209499' 'mated']
 ['F137' '89.85159232976544' 'destroyed']
 ['F52' '97.43682107283435' 'mated']
 ['F50' '158.34618417587544' '']
 ['F162' '162.7550092220229' 'absent']
 ['F33' '193.20739227865647' 'mated']
 ['F150' '316.9315173042704' 'destroyed']]",561.0,67.59298474219058,13.229623385760146,1413.0,242.6337635837749,52.121305344581096,290.0,49.79789328438841,10.70751137556185,0.0,0.0,0.0,0.0,0.0,0.0
11,0.054,7,360.2225203846613,"[['5' '6.652712379624286' 'present']
 ['20' '16.313491073563558' 'present']
 ['13' '17.011554328542502' 'present']
 ['23' '22.44292194134327' 'present']
 ['5' '23.896188488991907' 'marauded']
 ['12' '32.16165020085256' 'present']
 ['4' '43.017783119740216' 'present']
 ['5' '62.37998274464768' 'present']
 ['0' '67.18099462131363' 'present']
 ['9' '71.65341234395602' 'present']
 ['5' '109.9099589893403' 'present']
 ['4' '121.36659459599167' 'marauded']
 ['20' '121.92684281896139' 'presentdestroyed']
 ['4' '124.39868328913637' 'presentdestroyed']
 ['12' '126.5154892625888' 'presentdestroyed']
 ['0' '130.21939324745253' 'present']
 ['5' '137.29981040198325' 'marauded']
 ['3' '140.68361077625966' 'presentdestroyed']
 ['0' '171.1341152349547' 'present']
 ['22' '171.5845000983257' 'present']
 ['15' '177.8519628963374' 'present']
 ['3' '183.3485796196764' 'present']
 ['20' '198.72796562508566' 'present']
 ['4' '199.31907788701963' 'present']
 ['15' '201.59310381217182' 'present']
 ['17' '204.75345245852657' 'present']
 ['20' '213.49545134361583' 'present']
 ['9' '236.56839162672253' 'present']
 ['13' '243.59373073274273' 'present']
 ['17' '243.83330790085722' 'present']
 ['4' '244.13548274385414' 'present']
 ['15' '245.49514167345882' 'present']
 ['2' '247.39436058558266' 'present']
 ['4' '247.60317136802948' 'present']
 ['20' '251.91184206130293' 'marauded']
 ['23' '252.81884197068695' 'destroyed']
 ['19' '256.9481071197286' 'destroyed']
 ['16' '277.5497123049932' 'present']
 ['16' '280.1241906003667' 'present']
 ['1' '283.11114258363045' 'present']
 ['12' '288.0540060166008' 'present']
 ['8' '303.82947173412447' 'present']
 ['20' '304.65226366557823' 'present']
 ['20' '307.65958709359074' 'present']
 ['19' '309.64316029087223' 'marauded']
 ['22' '316.3543184212862' 'presentdestroyed']
 ['22' '317.09057274649047' 'destroyed']
 ['23' '323.41311209305445' 'present']
 ['15' '341.61928256948437' 'present']
 ['12' '348.7393565895601' 'present']
 ['22' '358.53522408424146' 'present']]","[['F149' '47.66229566049534' 'mated']
 ['F152' '95.78736888943786' 'absent']
 ['F51' '115.83896436900329' 'mated']
 ['F57' '119.13896601411807' 'mated']
 ['F203' '126.76244065465968' 'destroyed']
 ['F25' '137.89828645612613' 'destroyed']
 ['F14' '137.91558651346327' 'absentdestroyed']
 ['F190' '147.67256736886523' 'absent']
 ['F86' '148.025919625825' 'mated']
 ['F191' '149.68102683402302' 'absent']
 ['F50' '158.3693323240236' 'mated']
 ['F98' '193.72979930415684' 'mated']
 ['F116' '217.2405718055813' 'mated']
 ['F181' '252.83920897070726' 'absentdestroyed']
 ['F87' '317.35747910185114' 'destroyed']]",573.0,67.07397895659854,12.768021625474336,1465.0,256.14618165570704,56.10526463477202,187.0,30.50771755816918,6.602222708219575,19.0,1.9000000000000006,0.1900000000000001,96.0,4.444444444444447,0.2057613168724276
12,0.054,6,360.06502944726554,"[['5' '0.8216210307448657' 'marauded']
 ['8' '1.5270726322653732' 'destroyed']
 ['0' '14.744424002413997' 'marauded']
 ['11' '15.756625173165126' 'destroyed']
 ['19' '17.811278321648448' 'presentdestroyed']
 ['23' '20.281973218710874' 'presentdestroyed']
 ['11' '21.748620929604908' 'destroyed']
 ['5' '31.619055775718653' 'present']
 ['23' '41.935790892798046' 'marauded']
 ['20' '44.363606375847326' 'presentdestroyed']
 ['4' '54.86520208568764' 'present']
 ['17' '62.89852179125737' 'marauded']
 ['13' '64.07150780113541' 'presentdestroyed']
 ['15' '65.31193572992544' 'presentdestroyed']
 ['2' '72.81033911496053' 'marauded']
 ['20' '87.0284066143952' 'present']
 ['9' '93.1011385938569' 'present']
 ['9' '106.94906499841761' 'present']
 ['9' '108.9843396985568' 'present']
 ['19' '126.50296791885792' 'marauded']
 ['17' '131.05145172613376' 'presentdestroyed']
 ['4' '132.33536955780306' 'destroyed']
 ['9' '142.80560131990765' 'present']
 ['19' '157.17797803500082' 'present']
 ['2' '158.53717293661342' 'present']
 ['22' '162.07374224714684' 'marauded']
 ['19' '166.50748772024232' 'presentdestroyed']
 ['22' '181.61538680103476' 'present']
 ['4' '182.26369095767677' 'present']
 ['17' '185.9456090891675' 'present']
 ['11' '192.48968411127615' 'marauded']
 ['4' '209.59751257662455' 'present']
 ['22' '211.76940887819887' 'present']
 ['23' '217.06338974557903' 'marauded']
 ['15' '224.3190764172604' 'destroyed']
 ['0' '225.04335779545937' 'present']
 ['22' '230.28273680843483' 'present']
 ['9' '234.29497137364555' 'present']
 ['22' '243.30581133376717' 'present']
 ['11' '247.52460363914355' 'present']
 ['19' '249.5673631896134' 'present']
 ['11' '251.80512606169847' 'marauded']
 ['23' '255.80177446296415' 'presentdestroyed']
 ['4' '256.3946871489181' 'presentdestroyed']
 ['20' '258.83383712708735' 'presentdestroyed']
 ['19' '263.8571201750052' 'marauded']
 ['16' '264.7224872769008' 'destroyed']
 ['3' '266.1366132163087' 'destroyed']
 ['13' '279.2920212638067' 'marauded']
 ['11' '284.823494268892' 'destroyed']
 ['4' '323.89233686973745' 'present']
 ['5' '332.9123233796548' 'present']
 ['1' '333.58536759899' 'present']
 ['20' '334.320642983582' 'marauded']
 ['23' '339.4844542590574' 'presentdestroyed']
 ['15' '342.0289446765636' 'present']
 ['16' '353.22338009499816' 'present']
 ['20' '356.8846374057185' 'present']
 ['13' '357.59047076991413' 'present']]","[['F180' '78.97136135284089' 'destroyed']
 ['F180' '79.01765764913719' 'destroyed']
 ['F131' '90.08046099647152' 'absent']
 ['F208' '104.04297432202901' 'mated']
 ['F51' '115.81581622085514' 'absent']
 ['F176' '124.13451146610751' 'mated']
 ['F163' '160.9926587778675' 'mated']
 ['F16' '167.64890435216086' 'destroyed']
 ['F78' '180.89273847762902' 'mated']
 ['F168' '208.09219997305095' 'absent']
 ['F157' '217.26671351236925' 'absentdestroyed']
 ['F59' '237.9947038099021' 'absent']
 ['F129' '243.15232948529916' 'mated']
 ['F181' '252.8623571188554' 'destroyed']
 ['F150' '316.8852210079741' 'absent']
 ['F150' '316.95466545241857' 'mated']]",561.0,74.59782400009354,15.770218826511801,1169.0,200.36245538137996,43.28563836157407,459.0,79.63483069140499,17.52084386580837,13.0,1.3,0.13000000000000006,89.0,4.12037037037037,0.19075788751714648
13,0.054,7,360.3738163242073,"[['20' '17.268150251944224' 'present']
 ['1' '18.094887137919414' 'present']
 ['3' '19.36948720293172' 'present']
 ['2' '20.67796929083783' 'present']
 ['5' '26.87946348458527' 'marauded']
 ['2' '30.39839843051962' 'presentdestroyed']
 ['23' '37.09650831038794' 'marauded']
 ['9' '46.603985169696415' 'present']
 ['4' '48.82171301426519' 'marauded']
 ['20' '60.84282483803573' 'present']
 ['19' '76.47736776018033' 'marauded']
 ['16' '80.2726307482437' 'destroyed']
 ['15' '80.39833033543512' 'presentdestroyed']
 ['22' '113.59460024014415' 'present']
 ['4' '126.1211002027182' 'present']
 ['11' '133.42395840067246' 'present']
 ['9' '136.39492772641663' 'present']
 ['1' '146.83895012094325' 'marauded']
 ['23' '147.1728552736864' 'presentdestroyed']
 ['3' '149.79405357748018' 'presentdestroyed']
 ['17' '151.7409958624392' 'presentdestroyed']
 ['5' '153.54898011505972' 'destroyed']
 ['0' '155.1678414218608' 'present']
 ['0' '159.07655209477943' 'present']
 ['23' '161.72391539417592' 'present']
 ['1' '163.28057017547' 'present']
 ['15' '164.8050978237045' 'present']
 ['4' '167.06333964017975' 'present']
 ['12' '186.68355045746227' 'present']
 ['22' '199.7961686110081' 'present']
 ['22' '202.5791594112843' 'present']
 ['23' '206.28557010253246' 'marauded']
 ['19' '207.8898979247831' 'presentdestroyed']
 ['16' '229.81197507529234' 'marauded']
 ['0' '234.7958886496249' 'presentdestroyed']
 ['17' '245.87029500695783' 'present']
 ['17' '248.8106159461143' 'marauded']
 ['8' '250.3291418724891' 'destroyed']
 ['2' '258.77218431936905' 'present']
 ['19' '264.56133665073565' 'present']
 ['19' '267.3211152354232' 'present']
 ['4' '273.55325601128345' 'present']
 ['0' '273.56055410595826' 'present']
 ['20' '274.04009259159335' 'present']
 ['0' '277.0805078641864' 'present']
 ['2' '291.9209529585667' 'present']
 ['12' '292.3683599569099' 'marauded']
 ['12' '301.5843424237881' 'present']
 ['3' '306.94664910155177' 'marauded']
 ['0' '314.7376000376654' 'marauded']
 ['8' '323.63119280492765' 'present']
 ['15' '325.7823915885348' 'present']
 ['11' '326.84907040821565' 'present']
 ['17' '332.505814628231' 'present']
 ['20' '341.31371635108883' 'present']
 ['22' '345.84136569873766' 'present']
 ['16' '347.36245658819996' 'present']
 ['15' '350.13122745804486' 'present']
 ['5' '351.3690107208581' 'present']
 ['4' '354.2335872979995' 'present']]","[['F182' '38.62944873492042' 'destroyed']
 ['F22' '56.81092169957264' 'mated']
 ['F156' '58.29370683577599' 'mated']
 ['F215' '103.67308662065071' 'absent']
 ['F112' '136.2794829244024' 'absent']
 ['F35' '136.40090607939294' 'mated']
 ['F25' '137.94458275242243' 'mated']
 ['F206' '178.7395768415641' 'mated']
 ['F75' '181.532505605565' 'mated']
 ['F168' '208.0690518249028' 'destroyed']
 ['F48' '273.20692541406476' 'absent']
 ['F136' '304.4223020131244' 'mated']]",588.0,67.58008135288831,13.353107909473163,1318.0,220.98350259454716,47.204899662732565,404.0,67.21659244042249,14.376854868093545,11.0,1.0999999999999999,0.11000000000000004,71.0,3.2870370370370363,0.15217764060356645
14,0.0,9,360.2355339692179,"[['16' '4.270722898106903' 'present']
 ['17' '6.187969121794699' 'present']
 ['16' '6.747108159326438' 'present']
 ['20' '12.722846092941687' 'present']
 ['2' '15.072900779353514' 'present']
 ['3' '19.415783499228016' 'marauded']
 ['22' '25.024617750321973' 'presentdestroyed']
 ['19' '31.192604395382656' 'present']
 ['3' '49.99378739158061' 'present']
 ['12' '59.42750739097562' 'present']
 ['4' '60.51382245906285' 'present']
 ['3' '64.89601403218269' 'present']
 ['22' '68.03217676622704' 'present']
 ['2' '68.07948649138575' 'present']
 ['4' '75.83842431930033' 'present']
 ['0' '82.29776193881754' 'marauded']
 ['4' '108.54276234297402' 'present']
 ['11' '112.27995232027476' 'marauded']
 ['13' '135.06726371596835' 'present']
 ['4' '136.10895132014284' 'present']
 ['19' '136.94946742750398' 'present']
 ['1' '141.09172276190256' 'marauded']
 ['5' '142.8368300444875' 'presentdestroyed']
 ['11' '144.40754088924868' 'presentdestroyed']
 ['9' '146.97179378538522' 'presentdestroyed']
 ['12' '150.3248977589902' 'marauded']
 ['4' '154.3766216659483' 'presentdestroyed']
 ['12' '175.40633957996616' 'marauded']
 ['17' '176.44730228677582' 'destroyed']
 ['3' '179.29394135044086' 'presentdestroyed']
 ['16' '182.8193135089419' 'present']
 ['23' '185.40200332672583' 'marauded']
 ['20' '199.12902219200777' 'present']
 ['8' '205.22825008838248' 'present']
 ['17' '209.00073356878895' 'present']
 ['11' '214.67639972733502' 'present']
 ['12' '214.7188793200431' 'present']
 ['5' '215.78946054698525' 'present']
 ['23' '220.9847500644215' 'marauded']
 ['19' '225.95497840330466' 'presentdestroyed']
 ['12' '238.04580425023678' 'present']
 ['22' '239.37104990207214' 'present']
 ['2' '240.75409802792515' 'present']
 ['8' '247.79956070611465' 'present']
 ['12' '247.90324028400664' 'marauded']
 ['20' '250.4223071063265' 'presentdestroyed']
 ['8' '252.01738275609725' 'presentdestroyed']
 ['9' '288.9360372989148' 'present']
 ['17' '289.56246891122674' 'present']
 ['15' '291.08979821445905' 'present']
 ['23' '300.00910154266325' 'present']
 ['9' '307.80006060574755' 'present']
 ['2' '309.93906715772533' 'marauded']
 ['15' '322.65850402096703' 'present']
 ['13' '324.02018546518894' 'present']
 ['12' '326.1319617127763' 'present']
 ['20' '334.65674570039033' 'present']
 ['20' '339.61779348560714' 'present']
 ['20' '351.87848407004975' 'present']
 ['0' '352.9022301630251' 'marauded']
 ['5' '354.75868971637067' 'presentdestroyed']]","[['F127' '61.5406928932505' 'mated']
 ['F137' '89.89788862606174' 'destroyed']
 ['F104' '152.44031144276946' 'destroyed']
 ['F170' '155.06569981066667' 'destroyed']
 ['F134' '166.08971385332697' 'mated']
 ['F147' '171.45760607483783' 'mated']
 ['F146' '196.28915059987608' 'mated']
 ['F187' '202.46719080780198' 'mated']
 ['F199' '213.80495863124173' 'mated']
 ['F103' '226.88164323824986' 'destroyed']
 ['F108' '229.28238711983138' 'mated']
 ['F179' '234.56933305741043' 'mated']
 ['F48' '273.2300735622129' 'mated']
 ['F42' '356.5029725339034' 'destroyed']]",564.0,67.31318411676806,13.400188253486682,1322.0,225.90728712746315,48.705276917950634,387.0,66.98533672324935,14.65994249578426,0.0,0.0,0.0,0.0,0.0,0.0
15,0.054,7,360.0146433043736,"[['16' '0.8742817838212977' 'present']
 ['22' '0.9893991954183786' 'marauded']
 ['2' '4.10740404617748' 'destroyed']
 ['5' '11.072011452534772' 'present']
 ['0' '23.310357266260702' 'present']
 ['12' '28.051591288405614' 'present']
 ['22' '28.731980841915547' 'present']
 ['12' '33.53927855675095' 'present']
 ['4' '34.6708939015837' 'present']
 ['3' '39.65733328329784' 'marauded']
 ['13' '62.705073960324135' 'present']
 ['13' '67.35418898918557' 'marauded']
 ['5' '69.23331524122004' 'presentdestroyed']
 ['5' '75.50909243846557' 'present']
 ['4' '95.64577643552262' 'present']
 ['1' '99.24458692299399' 'marauded']
 ['0' '105.74388224037705' 'presentdestroyed']
 ['9' '107.76784515979072' 'present']
 ['23' '108.99850113533455' 'present']
 ['11' '111.66156451433788' 'present']
 ['1' '126.5768159181649' 'marauded']
 ['19' '127.32260299698672' 'presentdestroyed']
 ['13' '138.79501748844365' 'present']
 ['2' '149.8138805483894' 'present']
 ['11' '151.09706521479407' 'present']
 ['1' '157.93024469409443' 'present']
 ['1' '163.3268664717663' 'present']
 ['4' '165.99467667826968' 'marauded']
 ['1' '178.81932582862004' 'present']
 ['4' '179.10107427103168' 'marauded']
 ['17' '179.51641138678485' 'presentdestroyed']
 ['12' '181.51089366800903' 'presentdestroyed']
 ['13' '184.0289889334418' 'presentdestroyed']
 ['13' '189.1496849038609' 'present']
 ['20' '192.646738403302' 'present']
 ['23' '197.0024044816409' 'present']
 ['16' '208.41626801338694' 'present']
 ['16' '209.39478800163545' 'marauded']
 ['3' '212.42364519414906' 'presentdestroyed']
 ['8' '219.3061912104813' 'present']
 ['22' '227.8806485317007' 'present']
 ['19' '236.08784106167994' 'present']
 ['13' '243.64002702903903' 'present']
 ['12' '244.52012849449943' 'present']
 ['8' '249.27823108603687' 'present']
 ['22' '272.1094571465939' 'present']
 ['8' '291.6424338701317' 'present']
 ['2' '293.3429563693728' 'present']
 ['2' '303.8402617840695' 'present']
 ['5' '307.54313270361286' 'marauded']
 ['4' '310.2561423110785' 'destroyed']
 ['4' '313.3517496548567' 'presentdestroyed']
 ['9' '327.500541694951' 'present']
 ['16' '331.4819488977451' 'present']
 ['5' '332.59701550303475' 'present']
 ['20' '337.80020223460394' 'present']
 ['23' '338.0532671058785' 'present']
 ['1' '348.05271989655955' 'present']
 ['22' '351.77469882815274' 'present']]","[['F23' '32.39604534935264' 'mated']
 ['F123' '69.650826914874' 'destroyed']
 ['F41' '71.59667500683972' 'destroyed']
 ['F18' '73.39507994743806' 'destroyed']
 ['F58' '80.60122755560323' 'mated']
 ['F203' '126.73929250651153' 'absentdestroyed']
 ['F151' '147.98374604533916' 'mated']
 ['F172' '154.72364606411395' 'mated']
 ['F132' '156.21338452736467' 'mated']
 ['F162' '162.82445366646735' 'mated']
 ['F66' '305.97532111256527' 'mated']
 ['F87' '317.3806272499993' 'absent']]",563.0,73.56331570201542,16.084894713668643,1320.0,226.18713714576575,48.848263266307285,337.0,55.045522316703625,11.421917404776634,13.0,1.3,0.13000000000000006,88.0,4.0740740740740735,0.18861454046639203
16,0.054,10,359.9919257633772,"[['20' '15.57169605917572' 'present']
 ['12' '37.69041198325279' 'present']
 ['19' '49.098553302771016' 'marauded']
 ['8' '57.11938817543462' 'presentdestroyed']
 ['4' '61.01890559582254' 'present']
 ['15' '62.64217916717148' 'present']
 ['8' '67.68058199960579' 'marauded']
 ['1' '75.11600763361618' 'presentdestroyed']
 ['2' '82.66981046875738' 'marauded']
 ['1' '83.00381136521871' 'presentdestroyed']
 ['9' '92.91375972231539' 'present']
 ['5' '95.41328341859507' 'present']
 ['23' '98.64069251297222' 'present']
 ['9' '103.99455311086021' 'marauded']
 ['17' '109.35648364227892' 'presentdestroyed']
 ['4' '109.47064665461929' 'presentdestroyed']
 ['20' '117.79836500294903' 'present']
 ['17' '129.32765605147335' 'present']
 ['2' '138.46018844724438' 'present']
 ['5' '142.8831263407838' 'present']
 ['20' '147.46604788655588' 'present']
 ['13' '154.1814653042823' 'marauded']
 ['1' '155.99296742414768' 'presentdestroyed']
 ['1' '157.68945525108396' 'destroyed']
 ['3' '174.6664721815097' 'marauded']
 ['22' '180.60524910265957' 'presentdestroyed']
 ['13' '181.3526772422377' 'presentdestroyed']
 ['12' '188.4820474184157' 'present']
 ['13' '196.82398661179312' 'marauded']
 ['15' '224.45252612889837' 'present']
 ['11' '234.36937399294123' 'marauded']
 ['8' '239.2362674336158' 'presentdestroyed']
 ['11' '240.0701254576755' 'presentdestroyed']
 ['17' '243.78701160456092' 'present']
 ['20' '244.1325383714581' 'present']
 ['4' '245.00177046425716' 'present']
 ['19' '247.3503437775751' 'present']
 ['15' '261.73792569595264' 'present']
 ['15' '280.31259791050826' 'present']
 ['12' '288.0077097203045' 'present']
 ['5' '295.0578114335752' 'marauded']
 ['13' '304.0250801754386' 'marauded']
 ['5' '313.33988438908005' 'present']
 ['3' '315.4315038129937' 'present']
 ['0' '322.25365717962626' 'present']
 ['13' '325.2622663538535' 'present']
 ['15' '332.1779927699505' 'present']
 ['11' '337.6172006390537' 'present']
 ['12' '358.36696933457415' 'present']]","[['F64' '63.67171935040266' 'mated']
 ['F137' '89.87474047791359' '']
 ['F115' '126.06314978366956' 'mated']
 ['F185' '128.61792728979708' 'mated']
 ['F14' '137.93873466161142' 'absent']
 ['F53' '166.05885887092592' 'mated']
 ['F49' '171.4382002300156' 'mated']
 ['F72' '180.6162342217514' 'destroyed']
 ['F0' '195.6641406189387' 'mated']
 ['F11' '204.8372136346709' 'mated']
 ['F102' '207.65033488714124' 'mated']
 ['F207' '209.45862975985239' 'absent']
 ['F169' '211.29890047218674' 'absent']
 ['F114' '246.61603928737463' 'mated']
 ['F81' '284.83084436187704' 'mated']]",574.0,70.1661280321226,14.365375036617925,1329.0,225.09497409758188,48.19966339546838,356.0,60.91162829461468,13.140077812181392,8.0,0.7999999999999999,0.08000000000000002,67.0,3.101851851851851,0.14360425240054867
17,0.054,7,360.1264022991956,"[['20' '4.823515273199265' 'present']
 ['5' '8.147359923178918' 'marauded']
 ['16' '27.698431506501286' 'present']
 ['1' '31.39638031140652' 'present']
 ['15' '33.91163780600827' 'present']
 ['15' '36.51458404744704' 'present']
 ['4' '46.33121913440852' 'marauded']
 ['11' '63.54924073257355' 'present']
 ['16' '64.91391688593446' 'present']
 ['4' '68.05614219122837' 'present']
 ['5' '75.0828782107429' 'present']
 ['11' '75.7466821296901' 'marauded']
 ['20' '75.7965029196106' 'destroyed']
 ['1' '76.99243569904239' 'presentdestroyed']
 ['4' '80.8630792153771' 'presentdestroyed']
 ['12' '82.21726486679096' 'presentdestroyed']
 ['1' '88.94989242103486' 'marauded']
 ['11' '92.63459569610313' 'presentdestroyed']
 ['3' '110.93212706475755' 'present']
 ['9' '112.97639991630089' 'present']
 ['1' '125.43891609815758' 'present']
 ['23' '128.446390270695' 'present']
 ['3' '133.6060580006908' 'present']
 ['23' '138.67711589983094' 'marauded']
 ['23' '140.12220525105172' 'presentdestroyed']
 ['3' '140.63731447996335' 'presentdestroyed']
 ['8' '144.54827583433672' 'destroyed']
 ['16' '152.38784930103324' 'present']
 ['19' '153.61211761011393' 'present']
 ['11' '153.92707375760332' 'marauded']
 ['0' '158.07123487638736' 'destroyed']
 ['20' '162.13735241069716' 'marauded']
 ['0' '169.25496339396517' 'presentdestroyed']
 ['4' '169.78603000150068' 'presentdestroyed']
 ['20' '172.26480662228673' 'present']
 ['13' '174.46736794721053' 'present']
 ['13' '181.95133361053314' 'present']
 ['12' '186.95695753797565' 'marauded']
 ['8' '187.370145955431' 'presentdestroyed']
 ['2' '188.39021446172083' 'presentdestroyed']
 ['23' '196.21650082258014' 'present']
 ['1' '206.9052000341342' 'present']
 ['12' '213.5456455279842' 'present']
 ['1' '225.00962344829028' 'marauded']
 ['19' '227.11191819104087' 'destroyed']
 ['8' '230.31029262674045' 'presentdestroyed']
 ['20' '239.72436093511234' 'present']
 ['4' '245.1941695834002' 'present']
 ['19' '251.5263083390237' 'present']
 ['13' '273.0238434729171' 'present']
 ['22' '275.61879045477895' 'marauded']
 ['11' '301.5536557015547' 'present']
 ['19' '312.7691027840848' 'marauded']
 ['2' '313.36371839734807' 'presentdestroyed']
 ['20' '314.58999119617107' 'presentdestroyed']
 ['4' '316.0705670571846' 'presentdestroyed']
 ['9' '318.43291370974913' 'destroyed']
 ['9' '329.6571479577142' 'present']
 ['0' '335.68333632661603' 'present']
 ['16' '347.31616029190366' 'present']
 ['1' '349.2396509365549' 'present']]","[['F18' '73.41822809558622' 'mated']
 ['F4' '130.44998137202992' 'mated']
 ['F25' '137.92143460427428' 'absent']
 ['F24' '169.11346532817856' 'absentdestroyed']
 ['F2' '198.4585443608337' 'mated']
 ['F157' '217.31300980866556' 'mated']
 ['F89' '221.80477455978988' 'mated']
 ['F46' '291.06106171211025' 'mated']
 ['F93' '300.2126725913175' 'mated']]",574.0,72.03617315625354,14.817928367168367,1303.0,216.2216118954437,45.632869572768094,392.0,67.27618116445257,14.566829038334202,11.0,1.0999999999999999,0.11000000000000004,77.0,3.564814814814814,0.16503772290809313
18,0.0,11,360.24190453146923,"[['23' '7.695843116192109' 'present']
 ['11' '7.971699425679364' 'marauded']
 ['11' '8.624795318901116' 'presentdestroyed']
 ['13' '11.31130284066635' 'presentdestroyed']
 ['1' '18.671607466894784' 'marauded']
 ['1' '19.723791062751513' 'presentdestroyed']
 ['20' '20.030033950895728' 'presentdestroyed']
 ['5' '20.918193671589602' 'presentdestroyed']
 ['19' '24.164899715187776' 'presentdestroyed']
 ['5' '27.624061361413933' 'marauded']
 ['16' '29.277686539818724' 'presentdestroyed']
 ['5' '30.702415477129467' 'destroyed']
 ['20' '33.87451254714105' 'presentdestroyed']
 ['0' '34.658094939866416' 'destroyed']
 ['12' '41.098624169662735' 'present']
 ['5' '53.95279927783663' 'present']
 ['0' '82.44405823511384' 'present']
 ['12' '91.2896219755078' 'present']
 ['16' '96.3160458875579' 'present']
 ['9' '103.5777310816311' 'present']
 ['0' '116.67700293834679' 'present']
 ['1' '127.37353014024171' 'present']
 ['16' '128.37411766642245' 'present']
 ['5' '137.97061010525414' 'present']
 ['20' '150.7939205417862' 'present']
 ['22' '165.05078996335422' 'present']
 ['20' '165.05716607979076' 'present']
 ['0' '168.24591008504638' 'present']
 ['9' '183.922240509607' 'present']
 ['16' '191.66321297981597' 'present']
 ['13' '193.37559679853885' 'present']
 ['0' '203.67924844319992' 'present']
 ['19' '204.8200303249679' 'present']
 ['19' '213.904303489956' 'present']
 ['22' '220.72113825825105' 'present']
 ['17' '224.2122161206648' 'present']
 ['4' '225.308549749863' 'present']
 ['11' '232.79588234292905' 'present']
 ['4' '237.81057369821818' 'present']
 ['11' '247.47830734284724' 'present']
 ['15' '254.7145940744301' 'present']
 ['23' '258.3843607220739' 'present']
 ['2' '259.40883616451174' 'present']
 ['12' '259.66822203619125' 'present']
 ['3' '261.91084626400374' 'present']
 ['2' '263.6526446542558' 'present']
 ['17' '266.1206034302586' 'present']
 ['16' '274.00134337535155' 'present']
 ['11' '276.406222757599' 'present']
 ['22' '297.22831367312233' 'present']
 ['22' '298.96155248528805' 'present']
 ['17' '299.3612858625691' 'marauded']
 ['15' '299.37676479202406' 'destroyed']
 ['17' '306.8095710659944' 'presentdestroyed']
 ['5' '313.29358809278375' 'present']
 ['4' '322.2747115932222' 'marauded']
 ['23' '338.4429239566623' 'present']
 ['12' '344.5411251626312' 'present']
 ['20' '353.6252862874147' 'present']
 ['5' '354.0779983515383' 'present']]","[['F182' '38.675745031216714' 'mated']
 ['F173' '88.53141422801903' 'mated']
 ['F63' '97.52801655299379' 'absent']
 ['F43' '122.18305186280324' 'mated']
 ['F177' '153.38866362700242' 'mated']
 ['F68' '153.5884752022929' 'mated']
 ['F24' '169.15976162447487' 'mated']
 ['F168' '208.0227555286065' 'absent']
 ['F82' '211.96924382409586' 'mated']
 ['F103' '226.90479138639802' 'absent']
 ['F26' '237.61148839384782' 'mated']
 ['F209' '248.59046552192706' 'mated']
 ['F126' '261.14111398761975' 'mated']
 ['F13' '269.32016940300934' 'mated']
 ['F87' '317.40377539814745' 'absent']]",573.0,71.99927735131152,14.92875494165044,1535.0,257.3709934311017,55.18423658872563,180.0,30.63938899967597,6.670555909364544,0.0,0.0,0.0,0.0,0.0,0.0
19,0.054,10,360.6723698952702,"[['4' '0.8188050146854079' 'present']
 ['3' '1.5391447313204538' 'present']
 ['4' '8.953957339801724' 'present']
 ['4' '9.000253636098021' 'present']
 ['22' '10.788901953419215' 'present']
 ['22' '17.852666001578573' 'present']
 ['1' '21.36342000057172' 'present']
 ['16' '23.55129507501964' 'present']
 ['9' '23.69456371168063' 'present']
 ['23' '25.078110372948988' 'present']
 ['15' '32.66452212215913' 'present']
 ['22' '33.49700441365446' 'present']
 ['3' '34.53767783754719' 'present']
 ['0' '41.955686612049874' 'present']
 ['20' '43.06149046111973' 'present']
 ['5' '69.37280549525799' 'present']
 ['11' '79.65270784267418' 'marauded']
 ['13' '84.18392394139343' 'presentdestroyed']
 ['12' '86.3053923584779' 'presentdestroyed']
 ['9' '100.21221799357953' 'present']
 ['3' '100.40875054377975' 'present']
 ['8' '101.01872908079446' 'present']
 ['4' '102.64402944072296' 'present']
 ['17' '105.20864522181158' 'present']
 ['8' '105.79179213080432' 'marauded']
 ['0' '117.59798114274082' 'marauded']
 ['20' '126.66037933515828' 'present']
 ['0' '139.666346260762' 'present']
 ['4' '146.41106729317048' 'present']
 ['11' '147.65969079833496' 'present']
 ['12' '153.92784383642018' 'present']
 ['0' '155.2141377181571' 'present']
 ['11' '160.6937499619755' 'present']
 ['13' '173.60755950020632' 'marauded']
 ['22' '184.0218057199162' 'present']
 ['11' '186.65190539233905' 'marauded']
 ['13' '187.3436817932109' 'destroyed']
 ['11' '192.0127724442276' 'presentdestroyed']
 ['0' '196.3937282599157' 'present']
 ['23' '197.3849176574507' 'present']
 ['12' '200.72665036898275' 'present']
 ['22' '206.86183788819676' 'present']
 ['20' '216.49750929314814' 'marauded']
 ['16' '220.86354638775467' 'presentdestroyed']
 ['23' '223.67012152578613' 'presentdestroyed']
 ['13' '226.17761920233258' 'present']
 ['22' '226.34312933026814' 'present']
 ['15' '228.67940583849287' 'marauded']
 ['15' '230.111059776048' 'presentdestroyed']
 ['3' '234.99040934407398' 'presentdestroyed']
 ['15' '239.75654192930014' 'present']
 ['1' '241.634849987436' 'present']
 ['8' '253.21538696134195' 'present']
 ['16' '256.06432768363794' 'present']
 ['17' '271.3024364897465' 'present']
 ['0' '276.16363924875714' 'present']
 ['4' '280.1362040088767' 'marauded']
 ['2' '294.2434397716764' 'present']
 ['22' '294.3480700921452' 'marauded']
 ['16' '294.9990413510611' 'presentdestroyed']
 ['22' '308.8576460219078' 'present']
 ['8' '314.64312561841604' 'present']
 ['3' '321.44539973413964' 'present']
 ['23' '331.82802139099937' 'marauded']
 ['15' '336.474127109825' 'presentdestroyed']
 ['5' '340.6515681016598' 'present']
 ['22' '341.8682469745036' 'present']
 ['20' '342.53222484337454' 'present']
 ['9' '342.8476975145061' 'present']
 ['4' '346.92715497396983' 'present']]","[['F141' '26.315163652904655' 'mated']
 ['F60' '29.297675131915152' 'absent']
 ['F27' '69.25378189951059' 'mated']
 ['F140' '138.8707917525553' 'mated']
 ['F80' '146.88834670523977' 'mated']
 ['F96' '177.72616407095373' 'destroyed']
 ['F72' '180.63938236989955' '']
 ['F90' '186.421074997641' 'mated']
 ['F100' '210.48883512211424' 'mated']
 ['F200' '219.3073586477207' 'absentdestroyed']
 ['F39' '247.8062395941629' 'absent']
 ['F197' '255.6871202314415' 'mated']
 ['F192' '260.46477549488355' 'mated']
 ['F174' '268.62232410073403' 'mated']
 ['F87' '317.45007169444375' 'mated']]",569.0,70.9350718217746,14.533816003144153,1340.0,223.79233255629725,47.79062062970647,376.0,60.870232415401695,12.483042051107837,13.0,1.3,0.13000000000000006,72.0,3.3333333333333326,0.1543209876543209
20,0.054,5,360.07340231024426,"[['0' '5.150272057974992' 'present']
 ['15' '9.92545136848622' 'present']
 ['8' '14.13459514981158' 'present']
 ['1' '43.77342127860361' 'present']
 ['1' '54.89461316818079' 'present']
 ['16' '62.20433610514747' 'present']
 ['11' '68.41281467203842' 'present']
 ['1' '77.90966945475273' 'present']
 ['16' '78.19882618617034' 'present']
 ['11' '104.93649815824787' 'present']
 ['13' '117.48289292052907' 'present']
 ['13' '120.38163831596155' 'present']
 ['17' '124.4319436976065' 'present']
 ['3' '126.46684542484356' 'present']
 ['16' '131.7847257851096' 'present']
 ['13' '132.77391276725004' 'marauded']
 ['5' '132.9108350994187' 'destroyed']
 ['16' '134.73191948446586' 'destroyed']
 ['4' '135.34662566076216' 'presentdestroyed']
 ['19' '137.53468203818207' 'presentdestroyed']
 ['12' '138.17897545527015' 'presentdestroyed']
 ['22' '170.05586666679167' 'present']
 ['0' '172.1188897665722' 'present']
 ['0' '188.8577835598642' 'present']
 ['13' '193.0505862233646' 'present']
 ['23' '201.16060525163985' 'marauded']
 ['15' '208.97113693419456' 'present']
 ['0' '216.6328718148555' 'present']
 ['13' '224.05133733043664' 'present']
 ['9' '240.81920661999078' 'present']
 ['17' '243.87960419715353' 'present']
 ['23' '258.3380644257776' 'present']
 ['13' '270.8736880435954' 'present']
 ['23' '274.1083004975498' 'present']
 ['1' '278.0500670893783' 'marauded']
 ['11' '278.8396155269092' 'presentdestroyed']
 ['9' '281.45416500211826' 'presentdestroyed']
 ['19' '289.25030817513044' 'present']
 ['9' '291.48474231992714' 'marauded']
 ['19' '292.3892735586584' 'presentdestroyed']
 ['9' '295.7763318991149' 'destroyed']
 ['12' '298.7169753329052' 'present']
 ['9' '299.1745733910843' 'present']
 ['23' '305.11552972742' 'present']
 ['5' '317.03283018441203' 'present']
 ['11' '317.59008558754596' 'marauded']
 ['15' '326.54877159030906' 'marauded']
 ['17' '343.36267714569846' 'marauded']]","[['F194' '89.46774338838854' 'mated']
 ['F7' '92.8863993344191' 'mated']
 ['F215' '103.69623476879886' 'mated']
 ['F36' '116.13677531745418' 'mated']
 ['F118' '117.57912415343563' 'absent']
 ['F40' '117.6217431022763' 'absent']
 ['F112' '136.30263107255055' 'destroyed']
 ['F44' '160.8683508545471' 'absent']
 ['F134' '166.06656570517882' 'absent']
 ['F2' '198.4122480645374' 'absent']
 ['F55' '231.62540605047377' 'mated']
 ['F76' '277.01681395788216' 'absent']]",570.0,70.56952488456834,14.092894603060767,1425.0,241.63738500308142,51.93645125678284,244.0,43.02282916362707,9.473882793307835,11.0,1.0999999999999999,0.11000000000000004,80.0,3.703703703703703,0.17146776406035646
21,0.0,10,360.64360194523033,"[['2' '17.005544647515286' 'present']
 ['15' '24.370006774358128' 'present']
 ['8' '30.555105156212115' 'present']
 ['19' '33.79410313780453' 'marauded']
 ['4' '38.80819058109372' 'presentdestroyed']
 ['19' '53.46360871655381' 'present']
 ['9' '69.08065530652755' 'present']
 ['11' '70.79382680504239' 'present']
 ['1' '88.90359612473856' 'present']
 ['9' '98.4296967655305' 'present']
 ['0' '113.42625592459771' 'present']
 ['12' '116.28176319577821' 'present']
 ['16' '123.58257323066468' 'present']
 ['16' '128.42041396271875' 'present']
 ['0' '132.9044014362079' 'present']
 ['5' '154.72593721776872' 'present']
 ['11' '159.7179120199908' 'present']
 ['23' '171.5108737523937' 'present']
 ['4' '176.48729774774048' 'present']
 ['22' '179.079356642726' 'marauded']
 ['23' '182.2698727714238' 'destroyed']
 ['20' '195.77656043868916' 'present']
 ['13' '199.16953542238622' 'present']
 ['13' '203.16936790883454' 'present']
 ['15' '203.29315931212497' 'present']
 ['20' '211.17488191505302' 'present']
 ['2' '216.74116749883504' 'present']
 ['1' '224.96332715199398' 'present']
 ['4' '230.35925356435462' 'present']
 ['20' '239.77065723140865' 'present']
 ['15' '242.02013735750762' 'present']
 ['5' '244.380496877108' 'present']
 ['17' '268.80400959541436' 'present']
 ['11' '271.65156052019233' 'present']
 ['13' '283.74290023784823' 'present']
 ['2' '285.85662483584815' 'present']
 ['5' '288.81380783626025' 'marauded']
 ['22' '295.1544640884976' 'presentdestroyed']
 ['22' '302.39497512440346' 'present']
 ['12' '303.6936117561386' 'present']
 ['4' '305.49116953175275' 'present']
 ['12' '324.5017637194892' 'marauded']
 ['2' '334.25202172015696' 'marauded']
 ['11' '339.2411510608041' 'destroyed']
 ['20' '355.5802560791877' 'present']
 ['15' '356.3097391015586' 'present']]","[['F202' '21.427979230805303' 'mated']
 ['F184' '52.147658401292624' 'mated']
 ['F154' '74.94498941653816' 'absent']
 ['F122' '132.44001228755866' 'mated']
 ['F104' '152.4634595909176' 'absent']
 ['F162' '162.8013055183192' 'absent']
 ['F106' '203.66745444750853' 'mated']
 ['F169' '211.3220486203349' 'mated']
 ['F200' '219.33050679586884' 'absent']
 ['F103' '226.8584950901017' 'absent']
 ['F101' '231.604234688135' 'mated']
 ['F148' '280.5522682567316' 'mated']
 ['F95' '304.54139686183714' 'mated']
 ['F1' '315.42901216159385' 'mated']
 ['F54' '357.40179002432666' 'mated']]",560.0,72.05440373851346,15.131271990254346,1546.0,257.3945621645418,54.976472758899405,174.0,30.65364729947043,6.664178655959481,0.0,0.0,0.0,0.0,0.0,0.0
22,0.054,7,359.95070829537605,"[['8' '9.063309587322296' 'present']
 ['0' '30.493797877215165' 'present']
 ['0' '33.8739426578692' 'marauded']
 ['4' '35.07312125385951' 'presentdestroyed']
 ['11' '47.91050133621351' 'present']
 ['23' '65.49446762575948' 'present']
 ['2' '81.30357804461735' 'present']
 ['3' '99.07025209133363' 'present']
 ['9' '100.16592169728322' 'present']
 ['1' '101.53267788085641' 'present']
 ['16' '111.8721632655469' 'present']
 ['8' '116.5103788876124' 'marauded']
 ['15' '116.75957418932234' 'destroyed']
 ['0' '117.41462859171764' 'presentdestroyed']
 ['8' '122.90481851424342' 'presentdestroyed']
 ['5' '128.68565629635253' 'present']
 ['0' '129.89127246096598' 'present']
 ['0' '136.0193897909106' 'present']
 ['4' '136.9355716958593' 'present']
 ['2' '138.50648474354068' 'marauded']
 ['0' '142.3993529227099' 'destroyed']
 ['13' '144.90002376587853' 'presentdestroyed']
 ['9' '147.86450267410862' 'present']
 ['2' '154.91994404965803' 'present']
 ['13' '167.67024692556646' 'present']
 ['11' '195.96703756781892' 'present']
 ['1' '205.87693028417831' 'present']
 ['4' '215.72413590679926' 'present']
 ['20' '224.02670212726414' 'present']
 ['4' '236.41544085585448' 'present']
 ['17' '247.21794330849264' 'present']
 ['12' '251.79985677913965' 'present']
 ['16' '253.207116623565' 'marauded']
 ['20' '257.6115257701896' 'presentdestroyed']
 ['17' '258.20299119472173' 'presentdestroyed']
 ['2' '264.2122863306277' 'present']
 ['23' '267.99641513114807' 'present']
 ['2' '268.45965439016715' 'present']
 ['11' '269.04060399273715' 'present']
 ['11' '277.94804240104327' 'marauded']
 ['13' '280.7287125733127' 'destroyed']
 ['5' '284.4725585674013' 'presentdestroyed']
 ['12' '296.17963972165137' 'present']
 ['23' '320.5883113142631' 'marauded']
 ['15' '339.54933482121197' 'present']
 ['3' '341.36936288268157' 'present']
 ['23' '345.7145900374899' 'present']
 ['17' '346.0429606339598' 'present']
 ['17' '351.6468586790232' 'present']
 ['11' '353.84444829756205' 'present']
 ['5' '359.0726175493073' 'present']]","[['F154' '74.99128571283447' 'absent']
 ['F154' '75.03758200913077' 'absent']
 ['F43' '122.15990371465509' 'absentdestroyed']
 ['F190' '159.7420118133097' 'mated']
 ['F16' '167.672052500309' 'mated']
 ['F138' '179.9778360608612' 'mated']
 ['F72' '180.6625305180477' 'mated']
 ['F139' '197.66881165103297' 'mated']
 ['F29' '208.99087327123792' 'mated']
 ['F73' '245.41750078772247' 'mated']
 ['F124' '259.5597449543235' 'destroyed']]",557.0,73.30618594004059,16.770721943289814,1461.0,244.70563273928335,52.10732025756479,223.0,36.92993365101939,7.6285565189878755,9.0,0.8999999999999999,0.09000000000000002,90.0,4.166666666666667,0.19290123456790093
23,0.054,11,360.5907477095777,"[['3' '10.171787930324536' 'present']
 ['15' '11.299552990111623' 'marauded']
 ['13' '25.558523051246695' 'present']
 ['0' '25.80320138759784' 'present']
 ['22' '31.97368444276983' 'present']
 ['8' '32.01103350427485' 'present']
 ['12' '36.873435617858185' 'present']
 ['8' '37.95345665664847' 'present']
 ['19' '42.71091752836731' 'marauded']
 ['19' '45.1143360932549' 'presentdestroyed']
 ['16' '46.07951938597902' 'presentdestroyed']
 ['3' '46.550862731375915' 'presentdestroyed']
 ['11' '51.41446501704094' 'present']
 ['12' '53.69066954854223' 'present']
 ['9' '54.7999269627044' 'present']
 ['13' '66.74837730286579' 'marauded']
 ['0' '80.58457112725603' 'marauded']
 ['2' '80.6541068833319' 'destroyed']
 ['20' '84.24729745544677' 'presentdestroyed']
 ['17' '86.3302067025962' 'presentdestroyed']
 ['1' '103.87869643341247' 'present']
 ['4' '106.63749781330688' 'present']
 ['2' '107.65623948830608' 'present']
 ['13' '114.9773950646147' 'marauded']
 ['17' '120.1885918994335' 'destroyed']
 ['3' '124.95175072976024' 'present']
 ['16' '151.76325937624344' 'present']
 ['0' '153.24301450220844' 'present']
 ['4' '154.21317914222607' 'marauded']
 ['0' '164.6965563996987' 'present']
 ['11' '169.1475735587742' 'present']
 ['17' '176.6302782358082' 'present']
 ['0' '183.73632312298128' 'present']
 ['11' '199.6203503897914' 'present']
 ['0' '204.44984874545463' 'present']
 ['12' '206.6279188312747' 'marauded']
 ['1' '226.75567623093664' 'marauded']
 ['22' '240.7242075572573' 'present']
 ['20' '244.28276466963692' 'present']
 ['15' '247.99452960316117' 'present']
 ['15' '254.05377676995317' 'present']
 ['19' '262.7705803883866' 'present']
 ['17' '266.45632114763833' 'present']
 ['9' '285.20151424445555' 'marauded']
 ['2' '304.38619685066567' 'present']
 ['3' '321.49169603043595' 'present']
 ['11' '324.2850049246204' 'present']
 ['9' '328.6602431834913' 'present']
 ['8' '329.74387548480274' 'present']
 ['11' '332.886276866219' 'present']
 ['5' '333.5719974338925' 'present']
 ['15' '346.4005476985167' 'present']
 ['16' '348.4489411104325' 'marauded']
 ['4' '348.506631470944' 'destroyed']]","[['F27' '69.20748560321428' 'destroyed']
 ['F41' '71.57352685869157' 'destroyed']
 ['F205' '74.8754517637444' 'mated']
 ['F180' '78.99450950098904' 'absent']
 ['F214' '88.52420946806421' 'destroyed']
 ['F137' '89.94418492235805' 'mated']
 ['F131' '90.10360914461967' 'mated']
 ['F128' '105.99532779326458' 'mated']
 ['F118' '117.55597600528748' 'destroyed']
 ['F79' '118.08037506403386' 'destroyed']
 ['F45' '129.57549924361084' 'mated']
 ['F158' '168.031763044356' 'mated']
 ['F65' '171.72036381422083' 'mated']
 ['F94' '174.9767917925255' 'mated']
 ['F165' '187.3841549439646' 'mated']
 ['F121' '209.50080681255068' 'destroyed']
 ['F92' '239.8823237340081' 'mated']
 ['F188' '257.1307266048368' 'mated']]",577.0,66.9054748918734,12.892789404411243,1340.0,227.10850393644725,48.59593632150635,346.0,61.01331880466786,13.510100442711297,15.0,1.5000000000000002,0.15000000000000008,77.0,3.564814814814814,0.16503772290809313
