id,probability_maraud,successful_mating,next_foraging_time,mar_attempts,mate_attempts,foraging_events,foraging_hrs,foraging_sqhrs,staying_events,staying_hrs,staying_sqhrs,repairing_events,repairing_hrs,repairing_sqhrs,marauding_events,marauding_hrs,marauding_sqhrs,traveling_events,traveling_hrs,traveling_sqhrs
0,0.054,10,360.2596978088479,"[['7' '8.388555968633337' 'marauded']
 ['6' '8.75813937844914' 'presentdestroyed']
 ['4' '15.397769947106955' 'presentdestroyed']
 ['5' '16.037058745704933' 'marauded']
 ['5' '20.501965097946233' 'presentdestroyed']
 ['5' '28.10040739142375' 'present']
 ['1' '28.10229579460675' 'present']
 ['1' '28.106925424236376' 'present']
 ['5' '28.487915556441475' 'present']
 ['5' '29.44017155013105' 'present']
 ['1' '40.67088117357765' 'present']
 ['2' '46.25213362120997' 'marauded']
 ['7' '48.18466352289907' 'destroyed']
 ['1' '58.64760698204297' 'present']
 ['6' '73.45028301468186' 'present']
 ['4' '74.10255172132797' 'present']
 ['7' '75.55062689367136' 'present']
 ['1' '82.47208414296861' 'present']
 ['6' '87.76318895154026' 'present']
 ['7' '104.39664122503714' 'marauded']
 ['6' '105.71397157716818' 'presentdestroyed']
 ['6' '109.43931023166411' 'presentdestroyed']
 ['6' '111.41147013023237' 'present']
 ['2' '122.87129945692142' 'present']
 ['6' '130.81184867617873' 'present']
 ['6' '131.83874722143273' 'marauded']
 ['4' '138.86232783461116' 'presentdestroyed']
 ['5' '139.37637039166307' 'presentdestroyed']
 ['5' '160.38395108211995' 'present']
 ['7' '180.01962455819705' 'present']
 ['7' '192.6537396583913' 'marauded']
 ['5' '194.53310775773102' 'presentdestroyed']
 ['4' '196.17548348785647' 'presentdestroyed']
 ['6' '199.1162596411082' 'presentdestroyed']
 ['1' '219.53826178296805' 'present']
 ['1' '221.60651674060293' 'present']
 ['4' '227.30455647829567' 'present']
 ['6' '227.54425244341874' 'present']
 ['5' '236.5663201997214' 'marauded']
 ['1' '236.73593361958777' 'destroyed']
 ['2' '237.41691784114312' 'presentdestroyed']
 ['2' '246.301037322661' 'present']
 ['2' '246.5102736585525' 'marauded']
 ['1' '258.4586604081044' 'present']
 ['7' '260.72391436545536' 'present']
 ['6' '276.5810972696365' 'present']
 ['4' '280.1741598772089' 'present']
 ['5' '286.7590438484934' 'present']
 ['7' '289.5404786137849' 'present']
 ['2' '299.21630921043436' 'present']
 ['2' '305.68880064415526' 'present']
 ['7' '313.0469663611879' 'present']
 ['2' '316.60156876823226' 'present']
 ['1' '325.81487483382483' 'present']
 ['5' '344.951003230103' 'present']
 ['6' '347.6046954916726' 'present']
 ['6' '352.23237367326794' 'present']]","[['F4' '33.55722176558141' 'mated']
 ['F59' '75.10994116472494' 'absent']
 ['F3' '77.0624407515826' 'mated']
 ['F29' '87.16844130428346' 'mated']
 ['F48' '106.528894508877' 'destroyed']
 ['F71' '112.61874361235922' 'mated']
 ['F12' '113.85152292691181' 'mated']
 ['F42' '176.32871618210186' 'absent']
 ['F24' '188.3886002253681' 'mated']
 ['F16' '205.4067639787844' 'mated']
 ['F26' '217.98518722153716' 'mated']
 ['F27' '293.1125750171434' 'mated']
 ['F66' '332.86792776188474' 'mated']]",566.0,71.46941245772622,14.433833838959847,1406.0,237.97829765037747,50.52484439171712,290.0,48.90357191120065,10.405366259740594,13.0,1.3,0.13000000000000006,80.0,0.3703703703703706,0.001714677640603565
1,0.054,10,360.7552908344949,"[['0' '0.11977998266134506' 'present']
 ['7' '0.2869212976041649' 'marauded']
 ['7' '2.6297323451056496' 'presentdestroyed']
 ['6' '5.793467092622081' 'presentdestroyed']
 ['6' '6.44678817044157' 'destroyed']
 ['6' '8.316623477798197' 'present']
 ['7' '16.954549037072255' 'present']
 ['6' '18.733597308838' 'present']
 ['6' '25.184103928294448' 'present']
 ['6' '28.703763035635344' 'present']
 ['6' '30.883913181836174' 'present']
 ['4' '31.668625337956378' 'marauded']
 ['6' '41.921720498438994' 'present']
 ['2' '59.228765782652395' 'present']
 ['2' '61.208269068817906' 'present']
 ['0' '66.80031695276104' 'present']
 ['6' '70.22787921697788' 'present']
 ['0' '73.30464700768972' 'present']
 ['0' '81.02229637082' 'present']
 ['0' '81.56225677584601' 'present']
 ['6' '91.65140501543817' 'present']
 ['2' '91.6875112916795' 'present']
 ['0' '100.18308356908109' 'present']
 ['0' '103.73857721436262' 'present']
 ['4' '106.20245831245654' 'present']
 ['0' '111.34446496113816' 'present']
 ['2' '111.53606624532547' 'marauded']
 ['5' '111.97718477366794' 'presentdestroyed']
 ['4' '117.1920643478506' 'presentdestroyed']
 ['4' '138.75769820498155' 'marauded']
 ['7' '142.32801066953598' 'presentdestroyed']
 ['2' '152.30109481501077' 'present']
 ['7' '154.87291032871906' 'marauded']
 ['7' '155.47829831001928' 'presentdestroyed']
 ['0' '156.84065077294522' 'presentdestroyed']
 ['0' '164.8442631833068' 'present']
 ['2' '166.7201786069382' 'present']
 ['0' '174.22993886253087' 'present']
 ['0' '176.83613753058728' 'present']
 ['0' '180.06948615889866' 'present']
 ['2' '194.30968565677804' 'present']
 ['2' '196.65575277823226' 'present']
 ['2' '206.11357143697887' 'present']
 ['4' '207.83616905899336' 'marauded']
 ['0' '211.33814685628508' 'presentdestroyed']
 ['2' '213.58042656807467' 'destroyed']
 ['5' '215.891312913003' 'present']
 ['4' '216.82595163866128' 'present']
 ['5' '223.13555238645458' 'present']
 ['4' '227.19766579473688' 'present']
 ['6' '230.8151477082935' 'present']
 ['7' '259.28728914123724' 'present']
 ['5' '261.47761821145' 'present']
 ['0' '262.8862660296656' 'present']
 ['7' '268.0750535797738' 'present']
 ['5' '272.7503285203759' 'present']
 ['2' '275.7740911882693' 'present']
 ['0' '285.27464619701743' 'present']
 ['5' '287.1995444583647' 'present']
 ['4' '299.6981423106224' 'present']
 ['2' '301.5600770194662' 'present']
 ['5' '321.26028661102765' 'present']
 ['6' '321.530281398048' 'present']
 ['2' '323.0413983542306' 'present']
 ['7' '328.4953154043359' 'present']
 ['5' '335.30179762814413' 'marauded']
 ['5' '352.96321914955985' 'present']
 ['5' '355.7123417289453' 'present']]","[['F3' '77.05318149232336' 'absent']
 ['F3' '77.06012593676779' 'absent']
 ['F71' '112.61642879754442' 'destroyed']
 ['F22' '133.700598176623' 'mated']
 ['F47' '135.09904965686877' 'mated']
 ['F40' '137.18060278468803' 'mated']
 ['F49' '143.63050179991515' 'destroyed']
 ['F57' '171.85796706442412' 'mated']
 ['F42' '176.3356606265463' 'mated']
 ['F0' '181.72189659982428' 'mated']
 ['F20' '187.25654031934025' 'mated']
 ['F17' '194.1041208875969' 'mated']
 ['F1' '215.015938296641' 'destroyed']
 ['F15' '226.32142057523993' 'absent']
 ['F54' '273.43556387442584' 'mated']
 ['F21' '279.71729599723375' 'mated']
 ['F10' '338.7881959093036' 'destroyed']]",579.0,71.056959934108,14.122147401479273,1437.0,244.93913892499717,52.61744416219088,245.0,42.72570056722111,9.074326851598995,10.0,0.9999999999999999,0.10000000000000003,79.0,0.365740740740741,0.0016932441700960204
2,0.054,11,360.07553472170616,"[['7' '2.6343619747352793' 'present']
 ['4' '29.060327820642527' 'present']
 ['5' '34.56245176894428' 'present']
 ['6' '35.916005221322' 'marauded']
 ['6' '36.155833704158354' 'presentdestroyed']
 ['5' '37.25180328055347' 'presentdestroyed']
 ['5' '37.716728479313204' 'presentdestroyed']
 ['7' '42.79772255892173' 'present']
 ['1' '45.12979314351459' 'present']
 ['7' '46.921322014337214' 'present']
 ['5' '47.89518196741811' 'present']
 ['1' '48.230518460832066' 'present']
 ['5' '51.352326381549744' 'present']
 ['0' '58.52992581501949' 'present']
 ['5' '65.22617094834263' 'marauded']
 ['0' '65.56020253602009' 'presentdestroyed']
 ['5' '66.90891492828688' 'presentdestroyed']
 ['7' '73.73351975419759' 'marauded']
 ['6' '76.14704708507661' 'presentdestroyed']
 ['4' '90.77628557134379' 'present']
 ['1' '93.37232814540958' 'present']
 ['0' '96.14064150756148' 'present']
 ['5' '109.9930468161413' 'present']
 ['4' '140.2110878113378' 'present']
 ['1' '151.7255716809769' 'present']
 ['7' '155.67800445684574' 'present']
 ['7' '158.721203885496' 'present']
 ['4' '169.21216603082854' 'present']
 ['0' '170.8146867284203' 'present']
 ['6' '172.69154077600538' 'marauded']
 ['4' '174.26227303043413' 'presentdestroyed']
 ['6' '178.02089575507296' 'presentdestroyed']
 ['7' '183.22080526254896' 'present']
 ['1' '189.37182120642325' 'present']
 ['7' '190.29984758921748' 'present']
 ['7' '203.8208326059804' 'present']
 ['4' '207.94079868862298' 'present']
 ['6' '215.48004983193616' 'present']
 ['1' '219.53363215333843' 'present']
 ['5' '233.60639346888374' 'present']
 ['4' '233.94532670064038' 'present']
 ['5' '236.22194865225737' 'present']
 ['1' '242.14311642229214' 'present']
 ['1' '248.88064408202564' 'present']
 ['7' '250.81058324304615' 'present']
 ['5' '251.30048452365736' 'present']
 ['7' '255.70674474414574' 'present']
 ['5' '255.90491401662' 'present']
 ['7' '262.0756576558962' 'present']
 ['5' '265.1138416800324' 'marauded']
 ['1' '299.46466157943655' 'present']
 ['1' '301.10330057265816' 'present']
 ['6' '326.2678951933447' 'present']
 ['1' '326.49031712989165' 'present']
 ['1' '332.4679561497422' 'present']
 ['6' '335.11468850288406' 'present']
 ['5' '336.8908144177481' 'present']
 ['0' '358.07262837492704' 'marauded']
 ['7' '358.9144955412664' 'presentdestroyed']
 ['1' '359.9008108305997' 'presentdestroyed']]","[['F8' '77.361444909409' 'destroyed']
 ['F50' '117.67680407429825' 'mated']
 ['F9' '121.37308754549395' 'mated']
 ['F2' '142.22440862687452' 'absent']
 ['F31' '153.5154562605405' 'absent']
 ['F68' '164.29009030107244' 'mated']
 ['F11' '169.7829258837981' 'absent']
 ['F34' '171.20090587841224' 'mated']
 ['F20' '175.2449662452662' 'destroyed']
 ['F20' '187.25191068971063' 'absent']
 ['F70' '203.05991451964684' 'mated']
 ['F1' '215.02056792627062' 'mated']
 ['F43' '228.2688064671171' 'mated']
 ['F5' '253.22988922467326' 'mated']
 ['F52' '279.89683141403503' 'mated']
 ['F14' '321.38466282712335' 'mated']
 ['F51' '326.5493146848118' 'mated']]",576.0,68.4734588291686,13.874124867631238,1536.0,257.36298905219786,54.60764709858483,199.0,32.42394387398208,6.674868928620624,14.0,1.4000000000000001,0.14000000000000007,84.0,0.38888888888888923,0.0018004115226337432
3,0.0,9,360.3004684428193,"[['5' '0.28783220202283066' 'present']
 ['4' '9.671228864333262' 'present']
 ['5' '25.559320975636364' 'present']
 ['2' '29.437943605867325' 'present']
 ['4' '33.73986935051609' 'present']
 ['0' '35.11740763753853' 'present']
 ['7' '35.57121615641137' 'present']
 ['6' '41.31419511308529' 'present']
 ['2' '51.762413524109746' 'present']
 ['1' '56.71039827321144' 'present']
 ['4' '58.51969401659309' 'present']
 ['0' '61.51311675685213' 'present']
 ['2' '61.98054046502925' 'present']
 ['0' '62.55861291417576' 'present']
 ['4' '69.5343144225283' 'marauded']
 ['0' '69.80138993364235' 'presentdestroyed']
 ['7' '82.09662905282883' 'present']
 ['2' '87.69510994776819' 'present']
 ['4' '91.35686194229238' 'present']
 ['1' '99.88122034008569' 'present']
 ['1' '104.0788351526144' 'present']
 ['2' '105.49203062773613' 'present']
 ['2' '106.73863720349735' 'present']
 ['2' '107.00961130294407' 'marauded']
 ['7' '115.65600286371975' 'present']
 ['2' '117.71701203550656' 'present']
 ['0' '119.20849459598222' 'present']
 ['4' '119.66114611570903' 'present']
 ['1' '125.42260070787275' 'present']
 ['6' '149.10057501209764' 'present']
 ['5' '151.62990398804106' 'present']
 ['5' '151.90336051491389' 'present']
 ['2' '153.54726623288914' 'present']
 ['0' '170.4467212690151' 'marauded']
 ['2' '181.49063907110596' 'present']
 ['7' '181.57146422445595' 'marauded']
 ['0' '183.59730540420676' 'presentdestroyed']
 ['4' '184.1635132523581' 'destroyed']
 ['5' '185.4969822343143' 'presentdestroyed']
 ['7' '187.66331473126206' 'presentdestroyed']
 ['6' '211.90508394966614' 'present']
 ['7' '217.82313789405856' 'present']
 ['4' '219.10963901753718' 'present']
 ['0' '221.5106917295435' 'present']
 ['0' '222.28780553841028' 'present']
 ['6' '225.78557955294508' 'present']
 ['1' '230.43318398406103' 'marauded']
 ['1' '242.290022145761' 'present']
 ['7' '242.5962263147853' 'marauded']
 ['2' '243.58045840316825' 'presentdestroyed']
 ['4' '246.85936836494756' 'presentdestroyed']
 ['4' '248.4759036833097' 'presentdestroyed']
 ['4' '253.54645169571037' 'present']
 ['2' '264.3940806359767' 'present']
 ['5' '287.01186709133594' 'present']
 ['7' '287.89183013067657' 'present']
 ['5' '301.6299446931301' 'present']
 ['6' '308.45800365915426' 'present']
 ['7' '308.50927177097384' 'present']
 ['1' '309.42617091010476' 'present']
 ['2' '317.75966161009757' 'present']
 ['2' '325.03026357004' 'present']
 ['6' '333.3736517524199' 'present']
 ['6' '337.32124124064967' 'present']
 ['0' '343.0505400029989' 'present']
 ['7' '344.1700571234857' 'present']
 ['2' '345.67357310901434' 'marauded']
 ['1' '349.49925429671566' 'destroyed']
 ['5' '352.0038664169892' 'destroyed']
 ['5' '352.03083440307165' 'destroyed']
 ['2' '352.1684163082919' 'presentdestroyed']
 ['1' '355.09284237565174' 'present']]","[['F25' '79.36851000693274' 'mated']
 ['F39' '81.46271254208344' 'mated']
 ['F48' '106.53120932369181' 'mated']
 ['F33' '121.59697596176645' 'mated']
 ['F37' '131.06781037718076' 'mated']
 ['F49' '143.63513142954477' 'mated']
 ['F31' '153.5177710753553' 'mated']
 ['F44' '155.44852796044012' 'mated']
 ['F57' '171.8556522496093' 'destroyed']
 ['F63' '174.39026329048147' 'destroyed']
 ['F42' '176.33334581173148' 'absentdestroyed']
 ['F55' '212.38328893889883' 'mated']
 ['F1' '215.0136234818262' 'absent']
 ['F43' '228.26649165230228' 'absent']]",555.0,72.03169644530414,15.527740464498958,1454.0,244.75832632621058,52.45237565868312,246.0,43.28860319186894,9.755395384056268,0.0,0.0,0.0,0.0,0.0,0.0
4,0.054,9,360.11570544237554,"[['7' '17.429503984646637' 'present']
 ['6' '20.009035084069122' 'present']
 ['6' '30.45441767687651' 'present']
 ['6' '37.07846590110697' 'marauded']
 ['0' '45.63302125769839' 'present']
 ['2' '48.28412344377075' 'present']
 ['7' '48.927391900438685' 'marauded']
 ['2' '49.009912229182696' 'presentdestroyed']
 ['0' '58.40889123354767' 'present']
 ['6' '60.26782690509594' 'marauded']
 ['6' '75.07639803130299' 'present']
 ['6' '78.07424699939533' 'present']
 ['7' '81.72881052208163' 'present']
 ['1' '82.6678499323373' 'marauded']
 ['6' '83.69594385647055' 'presentdestroyed']
 ['7' '86.05897231343104' 'presentdestroyed']
 ['1' '101.48691274858983' 'present']
 ['6' '107.7716563714196' 'marauded']
 ['5' '111.28074198520135' 'presentdestroyed']
 ['5' '111.98181440329756' 'presentdestroyed']
 ['7' '112.21993632381465' 'destroyed']
 ['2' '132.67366746025934' 'present']
 ['1' '151.89163340291907' 'present']
 ['1' '152.295669479497' 'present']
 ['7' '152.50971312242586' 'present']
 ['0' '162.50778283333625' 'present']
 ['6' '164.8548133177764' 'present']
 ['0' '175.88828121116953' 'marauded']
 ['0' '182.67254478190065' 'presentdestroyed']
 ['1' '186.53507305290634' 'marauded']
 ['0' '187.3210661608761' 'presentdestroyed']
 ['6' '188.69141641991237' 'presentdestroyed']
 ['7' '210.84303985262363' 'present']
 ['0' '211.4784415353719' 'present']
 ['7' '212.71687017566705' 'present']
 ['7' '212.84378457560894' 'present']
 ['5' '214.44598118913592' 'present']
 ['2' '219.35199102056535' 'marauded']
 ['7' '221.1571123894211' 'destroyed']
 ['1' '226.14817673198442' 'destroyed']
 ['7' '226.46438245624472' 'presentdestroyed']
 ['6' '228.6179244728606' 'present']
 ['0' '229.35558059116934' 'present']
 ['0' '231.04924102394588' 'present']
 ['5' '233.94383236629534' 'marauded']
 ['6' '235.2919052632092' 'presentdestroyed']
 ['2' '237.4122882115135' 'presentdestroyed']
 ['5' '238.96497579733133' 'presentdestroyed']
 ['1' '257.0324897806711' 'marauded']
 ['5' '263.76979247311243' 'presentdestroyed']
 ['7' '264.78380026968426' 'present']
 ['5' '285.4131866272827' 'present']
 ['7' '286.67975603167207' 'present']
 ['1' '287.9206678422923' 'present']
 ['2' '290.6477678560345' 'present']
 ['0' '291.03849526122394' 'marauded']
 ['2' '292.02519179564933' 'presentdestroyed']
 ['7' '294.832494348051' 'destroyed']
 ['0' '295.26000431723503' 'presentdestroyed']
 ['1' '301.41562999443056' 'marauded']
 ['1' '301.54643670184544' 'presentdestroyed']
 ['2' '307.45487110340514' 'presentdestroyed']
 ['7' '309.03753621459003' 'presentdestroyed']
 ['7' '309.0421658442197' 'presentdestroyed']
 ['2' '309.11850444565107' 'presentdestroyed']
 ['7' '310.80315378620696' 'present']
 ['7' '311.30598955213713' 'marauded']
 ['6' '314.77120164756735' 'presentdestroyed']
 ['2' '315.03798333942575' 'presentdestroyed']
 ['6' '318.40754376237993' 'present']
 ['0' '319.18193961951965' 'marauded']
 ['1' '320.97766470188446' 'destroyed']
 ['2' '321.7920028449658' 'presentdestroyed']
 ['2' '329.80908915742896' 'marauded']
 ['6' '342.8187089356539' 'marauded']
 ['2' '342.8555603453623' 'presentdestroyed']
 ['5' '351.9992367873595' 'present']
 ['7' '353.3370224255573' 'present']
 ['7' '354.8478082272485' 'marauded']
 ['1' '358.4186567388882' 'presentdestroyed']]","[['F3' '77.05781112195298' 'absent']
 ['F8' '77.36607453903862' 'mated']
 ['F29' '87.16612648946865' 'destroyed']
 ['F23' '98.16129874648679' 'mated']
 ['F62' '105.33929757427154' 'mated']
 ['F45' '118.85921865871464' 'mated']
 ['F35' '132.03731186135315' 'mated']
 ['F2' '142.2220938120597' 'absent']
 ['F63' '174.3948929201111' 'mated']
 ['F46' '175.61036387097894' 'mated']
 ['F0' '181.71958178500947' 'destroyed']
 ['F64' '185.1828070831978' 'mated']
 ['F20' '187.25422550452544' 'destroyed']
 ['F1' '215.0182531114558' 'absent']
 ['F7' '232.93921065425565' 'mated']]",551.0,69.71185270325974,14.444715175375658,1098.0,188.19590117081324,40.95805325425379,603.0,101.37646570211507,21.56806974274495,5.0,0.5,0.05000000000000001,58.0,0.2685185185185183,0.0012431412894375847
5,0.054,4,360.2036188954641,"[['0' '5.037625497070454' 'present']
 ['6' '7.567165347678074' 'marauded']
 ['7' '13.112075269418975' 'presentdestroyed']
 ['4' '24.535355458589176' 'present']
 ['4' '34.456467886999995' 'present']
 ['7' '66.96783748286039' 'present']
 ['6' '75.4521212899105' 'marauded']
 ['0' '77.46394047756013' 'presentdestroyed']
 ['7' '77.61865743335599' 'presentdestroyed']
 ['1' '79.30819385369112' 'presentdestroyed']
 ['1' '80.95558820064734' 'presentdestroyed']
 ['1' '82.15158480289726' 'presentdestroyed']
 ['1' '85.18070186279482' 'marauded']
 ['2' '86.4011670316075' 'presentdestroyed']
 ['6' '90.96383878229038' 'destroyed']
 ['6' '92.51949982837478' 'destroyed']
 ['1' '92.7861570568491' 'presentdestroyed']
 ['4' '94.53670039958226' 'present']
 ['1' '96.09144318391994' 'marauded']
 ['0' '113.73731945000632' 'present']
 ['2' '118.34672158175351' 'marauded']
 ['2' '120.98705658678476' 'destroyed']
 ['0' '123.14004255466357' 'presentdestroyed']
 ['0' '125.83357077565606' 'destroyed']
 ['0' '128.34257447830004' 'marauded']
 ['1' '129.82395935281158' 'presentdestroyed']
 ['4' '138.22340723391486' 'present']
 ['4' '138.86695746424078' 'present']
 ['6' '141.63699554735223' 'marauded']
 ['4' '145.44840014481898' 'destroyed']
 ['6' '149.84890691155098' 'present']
 ['7' '152.98748613653868' 'marauded']
 ['2' '154.72923437523053' 'presentdestroyed']
 ['2' '156.1812496858413' 'presentdestroyed']
 ['1' '172.82028054239314' 'present']
 ['0' '173.0578009294779' 'marauded']
 ['1' '174.98812276513704' 'destroyed']
 ['1' '175.26748181486124' 'presentdestroyed']
 ['1' '180.39155184470982' 'present']
 ['7' '192.5120210928702' 'present']
 ['2' '194.40719025381165' 'present']
 ['7' '202.3163142013295' 'present']
 ['0' '203.16704249948228' 'present']
 ['2' '206.6978004400148' 'marauded']
 ['4' '216.5467068803909' 'present']
 ['1' '220.63065873081146' 'present']
 ['0' '224.92120601172513' 'marauded']
 ['6' '228.2444517362223' 'presentdestroyed']
 ['2' '240.6917563442875' 'present']
 ['4' '242.43530541622107' 'present']
 ['2' '255.4100686330847' 'present']
 ['0' '257.1023383147132' 'present']
 ['7' '269.24878699842316' 'present']
 ['7' '274.16753738186276' 'marauded']
 ['7' '275.6230342635126' 'presentdestroyed']
 ['7' '275.62766389314226' 'presentdestroyed']
 ['6' '276.68326037462367' 'destroyed']
 ['0' '278.1998392412205' 'presentdestroyed']
 ['2' '290.65239748566415' 'marauded']
 ['1' '292.9250062824002' 'destroyed']
 ['6' '295.5425670689623' 'destroyed']
 ['0' '309.4649075456883' 'marauded']
 ['0' '312.5595975126435' 'presentdestroyed']
 ['0' '314.4064736924019' 'destroyed']
 ['2' '315.0333537097961' 'presentdestroyed']
 ['1' '326.6553673411024' 'marauded']
 ['6' '328.29993783152304' 'presentdestroyed']
 ['1' '332.9937355723316' 'presentdestroyed']
 ['7' '340.8888284046368' 'present']
 ['0' '343.0459103733692' 'present']
 ['6' '347.6093251213023' 'present']
 ['6' '348.27553671422623' 'present']
 ['1' '349.494624667086' 'present']
 ['2' '351.0763503266667' 'present']
 ['7' '353.59514710053674' 'present']
 ['7' '356.96614841316347' 'present']]","[['F3' '77.05549630713817' 'destroyed']
 ['F8' '77.36375972422381' 'destroyed']
 ['F2' '142.2197789972449' 'absentdestroyed']
 ['F44' '155.4462131456253' 'destroyed']
 ['F11' '169.7852406986129' 'mated']
 ['F63' '174.39257810529628' 'destroyed']
 ['F20' '175.24033661563658' 'destroyed']
 ['F20' '175.247281060081' 'destroyed']
 ['F15' '226.31910576042512' 'destroyed']
 ['F69' '243.40008764722342' 'mated']
 ['F38' '264.32315667868176' 'mated']
 ['F10' '338.79051072411846' 'mated']]",569.0,73.78127325257118,14.999091197220638,1145.0,193.60384361018708,40.65380829369272,537.0,91.50868065967724,19.620338019230473,8.0,0.7999999999999999,0.08000000000000002,70.0,0.3240740740740741,0.0015003429355281194
6,0.054,11,360.0663427897933,"[['5' '2.2765217343064763' 'present']
 ['4' '15.187106094401239' 'present']
 ['5' '16.287937515916934' 'present']
 ['2' '23.827665018787673' 'present']
 ['7' '32.4454770154226' 'present']
 ['0' '37.795804633181774' 'present']
 ['1' '47.106070754034185' 'present']
 ['4' '48.622969789873764' 'present']
 ['5' '50.673137922945855' 'present']
 ['7' '50.80010049356488' 'marauded']
 ['0' '53.84639496006681' 'presentdestroyed']
 ['0' '62.030715953858184' 'marauded']
 ['4' '77.67356129331768' 'present']
 ['1' '78.05624681727673' 'present']
 ['1' '80.23913679487976' 'present']
 ['4' '81.14005958895099' 'present']
 ['2' '83.0644705364916' 'present']
 ['1' '96.72250203321668' 'present']
 ['2' '116.22359736946072' 'marauded']
 ['4' '116.51026002803401' 'presentdestroyed']
 ['7' '127.27921682906151' 'present']
 ['2' '128.2126745815613' 'present']
 ['4' '130.50970992652097' 'present']
 ['7' '158.9465899980982' 'present']
 ['7' '168.77934562673283' 'present']
 ['1' '169.8440426418094' 'present']
 ['1' '185.46618220484675' 'present']
 ['7' '186.6135415695816' 'present']
 ['5' '200.1707010776842' 'present']
 ['0' '202.8686946497239' 'marauded']
 ['2' '209.05636549017694' 'presentdestroyed']
 ['5' '221.61705613429243' 'present']
 ['5' '224.55907994831512' 'present']
 ['2' '227.38978291935314' 'present']
 ['4' '243.3577472371777' 'present']
 ['7' '257.8287351969021' 'present']
 ['7' '263.80673507119866' 'marauded']
 ['4' '266.97706541668674' 'presentdestroyed']
 ['0' '269.9812010444927' 'presentdestroyed']
 ['1' '271.6643246976292' 'present']
 ['2' '278.3841612110911' 'present']
 ['1' '279.4769770423626' 'present']
 ['0' '288.99459815801197' 'present']
 ['0' '288.99922778764164' 'present']
 ['7' '289.5451082434146' 'present']
 ['2' '298.5956996141216' 'present']
 ['7' '300.23692892568346' 'present']
 ['7' '307.84555789023955' 'present']
 ['7' '313.04233673155824' 'present']
 ['2' '315.1960412360673' 'present']
 ['5' '318.36581799904286' 'present']
 ['4' '338.881156428739' 'present']
 ['5' '344.9556328597327' 'present']
 ['1' '350.29877864612706' 'present']
 ['0' '353.5901242211339' 'present']
 ['0' '358.66382398207656' 'present']]","[['F56' '40.18266873308901' 'mated']
 ['F59' '75.11225597953975' 'mated']
 ['F32' '96.51617633907574' 'mated']
 ['F9' '121.37077273067914' 'destroyed']
 ['F65' '130.00079441511033' 'mated']
 ['F49' '143.63281661472996' 'absent']
 ['F60' '171.0795053112579' 'mated']
 ['F20' '175.24959587489582' 'absent']
 ['F67' '181.08433818614517' 'mated']
 ['F41' '191.3452357805173' 'mated']
 ['F16' '205.4044491639696' 'destroyed']
 ['F6' '223.56462272900757' 'mated']
 ['F7' '232.93689583944084' 'absent']
 ['F61' '284.03390978182' 'mated']
 ['F53' '289.6102141960566' 'mated']
 ['F30' '298.17799677166664' 'mated']]",562.0,69.7624193632564,14.735974049493414,1513.0,258.07210596733086,55.70134169888467,173.0,30.749786949319954,6.660991747145405,11.0,1.0999999999999999,0.11000000000000004,79.0,0.365740740740741,0.0016932441700960204
7,0.054,8,360.27075193114024,"[['6' '2.3190798820631606' 'present']
 ['2' '6.4750591862148426' 'present']
 ['2' '17.05703513308625' 'present']
 ['6' '21.804487401829515' 'marauded']
 ['0' '23.61385208952828' 'presentdestroyed']
 ['2' '24.1763315996091' 'presentdestroyed']
 ['6' '36.16046333378799' 'present']
 ['4' '45.73794392860292' 'present']
 ['2' '48.09516069500447' 'present']
 ['1' '48.30254777199916' 'present']
 ['5' '52.28883293845139' 'present']
 ['5' '55.73213337511975' 'marauded']
 ['0' '58.97195111824753' 'presentdestroyed']
 ['5' '63.697284746757255' 'present']
 ['5' '69.45944936058166' 'present']
 ['1' '74.1143135819745' 'present']
 ['5' '95.03897065742441' 'marauded']
 ['6' '95.83416299483962' 'presentdestroyed']
 ['4' '96.32244073890158' 'presentdestroyed']
 ['4' '100.45862732735648' 'presentdestroyed']
 ['2' '116.32822699909033' 'present']
 ['2' '117.1168792831499' 'marauded']
 ['4' '123.73184781344195' 'presentdestroyed']
 ['4' '127.69196661351525' 'marauded']
 ['1' '129.8285889824412' 'presentdestroyed']
 ['4' '135.49448448086397' 'present']
 ['5' '139.08892779385602' 'present']
 ['0' '141.957935756924' 'present']
 ['0' '144.23002661461206' 'marauded']
 ['4' '147.87645816760127' 'presentdestroyed']
 ['6' '152.56498425643278' 'present']
 ['6' '153.43645865586134' 'present']
 ['5' '169.29454075166018' 'present']
 ['1' '169.84867227143903' 'marauded']
 ['6' '179.83573351309636' 'present']
 ['1' '193.80868181102718' 'present']
 ['0' '202.54530343434976' 'present']
 ['0' '204.31265682741426' 'present']
 ['5' '206.44265256736068' 'present']
 ['4' '206.7538053408734' 'present']
 ['6' '215.47542020230654' 'present']
 ['1' '223.9312699460919' 'present']
 ['2' '227.6902965646217' 'present']
 ['2' '228.88702296732274' 'marauded']
 ['6' '230.2070229633419' 'destroyed']
 ['4' '231.15692112621232' 'presentdestroyed']
 ['6' '232.50121355814767' 'presentdestroyed']
 ['0' '235.1898953436779' 'presentdestroyed']
 ['1' '242.2946517753906' 'present']
 ['2' '244.5640416682753' 'present']
 ['1' '259.0331386702659' 'present']
 ['0' '262.13956985278486' 'present']
 ['0' '270.1952195379136' 'present']
 ['1' '277.249641708251' 'marauded']
 ['6' '291.7171302667711' 'present']
 ['6' '293.14969575332907' 'present']
 ['0' '302.04482168789093' 'present']
 ['2' '316.9572229838437' 'marauded']
 ['1' '317.51102340723133' 'destroyed']
 ['2' '327.0718116748354' 'present']
 ['0' '330.59213174394245' 'present']
 ['2' '331.1585607746566' 'present']
 ['0' '344.81960482165795' 'marauded']
 ['5' '348.35973146286557' 'presentdestroyed']
 ['2' '349.6868259418306' 'presentdestroyed']
 ['0' '354.83843588765507' 'present']
 ['5' '359.9058572106273' 'present']]","[['F48' '106.52657969406219' 'absent']
 ['F13' '115.3023467276523' 'mated']
 ['F2' '142.22672344168933' 'mated']
 ['F49' '143.62818698510034' 'absent']
 ['F20' '175.2426514304514' 'destroyed']
 ['F46' '175.60804905616413' 'destroyed']
 ['F42' '176.33103099691667' 'destroyed']
 ['F58' '181.3536961485293' 'mated']
 ['F64' '185.18049226838298' 'absent']
 ['F19' '198.85403325015662' 'mated']
 ['F36' '203.1699662924948' 'mated']
 ['F28' '218.3732939561796' 'mated']
 ['F15' '226.32373539005474' 'mated']
 ['F18' '267.5215487812371' 'mated']
 ['F52' '279.8945165992202' 'absentdestroyed']]",570.0,68.96232683669677,13.71956760320618,1342.0,221.99401091466322,46.60163580680205,399.0,67.1698957545079,14.388109140531464,15.0,1.5000000000000002,0.15000000000000008,86.0,0.39814814814814853,0.0018432784636488323
