id,probability_maraud,successful_mating,next_foraging_time,mar_attempts,mate_attempts,foraging_events,foraging_hrs,foraging_sqhrs,staying_events,staying_hrs,staying_sqhrs,repairing_events,repairing_hrs,repairing_sqhrs,marauding_events,marauding_hrs,marauding_sqhrs,traveling_events,traveling_hrs,traveling_sqhrs
0,0.0,7,360.00085801932465,"[['10' '19.016233439483027' 'present']
 ['1' '21.977411737189456' 'present']
 ['3' '33.15871635310841' 'present']
 ['9' '37.04640381185902' 'present']
 ['20' '45.49395625104685' 'present']
 ['9' '45.68826760947936' 'present']
 ['6' '48.03900573468818' 'marauded']
 ['18' '58.60592498932005' 'marauded']
 ['6' '64.41202345092826' 'presentdestroyed']
 ['5' '73.9094653971137' 'present']
 ['5' '74.76088211384162' 'present']
 ['17' '77.71389758272176' 'present']
 ['1' '89.43424582375859' 'present']
 ['7' '94.94772082765395' 'present']
 ['22' '111.6806146808868' 'present']
 ['5' '144.3768344732857' 'present']
 ['5' '153.3266446588593' 'present']
 ['20' '171.00997136297005' 'marauded']
 ['22' '175.6284970502644' 'presentdestroyed']
 ['1' '186.9594340621856' 'present']
 ['5' '194.49080515822416' 'present']
 ['2' '201.2400622487973' 'present']
 ['2' '201.60690530437478' 'present']
 ['17' '229.8088716449026' 'present']
 ['3' '235.2168587862963' 'present']
 ['9' '240.93839184512493' 'present']
 ['3' '253.7299362955108' 'present']
 ['22' '291.24370674132234' 'present']
 ['1' '310.5503583072989' 'present']
 ['1' '325.5725380180619' 'present']
 ['1' '336.21123796726937' 'marauded']
 ['10' '339.1724304853777' 'presentdestroyed']
 ['5' '340.9491948709651' 'presentdestroyed']
 ['10' '343.2015045629072' 'presentdestroyed']
 ['5' '351.4272705942807' 'present']
 ['9' '356.09326433595606' 'present']]","[['F69' '45.291246903595194' 'mated']
 ['F68' '64.67180436776594' 'destroyed']
 ['F207' '112.65530120393389' 'absent']
 ['F199' '145.87761827743668' 'mated']
 ['F138' '160.18270910710524' 'mated']
 ['F91' '172.62816441010585' 'destroyed']
 ['F37' '180.7710289076813' 'mated']
 ['F163' '193.184224830384' 'mated']
 ['F23' '208.73505135929327' 'mated']
 ['F196' '234.78507009263112' 'mated']]",569.0,73.34239475803679,16.023382832941945,1527.0,262.1334237978143,57.03150613294363,142.0,24.527352200606217,5.2026956655888075,0.0,0.0,0.0,0.0,0.0,0.0
1,0.054,15,360.29274508850915,"[['5' '0.371733847306864' 'present']
 ['6' '28.248240656985033' 'present']
 ['20' '39.64792986631735' 'present']
 ['2' '40.25937463829746' 'present']
 ['5' '40.38030618736838' 'marauded']
 ['18' '41.527252161673935' 'destroyed']
 ['20' '71.06152101319655' 'marauded']
 ['6' '80.95718867132918' 'present']
 ['10' '85.33353013666785' 'present']
 ['17' '111.55055359785912' 'present']
 ['22' '115.0010539644315' 'present']
 ['9' '122.80698041287131' 'present']
 ['9' '137.6975270997213' 'present']
 ['2' '147.69081903668985' 'present']
 ['17' '151.72768478595844' 'present']
 ['2' '167.67650943938233' 'present']
 ['20' '168.82537299483926' 'marauded']
 ['5' '173.13095445056442' 'presentdestroyed']
 ['3' '195.64852550884365' 'present']
 ['17' '197.20261894456053' 'present']
 ['3' '207.8468358751131' 'marauded']
 ['22' '220.84465898752822' 'marauded']
 ['7' '224.59795334250063' 'presentdestroyed']
 ['16' '248.7019645971921' 'present']
 ['18' '251.0791344408969' 'present']
 ['16' '259.4512220463053' 'present']
 ['7' '262.57225685817565' 'present']
 ['16' '262.7417780127821' 'marauded']
 ['16' '319.6552750624947' 'present']
 ['7' '327.5119896005698' 'present']
 ['18' '349.99423512158563' 'present']
 ['5' '351.0448180459928' 'present']]","[['F17' '42.78679795745267' 'destroyed']
 ['F115' '53.85174943122336' 'mated']
 ['F132' '56.81862517424346' 'mated']
 ['F189' '81.80789891606209' 'mated']
 ['F206' '116.13109450293206' 'mated']
 ['F102' '120.52675203956487' 'absent']
 ['F82' '136.89173865774296' 'absent']
 ['F121' '139.72543446935245' 'mated']
 ['F119' '149.01264373689764' 'mated']
 ['F99' '149.51067124194603' 'mated']
 ['F178' '159.79113528523902' 'absent']
 ['F8' '175.0830154414938' 'destroyed']
 ['F77' '183.1835102503458' 'mated']
 ['F131' '189.15387277892572' 'mated']
 ['F187' '192.67919146544884' 'mated']
 ['F185' '236.77327147419106' 'mated']
 ['F43' '238.88233495562412' 'mated']
 ['F123' '245.5468418478727' 'mated']
 ['F106' '260.72123718870967' 'mated']
 ['F134' '284.5214672466235' 'absent']
 ['F76' '330.6636803378949' 'absent']
 ['F215' '338.165504699894' 'mated']]",562.0,70.01571840784126,14.013083940500115,1464.0,248.1879860278913,53.65694183990729,215.0,36.37234751593244,8.051593457040472,14.0,1.4000000000000001,0.14000000000000007,87.0,4.027777777777777,0.1864711934156376
2,0.054,8,360.0698651903564,"[['7' '0.7372617618756252' 'marauded']
 ['16' '8.088967784553535' 'presentdestroyed']
 ['1' '27.88417834976015' 'present']
 ['3' '38.27749918497782' 'present']
 ['9' '55.50040647974554' 'marauded']
 ['6' '57.596711482163016' 'destroyed']
 ['17' '82.80476985887756' 'present']
 ['10' '93.5653394186178' 'marauded']
 ['16' '102.78964089687564' 'marauded']
 ['17' '105.64365875012255' 'presentdestroyed']
 ['10' '105.73868190430554' 'presentdestroyed']
 ['1' '106.34531364344947' 'presentdestroyed']
 ['5' '107.67780002383428' 'presentdestroyed']
 ['1' '115.35861399548726' 'present']
 ['9' '116.50670551233065' 'marauded']
 ['20' '139.6914419832562' 'marauded']
 ['10' '141.4883524319164' 'presentdestroyed']
 ['22' '144.4927639589471' 'presentdestroyed']
 ['5' '169.0918184003162' 'present']
 ['22' '169.47311724914496' 'present']
 ['7' '176.0228490676623' 'present']
 ['7' '177.51795556086958' 'marauded']
 ['1' '186.57300493715132' 'marauded']
 ['22' '203.2405528687022' 'present']
 ['6' '220.93423932190152' 'present']
 ['22' '234.0940525367075' 'present']
 ['17' '239.7352846461639' 'marauded']
 ['17' '240.78707802140573' 'destroyed']
 ['3' '250.6439122297597' 'marauded']
 ['16' '255.67705948831318' 'presentdestroyed']
 ['1' '257.6006346412407' 'presentdestroyed']
 ['3' '258.5825467084403' 'present']
 ['22' '259.98115705268856' 'marauded']
 ['9' '263.52470913076786' 'presentdestroyed']
 ['1' '307.4039337795656' 'marauded']
 ['1' '310.70568521812885' 'presentdestroyed']
 ['10' '312.939247961224' 'presentdestroyed']
 ['16' '319.79152583392903' 'present']
 ['3' '320.919917904784' 'present']
 ['6' '324.8844021257777' 'present']
 ['6' '324.930698422074' 'present']
 ['22' '325.00569913208125' 'present']
 ['22' '331.261538750912' 'present']
 ['1' '335.23030366280096' 'present']
 ['9' '343.8827359410486' 'present']
 ['1' '353.81684345960923' 'present']]","[['F133' '28.16355098501006' 'mated']
 ['F127' '62.00574304705623' 'destroyed']
 ['F84' '85.8185695508875' 'absent']
 ['F20' '91.72145026839158' 'absent']
 ['F2' '111.95066213344214' 'mated']
 ['F13' '130.02815346838725' 'mated']
 ['F194' '153.49852559541782' 'absent']
 ['F175' '176.01977953029382' 'mated']
 ['F198' '184.42846701235644' 'destroyed']
 ['F33' '214.47268781606084' 'absent']
 ['F71' '229.60318141221182' 'mated']
 ['F118' '250.4638389323506' 'mated']
 ['F202' '262.86050838058884' 'destroyed']
 ['F201' '305.18887252035773' 'mated']
 ['F212' '341.71494000667735' 'mated']]",574.0,67.51480567437324,13.503845455486767,1253.0,214.90092084497093,47.06150522204933,410.0,73.41288443247939,16.439337807240804,12.0,1.2,0.12000000000000005,67.0,3.101851851851851,0.14360425240054867
3,0.054,6,360.2632662156437,"[['16' '0.023148148148148147' 'present']
 ['5' '13.633414187109977' 'present']
 ['17' '17.252013780272772' 'present']
 ['16' '37.86512937253473' 'present']
 ['7' '50.45062381125373' 'present']
 ['16' '51.12292972211473' 'present']
 ['6' '55.39128873779959' 'marauded']
 ['1' '56.714595633535865' 'destroyed']
 ['7' '71.73168620654758' 'marauded']
 ['17' '73.567301896677' 'presentdestroyed']
 ['1' '85.94686167906798' 'present']
 ['10' '103.96737027098332' 'present']
 ['6' '111.44253189256192' 'present']
 ['18' '135.3386022104863' 'present']
 ['20' '141.06789746148308' 'marauded']
 ['20' '145.01833921781636' 'presentdestroyed']
 ['18' '147.20270889647247' 'presentdestroyed']
 ['9' '150.74079672962137' 'present']
 ['5' '154.03677008756998' 'present']
 ['6' '160.4112806619899' 'present']
 ['17' '170.325991828388' 'marauded']
 ['22' '184.77749786849216' 'marauded']
 ['7' '192.2998872528731' 'presentdestroyed']
 ['22' '204.48004885503994' 'present']
 ['5' '209.59436727069988' 'present']
 ['2' '212.0702563890397' 'present']
 ['16' '214.9725094580095' 'present']
 ['7' '226.4853292998372' 'present']
 ['10' '232.239189383098' 'present']
 ['10' '238.68335100607817' 'present']
 ['22' '241.10175235944797' 'present']
 ['18' '250.31699082008407' 'present']
 ['9' '271.1270098291649' 'marauded']
 ['7' '272.1637764638035' 'presentdestroyed']
 ['5' '290.8739002250864' 'present']
 ['22' '292.254269644489' 'present']
 ['2' '292.28325656408066' 'present']
 ['5' '301.20385102658014' 'present']
 ['6' '301.71837126560274' 'present']
 ['17' '301.87195900308615' 'present']
 ['17' '311.81633790697566' 'present']
 ['18' '313.964745799234' 'present']
 ['9' '323.915678469204' 'marauded']
 ['1' '337.2400315889103' 'present']
 ['18' '339.0521704093841' 'present']
 ['7' '347.56065359996956' 'present']]","[['F127' '62.02889119520437' 'absentdestroyed']
 ['F4' '70.51096131490887' 'mated']
 ['F101' '73.88384163444276' 'destroyed']
 ['F177' '82.93263053450922' 'mated']
 ['F62' '130.39587101421057' 'mated']
 ['F204' '157.9620079797884' 'absent']
 ['F96' '174.96196670058723' 'destroyed']
 ['F146' '199.2840046970363' 'absent']
 ['F93' '217.16965530864292' 'mated']
 ['F180' '226.63026224696625' 'mated']
 ['F208' '234.10559189053782' 'absent']
 ['F60' '262.63722074641316' 'mated']
 ['F201' '305.1657243722096' 'absent']]",574.0,74.29893234035991,15.376897402355215,1385.0,237.66549057273085,51.57317750353479,250.0,43.05066330711918,9.451931527151444,14.0,1.4000000000000001,0.14000000000000007,78.0,3.6111111111111103,0.16718106995884757
4,0.0,7,360.1084861812181,"[['22' '9.83455989364325' 'marauded']
 ['5' '17.391717319508853' 'present']
 ['16' '17.908433891849405' 'present']
 ['2' '22.589905623966768' 'present']
 ['1' '33.32799365716488' 'present']
 ['6' '41.10819161286403' 'present']
 ['2' '44.458578683105735' 'present']
 ['9' '46.29650046100064' 'present']
 ['2' '46.37479596251853' 'present']
 ['18' '48.48458121346908' 'present']
 ['10' '53.71837401837137' 'present']
 ['16' '63.52497427252268' 'present']
 ['3' '64.73465567632384' 'marauded']
 ['10' '75.04021969856504' 'present']
 ['17' '83.44458183753642' 'marauded']
 ['7' '90.9711517208047' 'destroyed']
 ['2' '91.76078845206818' 'present']
 ['7' '110.09615376472723' 'present']
 ['18' '111.06090026419956' 'present']
 ['2' '114.09634767301834' 'present']
 ['18' '115.50448019149198' 'present']
 ['22' '116.04843686352757' 'present']
 ['9' '127.276629095568' 'present']
 ['6' '131.21655592742226' 'present']
 ['22' '135.05101227491994' 'present']
 ['9' '138.92357733905288' 'marauded']
 ['17' '151.9136330336261' 'marauded']
 ['22' '153.68986771917616' 'presentdestroyed']
 ['18' '154.05799508763792' 'presentdestroyed']
 ['5' '167.06987618544704' 'present']
 ['9' '173.6732663063731' 'present']
 ['5' '191.13079162461074' 'marauded']
 ['20' '192.5159466044918' 'presentdestroyed']
 ['5' '192.54659742331242' 'presentdestroyed']
 ['9' '215.75700637582318' 'present']
 ['5' '216.6836178220516' 'present']
 ['2' '219.09185637254188' 'present']
 ['22' '223.91175208432983' 'marauded']
 ['6' '232.88426569823628' 'present']
 ['17' '239.25306287097243' 'marauded']
 ['7' '240.12050995739654' 'presentdestroyed']
 ['7' '242.70304857777512' 'presentdestroyed']
 ['7' '242.74934487407143' 'presentdestroyed']
 ['16' '244.10615401404186' 'presentdestroyed']
 ['1' '247.96094790364825' 'present']
 ['18' '250.17069452378777' 'marauded']
 ['6' '252.4041293558519' 'presentdestroyed']
 ['3' '255.27682858214874' 'presentdestroyed']
 ['3' '258.000407691488' 'present']
 ['9' '259.66732446518233' 'present']
 ['22' '261.34819902396714' 'present']
 ['9' '264.2473884438605' 'present']
 ['18' '266.9193253856548' 'present']
 ['5' '281.57499143772293' 'present']
 ['7' '300.33346711748914' 'present']
 ['9' '314.39948790974717' 'present']
 ['6' '324.7222254407986' 'present']
 ['7' '334.13309933908016' 'present']
 ['18' '344.73153534666875' 'present']]","[['F145' '17.351450353524815' 'mated']
 ['F45' '91.19065019588747' 'destroyed']
 ['F28' '131.07948773304605' 'mated']
 ['F42' '139.54680701853002' 'destroyed']
 ['F87' '154.02215771339712' 'destroyed']
 ['F210' '166.34089871253596' 'mated']
 ['F144' '167.52636072191916' 'mated']
 ['F49' '183.7569484358598' 'mated']
 ['F208' '234.12874003868598' 'mated']
 ['F103' '316.084115039019' 'mated']]",555.0,69.87042582905597,14.7695617029169,1437.0,235.6079943025766,49.58394929806021,323.0,54.64746277632289,11.514696257187582,0.0,0.0,0.0,0.0,0.0,0.0
5,0.054,6,360.17746438409824,"[['20' '0.9529024219560136' 'present']
 ['1' '9.223959008655541' 'present']
 ['9' '10.821025784159536' 'present']
 ['3' '11.996477540329575' 'present']
 ['3' '35.641396693868224' 'present']
 ['20' '38.11585841482869' 'present']
 ['9' '49.55641244344747' 'marauded']
 ['20' '63.49957910976271' 'present']
 ['3' '69.91556156356131' 'present']
 ['9' '73.03667779770346' 'present']
 ['10' '90.65272661617733' 'marauded']
 ['1' '93.04750173478273' 'presentdestroyed']
 ['1' '104.99967758374457' 'present']
 ['1' '106.39160993974578' 'present']
 ['7' '109.19931071353706' 'present']
 ['22' '113.41308612683703' 'present']
 ['3' '115.25305611846782' 'present']
 ['20' '116.57220186219295' 'present']
 ['7' '117.3973517749038' 'marauded']
 ['9' '150.2944039193914' 'present']
 ['3' '155.57090231232235' 'marauded']
 ['16' '156.970718318604' 'presentdestroyed']
 ['6' '176.61171940803112' 'present']
 ['18' '192.11514114686938' 'present']
 ['7' '194.95618282249166' 'present']
 ['20' '196.76501738839343' 'present']
 ['10' '225.42266731382912' 'marauded']
 ['2' '234.90322920469723' 'marauded']
 ['9' '249.2620793658293' 'present']
 ['18' '264.4302816194894' 'present']
 ['3' '269.8051397134576' 'present']
 ['2' '283.52242052412123' 'present']
 ['7' '288.18521862288884' 'present']
 ['20' '303.77996420061885' 'marauded']
 ['17' '311.77004161067936' 'present']
 ['3' '314.2554588308027' 'present']
 ['16' '315.23375271702514' 'present']
 ['20' '316.61552108717643' 'present']
 ['16' '316.8589222009923' 'marauded']
 ['2' '318.8299140389792' 'presentdestroyed']
 ['6' '319.25723807553896' 'presentdestroyed']
 ['1' '329.2312809872508' 'present']
 ['20' '329.44394009699323' 'present']
 ['20' '329.82416052565947' 'marauded']
 ['10' '336.8122091706166' 'present']
 ['9' '343.0656853940795' 'present']
 ['3' '345.76700874729744' 'present']
 ['10' '350.7557441770012' 'present']]","[['F109' '26.55364122179847' 'mated']
 ['F46' '61.11501412994836' 'mated']
 ['F67' '103.60141220914034' 'mated']
 ['F42' '139.56995516667817' 'mated']
 ['F204' '158.00830427608471' 'destroyed']
 ['F64' '158.60409762648626' 'destroyed']
 ['F198' '184.4516151605046' 'mated']
 ['F71' '229.55688511591552' 'absentdestroyed']
 ['F22' '238.82706432636593' 'destroyed']
 ['F202' '262.883656528737' 'absent']
 ['F202' '262.9299528250333' 'mated']
 ['F6' '280.8940161160292' 'absent']]",566.0,66.10687678011278,12.54234019122126,1356.0,233.6046856297067,49.908733568762656,324.0,55.117318706345095,11.893898804280612,10.0,0.9999999999999999,0.10000000000000003,93.0,4.305555555555557,0.19933127572016426
6,0.054,4,360.17003463094875,"[['18' '13.209647955149157' 'present']
 ['9' '16.68661639112204' 'present']
 ['20' '28.729278984794234' 'present']
 ['5' '36.97091802164221' 'present']
 ['9' '67.02471646566447' 'present']
 ['5' '73.19833210313494' 'present']
 ['10' '84.1212135840491' 'marauded']
 ['1' '103.80816013584537' 'present']
 ['17' '106.02055685013343' 'present']
 ['7' '109.43734752623303' 'present']
 ['22' '115.31881223337696' 'marauded']
 ['22' '119.80077828903335' 'presentdestroyed']
 ['17' '136.01017154791853' 'present']
 ['7' '146.57257260952434' 'present']
 ['9' '153.49112203331276' 'present']
 ['16' '175.88335097292978' 'present']
 ['18' '185.82876482007597' 'present']
 ['17' '194.97118379850505' 'present']
 ['17' '214.08025992573653' 'present']
 ['2' '232.81416551083532' 'present']
 ['16' '240.7040437754526' 'present']
 ['17' '240.83337431770204' 'present']
 ['1' '253.8708574121776' 'marauded']
 ['2' '284.41150451188366' 'marauded']
 ['16' '296.0528811578895' 'present']
 ['16' '299.4853103359474' 'present']
 ['20' '302.719612998715' 'present']
 ['5' '311.417975443922' 'marauded']
 ['16' '314.0603737048469' 'destroyed']
 ['1' '316.48650359254384' 'presentdestroyed']
 ['2' '325.89588296885734' 'present']
 ['17' '329.52502143362864' 'present']
 ['2' '337.9226180822325' 'marauded']
 ['9' '350.22784904704156' 'present']]","[['F80' '122.96099284368037' 'mated']
 ['F39' '127.37303135056547' 'mated']
 ['F71' '229.58003326406367' 'absent']
 ['F3' '239.71267381407384' 'mated']
 ['F15' '256.6055678357193' 'destroyed']
 ['F172' '359.1821989552021' 'mated']]",571.0,68.5741568071349,14.218614775625506,1492.0,250.74961771661037,53.333316995271936,213.0,36.73802995201089,7.953809243182977,8.0,0.7999999999999999,0.08000000000000002,72.0,3.3333333333333326,0.1543209876543209
7,0.054,10,360.19606926364503,"[['3' '10.782452843221929' 'present']
 ['9' '14.518786103833753' 'present']
 ['16' '24.500676993115416' 'present']
 ['3' '38.23120288868153' 'present']
 ['18' '39.46552820305821' 'present']
 ['9' '45.29389962480015' 'present']
 ['5' '46.12763053388733' 'present']
 ['9' '47.851727369483115' 'present']
 ['9' '54.98871322256877' 'marauded']
 ['17' '57.979033222362894' 'destroyed']
 ['2' '66.41915993502205' 'present']
 ['20' '77.07995530554093' 'present']
 ['17' '78.56599352299922' 'present']
 ['5' '84.53330791272731' 'present']
 ['5' '90.48576780280315' 'present']
 ['17' '96.28474273281292' 'present']
 ['22' '97.12052283605566' 'marauded']
 ['2' '102.00530965669356' 'presentdestroyed']
 ['5' '103.90480976734982' 'presentdestroyed']
 ['16' '107.90534028785386' 'present']
 ['22' '113.68905790967635' 'present']
 ['2' '129.61127071679257' 'marauded']
 ['5' '133.79047424089532' 'presentdestroyed']
 ['5' '141.75172800733904' 'present']
 ['6' '142.47123450529736' 'present']
 ['18' '152.4670154619864' 'present']
 ['3' '155.17210126895944' 'marauded']
 ['2' '163.5565697419185' 'marauded']
 ['18' '183.08676910888326' 'present']
 ['6' '187.4370299070348' 'present']
 ['20' '195.50475721220116' 'present']
 ['1' '196.4794486800695' 'marauded']
 ['2' '196.9483321668126' 'presentdestroyed']
 ['3' '219.61705676840836' 'present']
 ['18' '238.5000343110723' 'present']
 ['9' '238.5212693501102' 'present']
 ['9' '241.23274550171158' 'present']
 ['9' '241.75574694232577' 'present']
 ['1' '244.66321727523376' 'present']
 ['16' '245.27873528598613' 'present']
 ['17' '246.56510874395173' 'marauded']
 ['5' '268.4637251538813' 'present']
 ['6' '284.36882375635406' 'present']
 ['9' '289.56359070662626' 'marauded']
 ['9' '295.3173777533846' 'presentdestroyed']
 ['5' '311.19688040989104' 'present']
 ['18' '312.8333145620013' 'present']
 ['5' '316.5594053722641' 'present']
 ['9' '326.48905356596424' 'present']
 ['1' '326.77386674293206' 'present']
 ['16' '332.5936413056965' 'present']
 ['18' '352.29501978906956' 'present']
 ['3' '358.74942099410083' 'present']]","[['F117' '27.67311248822031' 'mated']
 ['F150' '78.46175590243273' 'mated']
 ['F66' '104.93641494522228' 'absent']
 ['F92' '120.26032870535036' 'mated']
 ['F188' '125.53373391961864' 'mated']
 ['F184' '164.95453924654626' 'destroyed']
 ['F85' '177.62597666100032' 'absent']
 ['F59' '181.365756313225' 'mated']
 ['F142' '193.3184201424951' 'mated']
 ['F146' '199.26085654888814' 'destroyed']
 ['F23' '208.7119032111451' 'absent']
 ['F27' '219.42905605502978' 'mated']
 ['F113' '219.76780612353423' 'absent']
 ['F161' '243.59769671845535' 'mated']
 ['F81' '275.30003223138874' 'mated']
 ['F31' '329.12061348064304' 'mated']]",566.0,68.8227104691656,14.311464828899627,1375.0,237.92002101991116,52.16832570282831,289.0,48.50169575515556,10.382274643226506,14.0,1.4000000000000001,0.14000000000000007,74.0,3.425925925925925,0.1586076817558298
8,0.0,10,360.5807995834308,"[['22' '5.840081116435889' 'present']
 ['1' '6.121207179417445' 'present']
 ['1' '18.15765030739246' 'present']
 ['20' '22.876476270245075' 'marauded']
 ['16' '25.80585407381322' 'presentdestroyed']
 ['20' '26.369821891948884' 'presentdestroyed']
 ['18' '53.050426820033465' 'present']
 ['20' '62.71840600567973' 'present']
 ['10' '75.52201332356923' 'marauded']
 ['20' '75.86276421160758' 'presentdestroyed']
 ['20' '88.45130962359521' 'present']
 ['5' '103.68582368052257' 'present']
 ['16' '115.26819625524108' 'present']
 ['1' '119.96253935348167' 'marauded']
 ['17' '129.0269273476761' 'present']
 ['16' '131.0206526241457' 'present']
 ['5' '136.65981326222823' 'present']
 ['1' '160.17207867472717' 'marauded']
 ['6' '160.4575769582862' 'presentdestroyed']
 ['16' '169.44807119720306' 'marauded']
 ['5' '172.12722724674248' 'destroyed']
 ['5' '172.1892279038683' 'presentdestroyed']
 ['7' '177.3456605169791' 'present']
 ['7' '181.15512859706922' 'present']
 ['3' '184.1214871257729' 'present']
 ['10' '188.803003698731' 'present']
 ['10' '194.2449748668335' 'present']
 ['18' '194.34053715563226' 'present']
 ['6' '202.06703172144267' 'present']
 ['17' '202.9222038948891' 'present']
 ['10' '245.32088837812313' 'present']
 ['1' '246.9161875767826' 'present']
 ['10' '251.7277980934773' 'present']
 ['5' '263.37439464412375' 'present']
 ['7' '310.22638627025515' 'present']
 ['17' '310.4589912330794' 'present']
 ['18' '317.0452665002189' 'present']
 ['20' '317.9603597545626' 'marauded']
 ['1' '338.09518157168975' 'present']
 ['16' '347.61123045138726' 'present']
 ['5' '352.18965337254707' 'present']]","[['F214' '77.10522934496504' 'destroyed']
 ['F155' '94.21158367061858' 'absent']
 ['F182' '108.42597161415753' 'mated']
 ['F25' '136.17567638671258' 'mated']
 ['F83' '149.48716481564583' 'mated']
 ['F204' '157.98515612793656' 'absent']
 ['F197' '170.43014199024242' 'destroyed']
 ['F91' '172.651312558254' 'destroyed']
 ['F96' '174.98511484873538' 'destroyed']
 ['F38' '188.36410256781213' 'mated']
 ['F51' '193.6330807229334' 'mated']
 ['F146' '199.30715284518445' 'mated']
 ['F90' '212.58224849251837' 'mated']
 ['F122' '233.61581613161133' 'mated']
 ['F173' '250.02819595199583' 'mated']
 ['F15' '256.62871598386744' 'mated']
 ['F172' '359.11275451075767' 'absent']]",566.0,71.12824906851046,15.246314400674299,1507.0,252.51658850138065,54.174968266061235,225.0,36.46543936885453,7.72602665199141,0.0,0.0,0.0,0.0,0.0,0.0
9,0.054,11,360.383998707682,"[['5' '1.8362320313347835' 'present']
 ['2' '15.461757385802244' 'present']
 ['18' '22.507996951418864' 'present']
 ['10' '37.046921303247515' 'marauded']
 ['1' '57.71577788388258' 'present']
 ['10' '66.44639888967583' 'present']
 ['10' '74.31993629917216' 'present']
 ['6' '80.91089237503287' 'present']
 ['1' '89.89777338908577' 'present']
 ['18' '97.49289293059752' 'marauded']
 ['6' '111.91568021394957' 'present']
 ['3' '119.5977268790552' 'present']
 ['1' '124.89301431271203' 'present']
 ['20' '128.8155153233968' 'present']
 ['20' '153.90189589002338' 'present']
 ['17' '180.08498607637122' 'present']
 ['5' '184.11012876473643' 'present']
 ['6' '189.60104403545066' 'present']
 ['10' '219.43112659095578' 'present']
 ['2' '221.75277601141588' 'present']
 ['1' '231.80012164812052' 'present']
 ['5' '251.17041961346195' 'present']
 ['22' '257.53222154387066' 'present']
 ['5' '295.4071221531558' 'present']
 ['16' '297.9919597244141' 'present']
 ['3' '304.9316830607589' 'present']
 ['2' '321.8487767456278' 'present']
 ['3' '344.149906703764' 'present']
 ['16' '359.53349630184863' 'present']]","[['F127' '62.05203934335252' 'mated']
 ['F84' '85.84171769903566' 'absent']
 ['F66' '104.98271124151859' 'destroyed']
 ['F48' '115.05122467136486' 'mated']
 ['F73' '147.6782352245084' 'mated']
 ['F64' '158.62724577463442' 'mated']
 ['F153' '209.09204108404018' 'mated']
 ['F36' '215.85251201196948' 'mated']
 ['F113' '219.79095427168238' 'mated']
 ['F71' '229.53373696776737' 'absent']
 ['F202' '262.8373602324407' 'absent']
 ['F6' '280.91716426417736' 'mated']
 ['F32' '307.66914989181544' 'mated']
 ['F70' '312.7883997282815' 'mated']
 ['F94' '323.17993301250397' 'mated']]",569.0,71.95737144862511,15.642790613145777,1596.0,270.1190003987585,58.525628437875454,69.0,12.098959644905399,2.572894579977309,16.0,1.6000000000000003,0.1600000000000001,92.0,4.25925925925926,0.19718792866940982
10,0.054,9,360.36014377887653,"[['7' '4.9682900881493985' 'marauded']
 ['5' '21.925042974718295' 'present']
 ['6' '25.060397225910744' 'present']
 ['22' '32.0279974533155' 'present']
 ['7' '37.44984462037014' 'present']
 ['16' '41.30024097077734' 'marauded']
 ['18' '49.657523325049894' 'present']
 ['1' '61.648446861622794' 'present']
 ['17' '63.230916540937315' 'present']
 ['1' '68.62840627960199' 'present']
 ['5' '72.35021861570108' 'present']
 ['22' '72.67271828101902' 'present']
 ['7' '108.24410392015909' 'marauded']
 ['7' '118.80947372769583' 'present']
 ['2' '176.75548164210934' 'present']
 ['22' '184.1372755775533' 'present']
 ['20' '192.23129926319228' 'present']
 ['20' '192.5622429007881' 'present']
 ['22' '201.06783310605354' 'marauded']
 ['16' '209.69094911027375' 'marauded']
 ['22' '210.01787680163818' 'presentdestroyed']
 ['2' '214.21240616718762' 'destroyed']
 ['2' '218.4709495249566' 'present']
 ['3' '259.7513587658398' 'marauded']
 ['16' '261.51789465835714' 'presentdestroyed']
 ['9' '262.40020634039394' 'destroyed']
 ['22' '267.3678910444456' 'marauded']
 ['7' '298.2010114840031' 'marauded']
 ['18' '300.21519971604494' 'presentdestroyed']
 ['18' '302.8256287464013' 'destroyed']
 ['9' '322.3068100173051' 'present']
 ['17' '323.5932024861697' 'marauded']
 ['22' '330.13617257307277' 'presentdestroyed']
 ['17' '330.36560122527436' 'presentdestroyed']
 ['1' '342.0532421973782' 'present']
 ['9' '345.59826280174434' 'present']
 ['2' '348.89101944045' 'present']
 ['16' '356.6312149690365' 'marauded']]","[['F9' '36.117160464577594' 'mated']
 ['F101' '73.90698978259091' 'mated']
 ['F183' '149.72105896697371' 'mated']
 ['F167' '150.16637081649992' 'mated']
 ['F114' '159.11220354274306' 'mated']
 ['F156' '174.27856573239518' 'mated']
 ['F91' '184.72075700269846' 'mated']
 ['F191' '202.88320697001657' 'destroyed']
 ['F195' '294.8904061732147' 'mated']
 ['F165' '332.1453420548891' 'mated']]",559.0,71.91540852159073,15.368905705481108,1330.0,226.24053257753226,49.15649748219082,341.0,57.60565984910187,12.628423338335548,13.0,1.3,0.13000000000000006,65.0,3.0092592592592586,0.13931755829903977
11,0.0,11,360.3905985617736,"[['9' '1.518565787539633' 'marauded']
 ['3' '3.1019112382145577' 'presentdestroyed']
 ['22' '12.095663476190296' 'present']
 ['2' '12.35370888076767' 'present']
 ['17' '17.29831007656907' 'present']
 ['10' '17.549521043818434' 'marauded']
 ['5' '23.04530147691239' 'presentdestroyed']
 ['9' '25.399599953491705' 'present']
 ['5' '32.60641995797764' 'marauded']
 ['2' '37.16714776325539' 'presentdestroyed']
 ['22' '41.70463466609114' 'present']
 ['2' '68.8460838744538' 'present']
 ['2' '84.3680002526233' 'present']
 ['6' '99.92335441573994' 'present']
 ['10' '120.5700674443245' 'present']
 ['20' '139.3589081781128' 'present']
 ['6' '143.36721649988692' 'present']
 ['10' '144.45609159663852' 'present']
 ['22' '155.47868603017068' 'present']
 ['9' '156.43561063432938' 'marauded']
 ['20' '157.24672455199408' 'destroyed']
 ['3' '158.29321281095443' 'destroyed']
 ['3' '169.17681267666413' 'present']
 ['22' '172.4457828193948' 'present']
 ['6' '172.75484266749612' 'present']
 ['17' '174.78591541980805' 'present']
 ['1' '180.71715120727671' 'marauded']
 ['9' '186.00526774929386' 'presentdestroyed']
 ['7' '194.90988652619535' 'present']
 ['16' '206.932307885711' 'present']
 ['10' '208.76694181382643' 'present']
 ['22' '213.7094752964593' 'present']
 ['18' '215.39889803280775' 'present']
 ['16' '216.9210028043933' 'present']
 ['20' '223.38067830464195' 'present']
 ['22' '226.53811869311932' 'present']
 ['18' '240.94139922110287' 'present']
 ['6' '250.85076745870512' 'present']
 ['20' '272.81839875068744' 'marauded']
 ['2' '275.10136895434664' 'presentdestroyed']
 ['16' '275.39291929612216' 'presentdestroyed']
 ['5' '275.7294436896579' 'presentdestroyed']
 ['1' '287.0906493991428' 'marauded']
 ['16' '289.74932911208856' 'destroyed']
 ['10' '294.6750056028803' 'presentdestroyed']
 ['6' '306.38075081936233' 'present']
 ['18' '316.36129600986004' 'present']
 ['9' '317.25045718571636' 'marauded']
 ['6' '319.4065456506009' 'presentdestroyed']
 ['2' '326.25886657394534' 'present']
 ['1' '343.63697816451406' 'present']
 ['1' '346.75733208335106' 'present']
 ['22' '353.5110753041212' 'present']
 ['9' '359.3567208083239' 'present']]","[['F57' '77.79513192864852' 'mated']
 ['F45' '91.21379834403562' 'mated']
 ['F130' '116.12600860167369' 'mated']
 ['F44' '129.3727940337147' 'mated']
 ['F42' '139.52365887038187' 'absent']
 ['F213' '154.29360938269878' 'mated']
 ['F85' '177.64912480914847' 'mated']
 ['F140' '219.90481488880084' 'mated']
 ['F22' '238.85021247451408' 'mated']
 ['F118' '250.4175426360543' 'absent']
 ['F164' '266.4871475481185' 'mated']
 ['F168' '303.2354367341384' 'mated']
 ['F137' '342.93441162609963' 'mated']]",558.0,71.25970361569301,15.629766915081158,1430.0,240.05849689484316,52.019302774613635,275.0,48.73367436627355,10.664080702278243,0.0,0.0,0.0,0.0,0.0,0.0
12,0.0,9,360.57908919503484,"[['2' '0.7316793927829892' 'present']
 ['9' '11.90233788951489' 'marauded']
 ['7' '20.6042037674123' 'present']
 ['16' '22.78031065219388' 'present']
 ['20' '28.254184102519428' 'present']
 ['7' '36.365018801086' 'present']
 ['20' '49.48995306052066' 'present']
 ['7' '50.40432751495744' 'present']
 ['9' '55.646702776041835' 'present']
 ['16' '66.59246149794026' 'present']
 ['10' '68.44231595389577' 'present']
 ['7' '71.13343362347827' 'present']
 ['22' '71.87672951078503' 'present']
 ['1' '78.97728661402817' 'marauded']
 ['3' '85.64373852573962' 'presentdestroyed']
 ['20' '104.84756905194135' 'marauded']
 ['16' '115.31449255153738' 'present']
 ['6' '130.34234614701944' 'present']
 ['16' '142.96393736372718' 'marauded']
 ['9' '145.47263839669398' 'destroyed']
 ['9' '190.09696724817874' 'present']
 ['17' '200.80742424510237' 'present']
 ['2' '206.5161003857289' 'present']
 ['2' '227.1910530923434' 'present']
 ['16' '229.21942093577033' 'present']
 ['2' '229.6959248203867' 'present']
 ['20' '235.17766746955476' 'present']
 ['6' '236.5418589884238' 'marauded']
 ['9' '255.35680674146036' 'present']
 ['18' '287.44824333965903' 'present']
 ['9' '295.90703757316265' 'marauded']
 ['20' '303.73366790432254' 'present']
 ['18' '309.98853505060083' 'present']
 ['20' '322.2659291634715' 'present']
 ['22' '330.692036467282' 'present']
 ['22' '333.655987621822' 'present']
 ['6' '337.9103496927431' 'present']
 ['20' '344.19767325092295' 'present']
 ['6' '345.3916009200787' 'present']
 ['3' '352.94162197951823' 'marauded']
 ['2' '354.92782687581393' 'presentdestroyed']
 ['1' '358.5118464452183' 'destroyed']]","[['F145' '17.328302205376666' 'absentdestroyed']
 ['F75' '32.140043121675646' 'absent']
 ['F17' '42.809946105600815' 'absent']
 ['F176' '58.52239411757757' 'mated']
 ['F29' '94.5480043817593' 'mated']
 ['F111' '127.50443175693945' 'mated']
 ['F58' '133.30305823960103' 'mated']
 ['F178' '159.81428343338717' 'mated']
 ['F79' '162.77954428283218' 'mated']
 ['F93' '217.14650716049476' 'absent']
 ['F0' '227.06672225263523' 'mated']
 ['F43' '238.85918680747596' 'destroyed']
 ['F161' '243.5745485703072' 'destroyed']
 ['F134' '284.5677635429198' 'mated']
 ['F98' '325.06785145753224' 'mated']]",563.0,71.62249591860433,15.36471549842124,1459.0,246.1917421890319,53.028372847594426,230.0,42.23043633250502,9.665550769510014,0.0,0.0,0.0,0.0,0.0,0.0
13,0.0,11,360.4986657780101,"[['3' '5.213091618316736' 'present']
 ['16' '6.49076299223916' 'present']
 ['7' '18.82498729172976' 'present']
 ['9' '33.7976187361763' 'present']
 ['7' '37.40354832407385' 'present']
 ['7' '65.53496870229849' 'present']
 ['10' '75.37571702727293' 'marauded']
 ['5' '81.81767942609115' 'presentdestroyed']
 ['22' '96.11715299195453' 'present']
 ['7' '96.61794455396269' 'present']
 ['22' '101.92419046176113' 'present']
 ['7' '106.70867850370107' 'marauded']
 ['6' '108.58312009925871' 'presentdestroyed']
 ['1' '112.9596724510601' 'presentdestroyed']
 ['18' '113.14638303210872' 'destroyed']
 ['16' '115.06561268642211' 'present']
 ['18' '118.7964784553225' 'present']
 ['7' '121.00064062746299' 'present']
 ['3' '149.459753900011' 'present']
 ['9' '172.83574248455392' 'present']
 ['10' '179.4641856542468' 'present']
 ['18' '181.28701491352138' 'marauded']
 ['7' '184.79451936541633' 'destroyed']
 ['16' '185.95878682485244' 'presentdestroyed']
 ['7' '226.3390330035409' 'marauded']
 ['1' '229.75734609056983' 'presentdestroyed']
 ['1' '231.75382535182422' 'presentdestroyed']
 ['5' '234.50068978979556' 'present']
 ['18' '248.37981968310774' 'present']
 ['5' '252.93160819136364' 'marauded']
 ['17' '257.1371493854643' 'presentdestroyed']
 ['10' '258.124728868283' 'destroyed']
 ['18' '261.7645906275439' 'present']
 ['5' '277.17153590958134' 'present']
 ['22' '286.2670002747578' 'present']
 ['22' '289.32364528187566' 'marauded']
 ['18' '290.96533588786656' 'destroyed']
 ['7' '306.19508872793006' 'present']
 ['3' '308.32162998377186' 'present']
 ['16' '308.81573794096624' 'present']
 ['3' '314.7674886953614' 'present']
 ['16' '320.54864563099136' 'present']
 ['16' '344.02940220575334' 'marauded']
 ['18' '355.9990649934027' 'present']
 ['22' '358.22017267715677' 'present']
 ['9' '358.2782109490373' 'present']]","[['F84' '85.86486584718381' 'mated']
 ['F160' '97.4524561369037' 'mated']
 ['F66' '104.95956309337043' 'absent']
 ['F110' '157.32145452296828' 'mated']
 ['F141' '164.88571799483248' 'mated']
 ['F184' '164.9776873946944' 'mated']
 ['F181' '201.19464776478355' 'mated']
 ['F33' '214.495835964209' 'mated']
 ['F179' '243.1122344535029' 'mated']
 ['F56' '280.8096351075561' 'mated']
 ['F159' '283.88459749951926' 'mated']
 ['F76' '330.68682848604305' 'mated']]",554.0,69.33076788574263,14.163612995321577,1449.0,247.6630896121555,53.398046739118776,260.0,43.25915716739876,9.488354685188808,0.0,0.0,0.0,0.0,0.0,0.0
14,0.0,11,360.2029366721313,"[['2' '15.508053682098542' 'present']
 ['3' '34.29150423623099' 'present']
 ['22' '58.05460286895859' 'present']
 ['1' '64.56646002330203' 'present']
 ['18' '64.57533904209707' 'present']
 ['16' '65.41072966376876' 'present']
 ['5' '70.52753034041348' 'present']
 ['5' '76.72061165676487' 'present']
 ['10' '83.41161895408561' 'present']
 ['3' '96.95337003786634' 'present']
 ['3' '109.20935299833869' 'present']
 ['6' '129.99667994916982' 'present']
 ['7' '141.2212810824507' 'marauded']
 ['16' '159.95633852583902' 'present']
 ['22' '201.43745237529458' 'present']
 ['1' '204.11835044432652' 'marauded']
 ['3' '213.4789200159488' 'present']
 ['22' '227.41579609927263' 'present']
 ['20' '238.5847229145708' 'present']
 ['17' '240.17700269168049' 'present']
 ['1' '241.2534596409068' 'marauded']
 ['6' '244.91093161907327' 'presentdestroyed']
 ['16' '255.53210188052194' 'present']
 ['16' '258.28801767467456' 'marauded']
 ['3' '268.6611700547518' 'present']
 ['1' '297.53948056494704' 'present']
 ['18' '298.3128358453049' 'present']
 ['17' '307.5293765777869' 'present']
 ['5' '312.33948890051244' 'present']
 ['3' '333.3684435214172' 'present']
 ['17' '344.1890808725733' 'present']
 ['10' '355.17592654179924' 'marauded']]","[['F19' '22.239175127393477' 'mated']
 ['F149' '42.53671730161084' 'mated']
 ['F17' '42.83309425374896' 'mated']
 ['F211' '70.59548380687599' 'mated']
 ['F53' '74.17387634938042' 'mated']
 ['F65' '102.83006816065839' 'mated']
 ['F21' '103.46377326779096' 'mated']
 ['F203' '141.01836744886555' 'mated']
 ['F99' '149.48752309379788' 'absentdestroyed']
 ['F136' '199.44801694827234' 'mated']
 ['F18' '204.4994141996499' 'destroyed']
 ['F161' '243.5282522740109' 'destroyed']
 ['F186' '278.2120345126361' 'mated']
 ['F134' '284.54461539477165' 'absent']
 ['F55' '291.28873904581945' 'mated']]",553.0,73.07482586872877,15.584432119591753,1539.0,258.38422523901727,55.87619030602531,164.0,28.62787578662393,6.105479498089068,0.0,0.0,0.0,0.0,0.0,0.0
15,0.0,13,359.9265823036679,"[['10' '4.987179340867908' 'present']
 ['10' '19.354572752844604' 'present']
 ['9' '21.141545636778066' 'present']
 ['6' '27.197281417491677' 'present']
 ['6' '35.595315723325776' 'present']
 ['22' '41.65833836979485' 'present']
 ['9' '65.25812136054657' 'marauded']
 ['17' '68.24314321010405' 'presentdestroyed']
 ['17' '77.31234332370946' 'present']
 ['5' '87.62268088305555' 'present']
 ['22' '94.48704841271567' 'present']
 ['3' '99.89035219967549' 'present']
 ['16' '109.02878361147151' 'present']
 ['3' '111.82266704712596' 'present']
 ['1' '121.71308772998405' 'present']
 ['1' '123.64207706230074' 'present']
 ['3' '124.7625486910003' 'present']
 ['10' '125.48661766235026' 'present']
 ['2' '128.35013858711676' 'marauded']
 ['1' '145.74322774060613' 'present']
 ['10' '154.76222194871133' 'present']
 ['5' '155.0091665341597' 'present']
 ['9' '163.9084480692098' 'present']
 ['18' '177.4976773361322' 'present']
 ['3' '178.02815835535708' 'present']
 ['17' '193.3785413266704' 'present']
 ['18' '212.9704308519195' 'present']
 ['16' '222.61458950767454' 'marauded']
 ['2' '230.2221730186185' 'present']
 ['18' '242.24087115275233' 'present']
 ['7' '244.23110998549097' 'present']
 ['9' '246.25109654765225' 'present']
 ['2' '248.17369228149022' 'present']
 ['5' '260.7367383204685' 'marauded']
 ['17' '262.9688862891497' 'presentdestroyed']
 ['5' '265.392180403526' 'presentdestroyed']
 ['17' '285.07727723550033' 'present']
 ['18' '298.1665395490086' 'marauded']
 ['7' '318.8197749371468' 'present']
 ['1' '328.6703076485731' 'present']
 ['9' '338.3342739239509' 'present']
 ['5' '344.501606041251' 'present']
 ['16' '344.6425515197533' 'present']
 ['2' '351.5013352785463' 'marauded']]","[['F116' '37.645975287196414' 'mated']
 ['F34' '61.14961076587165' 'mated']
 ['F127' '61.98259489890808' 'absent']
 ['F1' '82.02871089789298' 'mated']
 ['F102' '120.54990018771302' 'mated']
 ['F82' '136.91488680589111' 'mated']
 ['F148' '145.14857076773296' 'mated']
 ['F197' '170.45329013839057' 'mated']
 ['F171' '175.11075800544404' 'mated']
 ['F126' '202.53497118133387' 'mated']
 ['F191' '202.92950326631288' 'mated']
 ['F16' '206.670315913814' 'mated']
 ['F118' '250.44069078420245' 'absent']
 ['F202' '262.90680467688514' 'destroyed']
 ['F166' '273.2254372981678' 'mated']
 ['F169' '280.1856174825399' 'mated']
 ['F172' '359.1359026589058' '']]",562.0,71.0700432988374,15.151418103873159,1439.0,252.70895598102592,55.58989071266319,213.0,36.33925556269612,8.065013933193176,0.0,0.0,0.0,0.0,0.0,0.0
16,0.054,5,360.2737197259639,"[['1' '14.993558484817388' 'present']
 ['3' '50.66457259835871' 'present']
 ['20' '51.798579065058746' 'marauded']
 ['10' '52.91449167729218' 'presentdestroyed']
 ['22' '76.07862430248473' 'present']
 ['10' '84.0749172877528' 'present']
 ['3' '90.44014425143381' 'marauded']
 ['1' '121.80701574061416' 'present']
 ['20' '145.4909705265163' 'marauded']
 ['5' '147.8330500330527' 'presentdestroyed']
 ['3' '153.43807704140383' 'present']
 ['5' '192.34501711496858' 'marauded']
 ['9' '198.34492767664204' 'presentdestroyed']
 ['1' '199.35600354068833' 'presentdestroyed']
 ['1' '199.40229983698464' 'presentdestroyed']
 ['1' '203.99406808874198' 'present']
 ['18' '207.26188926857583' 'present']
 ['22' '209.2310578618128' 'present']
 ['17' '212.40986738517378' 'present']
 ['1' '217.69745214378844' 'present']
 ['17' '230.3779879062331' 'present']
 ['22' '232.38958871859157' 'marauded']
 ['5' '244.2886676721764' 'present']
 ['20' '258.0551368539404' 'present']
 ['17' '271.36046466381083' 'present']
 ['22' '280.99148066932895' 'marauded']
 ['5' '292.229127830468' 'present']
 ['6' '304.45218853743506' 'present']
 ['6' '309.9436819136604' 'present']
 ['7' '322.6387701271139' 'present']
 ['18' '337.29725693625454' 'present']
 ['18' '340.5920024992874' 'present']
 ['6' '349.01046932858395' 'present']
 ['1' '355.07790971504585' 'present']
 ['9' '355.5274239839346' 'present']]","[['F151' '134.71818237147107' 'mated']
 ['F194' '153.52167374356597' 'mated']
 ['F204' '158.03145242423287' 'mated']
 ['F163' '193.16107668223586' 'destroyed']
 ['F74' '225.54036126856437' 'mated']
 ['F129' '242.4930170498827' 'mated']]",561.0,69.5977614070753,13.872650717211966,1477.0,246.93543798576508,52.17175833047006,220.0,36.36199091477317,7.57399575019803,25.0,2.500000000000001,0.25000000000000017,100.0,4.629629629629634,0.2143347050754454
17,0.054,10,360.3286166828658,"[['16' '9.202019675739761' 'marauded']
 ['3' '10.1835672023' 'presentdestroyed']
 ['9' '23.82328088752424' 'marauded']
 ['2' '26.870510022578753' 'presentdestroyed']
 ['10' '29.181730885435325' 'presentdestroyed']
 ['22' '34.02755269311271' 'marauded']
 ['10' '36.83115778497357' 'presentdestroyed']
 ['2' '63.89102874921357' 'present']
 ['16' '70.94316889820277' 'present']
 ['20' '77.03365900924463' 'present']
 ['1' '94.62565555102306' 'present']
 ['9' '111.03250358431784' 'present']
 ['3' '117.09355450003797' 'marauded']
 ['10' '131.80513070129308' 'present']
 ['2' '139.5473931533669' 'marauded']
 ['16' '158.326202482998' 'present']
 ['1' '163.23115906705706' 'present']
 ['9' '178.5144682921816' 'present']
 ['16' '181.58699745773632' 'marauded']
 ['20' '190.54273712343723' 'present']
 ['18' '193.0602342883583' 'present']
 ['2' '199.65760569691207' 'present']
 ['2' '217.40910787836438' 'marauded']
 ['6' '270.74926179396743' 'present']
 ['10' '276.14447491009594' 'present']
 ['1' '276.9052299136528' 'present']
 ['9' '279.7685978687606' 'present']
 ['7' '298.8863457192243' 'present']
 ['3' '311.5651084523062' 'present']
 ['3' '314.8694139759869' 'present']
 ['7' '327.4656933042735' 'present']
 ['2' '331.6286386645389' 'present']
 ['2' '335.65691082661476' 'present']
 ['16' '352.07894415130204' 'marauded']]","[['F145' '17.305154057228517' 'absent']
 ['F9' '36.09401231642945' 'destroyed']
 ['F147' '75.25258525219901' 'mated']
 ['F214' '77.12837749311319' 'mated']
 ['F84' '85.79542140273935' 'absent']
 ['F66' '105.00585938966674' 'mated']
 ['F80' '122.93784469553222' 'destroyed']
 ['F121' '139.7022863212043' 'destroyed']
 ['F8' '175.10616358964197' 'mated']
 ['F126' '202.51182303318572' 'absent']
 ['F124' '207.2600052731026' 'mated']
 ['F41' '237.62561514538538' 'mated']
 ['F161' '243.50510412586274' 'absent']
 ['F161' '243.55140042215905' 'absent']
 ['F139' '263.8381279556152' 'mated']
 ['F209' '272.23604171289264' 'mated']
 ['F104' '275.80758957827925' 'mated']
 ['F24' '283.14447586072265' 'mated']
 ['F172' '359.159050807054' 'destroyed']]",564.0,67.73354809135165,13.42160837330506,1397.0,238.57971725336586,51.19132020208837,295.0,48.9878973373421,10.447118405954052,14.0,1.4000000000000001,0.14000000000000007,73.0,3.379629629629629,0.15646433470507534
18,0.054,9,360.91618835855195,"[['6' '8.695416748729407' 'present']
 ['20' '13.462377053929888' 'marauded']
 ['9' '16.746128233278938' 'presentdestroyed']
 ['9' '19.68697745172028' 'presentdestroyed']
 ['5' '25.73828076096023' 'marauded']
 ['3' '34.993779035442195' 'present']
 ['20' '37.615444292006586' 'present']
 ['16' '47.67019342118717' 'present']
 ['22' '63.3864619000594' 'present']
 ['22' '81.12170110313082' 'marauded']
 ['20' '98.23348835308802' 'marauded']
 ['1' '99.0144254747245' 'presentdestroyed']
 ['10' '102.80206634164718' 'presentdestroyed']
 ['9' '119.00818221981874' 'present']
 ['9' '121.27535291576152' 'present']
 ['6' '124.46502384185884' 'marauded']
 ['7' '126.11549042350241' 'presentdestroyed']
 ['5' '127.60194306878215' 'presentdestroyed']
 ['5' '136.12152028192955' 'marauded']
 ['6' '149.65524742339085' 'present']
 ['3' '166.9286399635892' 'marauded']
 ['9' '170.6040559953563' 'destroyed']
 ['22' '172.3994865230985' 'destroyed']
 ['16' '174.45935145920535' 'presentdestroyed']
 ['20' '175.07567435626072' 'present']
 ['3' '184.5383511756524' 'present']
 ['20' '197.16641991567047' 'marauded']
 ['20' '197.5626289990254' 'presentdestroyed']
 ['16' '202.44321576185942' 'destroyed']
 ['22' '205.14217674851355' 'present']
 ['17' '205.3817690926024' 'present']
 ['5' '215.45150487991182' 'present']
 ['5' '215.49780117620813' 'present']
 ['16' '221.715351337696' 'marauded']
 ['5' '223.7548351403947' 'presentdestroyed']
 ['1' '229.23582866501673' 'marauded']
 ['22' '229.5633814504488' 'presentdestroyed']
 ['10' '240.9659681008626' 'present']
 ['20' '258.1014331502367' 'present']
 ['3' '263.44941841094794' 'present']
 ['6' '269.3846230728789' 'present']
 ['17' '271.40676096010714' 'marauded']
 ['16' '294.9141434451591' 'present']
 ['6' '302.61856766091506' 'present']
 ['6' '324.46350585416627' 'marauded']
 ['9' '328.64804291762977' 'presentdestroyed']]","[['F11' '11.491150196459184' 'mated']
 ['F75' '32.1168949735275' 'destroyed']
 ['F193' '47.346329252645766' 'mated']
 ['F108' '79.25583732765118' 'absent']
 ['F155' '94.23473181876673' 'mated']
 ['F89' '154.4246413235239' 'mated']
 ['F35' '158.63439527786284' 'mated']
 ['F154' '175.19794369603878' 'mated']
 ['F0' '227.04357410448708' 'destroyed']
 ['F43' '238.8360386593278' 'absent']
 ['F47' '242.61219452808618' 'mated']
 ['F192' '253.17235869141916' 'mated']
 ['F14' '291.543447739635' 'mated']]",578.0,72.29308638580277,14.913915106015654,1250.0,210.6601135591752,44.90483144885795,423.0,73.15563193144347,15.778648273263347,8.0,0.7999999999999999,0.08000000000000002,73.0,3.379629629629629,0.15646433470507534
19,0.0,7,360.28008553820837,"[['16' '4.747936721785554' 'present']
 ['9' '35.75552294807851' 'present']
 ['20' '61.72407657544784' 'present']
 ['3' '64.03153544070368' 'present']
 ['10' '69.73485665368867' 'marauded']
 ['7' '84.17973762019973' 'present']
 ['16' '105.79955309138889' 'marauded']
 ['9' '111.07879988061414' 'destroyed']
 ['1' '118.74374300985788' 'present']
 ['22' '122.04025732436534' 'marauded']
 ['9' '132.33351253771548' 'present']
 ['9' '140.65278099328015' 'present']
 ['5' '148.08192032781037' 'present']
 ['17' '154.18440111736544' 'present']
 ['2' '155.17831904776875' 'present']
 ['2' '161.93600766000918' 'present']
 ['6' '182.50033549573752' 'present']
 ['22' '183.2685296691928' 'present']
 ['17' '190.10226192638942' 'present']
 ['3' '193.27411063320426' 'present']
 ['22' '194.62648491370874' 'present']
 ['6' '205.71545424622113' 'present']
 ['18' '206.2162931096886' 'present']
 ['3' '209.68129418150997' 'present']
 ['16' '218.8550764124774' 'marauded']
 ['5' '218.9796518875412' 'presentdestroyed']
 ['3' '219.0663750665769' 'presentdestroyed']
 ['5' '220.9084243400597' 'destroyed']
 ['9' '224.4310440445903' 'presentdestroyed']
 ['5' '224.48801675930568' 'presentdestroyed']
 ['20' '239.94960890662327' 'present']
 ['18' '243.00283346082094' 'present']
 ['17' '248.30993820298744' 'marauded']
 ['10' '257.3179704986594' 'present']
 ['1' '259.3387851063678' 'present']
 ['6' '263.1724583281926' 'present']
 ['3' '270.97538890907373' 'present']
 ['7' '279.457364025528' 'present']
 ['7' '288.50603967595805' 'present']
 ['1' '298.711086056704' 'present']
 ['17' '305.5067847047128' 'present']
 ['22' '311.27608946755197' 'marauded']
 ['5' '326.2972218863946' 'present']
 ['2' '326.8752051379378' 'present']
 ['5' '345.06702414364486' 'present']]","[['F20' '91.74459841653973' 'mated']
 ['F26' '174.93373002041358' 'mated']
 ['F162' '176.54889858941291' 'mated']
 ['F131' '189.13072463077756' 'absent']
 ['F191' '202.90635511816473' 'absent']
 ['F158' '218.01106549709155' 'mated']
 ['F105' '267.12676548884747' 'mated']
 ['F72' '326.43166769180175' 'mated']
 ['F54' '335.69815708935386' 'mated']]",566.0,68.21134024354343,13.267307590074852,1528.0,255.0236246735852,54.32302719057565,219.0,36.89802782348037,7.744538408786583,0.0,0.0,0.0,0.0,0.0,0.0
20,0.054,4,360.1759772865484,"[['10' '1.79516633479658' 'present']
 ['18' '7.138753274342279' 'present']
 ['16' '10.235899063719561' 'present']
 ['1' '13.338356547838627' 'present']
 ['10' '13.35686836237607' 'present']
 ['2' '14.218533516540987' 'marauded']
 ['22' '28.323479877375945' 'present']
 ['9' '35.933381565870526' 'present']
 ['7' '86.35899551716021' 'present']
 ['10' '99.09318643031108' 'present']
 ['7' '104.90596593883066' 'marauded']
 ['7' '106.66238220740476' 'destroyed']
 ['16' '113.51527194530419' 'present']
 ['17' '113.6194774839046' 'present']
 ['5' '114.08391947790565' 'present']
 ['6' '128.7970046277171' 'marauded']
 ['16' '143.684962204027' 'present']
 ['17' '158.36208848249493' 'marauded']
 ['9' '173.80851201855214' 'present']
 ['3' '193.65823878816687' 'present']
 ['22' '199.59216082647004' 'present']
 ['16' '204.3873404087693' 'present']
 ['16' '212.14995163819077' 'marauded']
 ['7' '223.33176948353028' 'present']
 ['17' '224.74453079267795' 'present']
 ['6' '225.75454627081405' 'present']
 ['16' '241.94274332631838' 'marauded']
 ['17' '263.015182585446' 'present']
 ['3' '263.49571470724425' 'marauded']
 ['16' '268.3332558338722' 'presentdestroyed']
 ['16' '274.95631206121647' 'marauded']
 ['22' '286.00003379944235' 'present']
 ['3' '293.13491644937227' 'marauded']
 ['5' '298.1747671953866' 'presentdestroyed']
 ['16' '304.67649991477873' 'present']
 ['16' '305.56361663137614' 'present']
 ['17' '307.142659639524' 'marauded']
 ['3' '308.4497319147832' 'presentdestroyed']
 ['18' '311.03188848378795' 'presentdestroyed']
 ['22' '329.01836419165096' 'present']
 ['22' '335.4200750587983' 'present']
 ['10' '344.27268104184526' 'present']
 ['3' '345.0235657304291' 'marauded']]","[['F75' '32.16319126982379' 'mated']
 ['F50' '92.58516025512326' 'mated']
 ['F52' '126.2591341736448' 'mated']
 ['F87' '154.04530586154527' 'mated']
 ['F47' '242.58904637993803' 'destroyed']
 ['F95' '281.1714296538773' 'destroyed']
 ['F201' '305.14257622406143' 'absent']
 ['F32' '307.6460017436673' 'destroyed']]",569.0,71.42671368907224,15.846762150894333,1239.0,216.16744479264986,47.077638515959116,407.0,67.46869004337759,14.162615003302731,17.0,1.7000000000000004,0.1700000000000001,70.0,3.24074074074074,0.150034293552812
21,0.0,11,360.31934852094713,"[['20' '6.611235759261144' 'present']
 ['5' '9.587472352804104' 'present']
 ['9' '14.116488278791294' 'present']
 ['16' '20.699458012448765' 'marauded']
 ['3' '32.766205423264324' 'present']
 ['3' '41.80132397167267' 'present']
 ['18' '42.830872398071804' 'present']
 ['5' '47.969801648127095' 'present']
 ['16' '51.07663342581844' 'present']
 ['17' '55.39121385184816' 'present']
 ['5' '59.79335849244679' 'present']
 ['20' '70.27722525131965' 'present']
 ['6' '73.07455654297495' 'present']
 ['9' '83.61147695684657' 'present']
 ['17' '87.83418284838167' 'marauded']
 ['3' '93.35325025606939' 'presentdestroyed']
 ['17' '111.32537950918316' 'present']
 ['9' '112.77118420156641' 'present']
 ['20' '119.311440034718' 'present']
 ['18' '120.2891983618365' 'present']
 ['10' '121.839588251279' 'present']
 ['18' '123.9193531168774' 'present']
 ['7' '125.4442914045768' 'present']
 ['9' '129.35681623212105' 'marauded']
 ['16' '131.89028235262205' 'presentdestroyed']
 ['2' '153.09585876464507' 'marauded']
 ['5' '162.46187403362327' 'marauded']
 ['20' '171.94254773363528' 'present']
 ['17' '172.65056001199486' 'present']
 ['17' '193.4881283942507' 'marauded']
 ['17' '194.6426109115739' 'presentdestroyed']
 ['6' '196.17168492186968' 'presentdestroyed']
 ['9' '203.6621983225185' 'present']
 ['2' '207.49968419186604' 'present']
 ['6' '229.0625810342316' 'marauded']
 ['22' '237.45106050372982' 'present']
 ['22' '240.28954108923168' 'present']
 ['20' '240.4279828831525' 'present']
 ['9' '246.6640988239469' 'present']
 ['9' '253.69043325329832' 'present']
 ['6' '273.94037750478765' 'present']
 ['5' '292.8225250745484' 'present']
 ['5' '294.3646922913396' 'present']
 ['18' '299.1324915212512' 'present']
 ['1' '302.8760107477468' 'present']
 ['7' '310.27268256655145' 'marauded']
 ['20' '315.5676274761822' 'presentdestroyed']
 ['17' '323.87480367669525' 'marauded']
 ['10' '343.51150014482556' 'marauded']]","[['F152' '31.57658682441129' 'mated']
 ['F68' '64.6949525159141' 'mated']
 ['F29' '94.52485623361115' 'destroyed']
 ['F63' '100.88681892326835' 'mated']
 ['F188' '125.51058577147049' 'absent']
 ['F128' '145.09312150015344' 'mated']
 ['F200' '150.18002189042835' 'mated']
 ['F12' '161.97031197234472' 'mated']
 ['F91' '172.58186811380955' 'absent']
 ['F96' '175.00826299688353' 'mated']
 ['F190' '177.3392306822368' 'mated']
 ['F7' '193.39214310676158' 'mated']
 ['F125' '239.304500146279' 'mated']
 ['F88' '298.49179284060926' 'mated']
 ['F70' '312.76525158013334' 'destroyed']]",566.0,65.66572482184387,12.148610354647223,1402.0,233.4652403948499,49.421164505835826,378.0,60.9539241967345,12.517962292198044,0.0,0.0,0.0,0.0,0.0,0.0
22,0.054,11,360.0642454557205,"[['6' '4.439867077221111' 'present']
 ['7' '13.349328167119756' 'marauded']
 ['16' '24.079056153950027' 'present']
 ['5' '24.40443967647242' 'present']
 ['16' '40.10015961402222' 'present']
 ['3' '42.140918310157524' 'marauded']
 ['2' '42.6604006862014' 'presentdestroyed']
 ['6' '45.14166260062759' 'destroyed']
 ['18' '50.421100307368974' 'marauded']
 ['1' '89.0559289721778' 'present']
 ['10' '100.63196438231893' 'present']
 ['1' '101.11366441084718' 'present']
 ['18' '123.27316244883784' 'marauded']
 ['7' '126.0691941272061' 'presentdestroyed']
 ['2' '127.60506066310214' 'presentdestroyed']
 ['2' '128.30384229082046' 'presentdestroyed']
 ['1' '140.743383112739' 'present']
 ['18' '145.0010559733371' 'present']
 ['6' '146.19224819482142' 'present']
 ['7' '152.1647771522341' 'present']
 ['6' '158.9335913318533' 'present']
 ['18' '160.71478777692775' 'present']
 ['3' '169.22310897296043' 'present']
 ['10' '182.40345513648464' 'present']
 ['20' '207.05865840812243' 'present']
 ['16' '225.24243320350544' 'present']
 ['1' '229.61801887035952' 'present']
 ['17' '231.81966438877683' 'present']
 ['10' '241.62134128603202' 'marauded']
 ['18' '246.40402327443485' 'presentdestroyed']
 ['17' '248.26364190669113' 'destroyed']
 ['10' '252.7631884647274' 'present']
 ['5' '272.64190819983406' 'present']
 ['5' '274.3180829937274' 'present']
 ['20' '274.9404709474551' 'present']
 ['7' '277.7930288981926' 'present']
 ['1' '295.4944826224938' 'marauded']
 ['7' '298.1547151877068' 'destroyed']
 ['18' '312.5699669877955' 'present']
 ['16' '314.6555240264591' 'marauded']
 ['2' '339.7978232352986' 'present']
 ['9' '340.09089351237196' 'present']
 ['18' '349.9479388252893' 'present']]","[['F69' '45.26809875544705' 'absentdestroyed']
 ['F147' '75.22943710405086' 'absent']
 ['F135' '79.86189597495834' 'mated']
 ['F30' '87.6727091370861' 'mated']
 ['F10' '119.08923082716588' 'mated']
 ['F40' '134.99596572537854' 'mated']
 ['F61' '138.80720724822189' 'mated']
 ['F174' '153.98219776345246' 'mated']
 ['F100' '159.3681027420997' 'mated']
 ['F91' '172.6050162619577' 'absent']
 ['F91' '172.67446070640216' 'absent']
 ['F97' '186.3199497316309' 'mated']
 ['F18' '204.52256234779804' 'mated']
 ['F122' '233.59266798346317' 'absent']
 ['F129' '242.46986890173454' 'destroyed']
 ['F95' '281.19457780202544' 'mated']
 ['F107' '283.6023778023065' 'mated']
 ['F170' '296.42533123795494' 'absentdestroyed']
 ['F98' '325.0447033093841' 'absent']]",552.0,73.5430316930525,16.8240923053078,1401.0,238.57369630701962,50.74147377322868,255.0,42.74811120820661,8.80844381843613,16.0,1.6000000000000003,0.1600000000000001,78.0,3.6111111111111103,0.16718106995884757
23,0.0,11,360.09214087278804,"[['1' '19.844345522997088' 'present']
 ['6' '34.10353792493435' 'present']
 ['17' '46.897696608844065' 'present']
 ['5' '68.18972760875752' 'present']
 ['5' '68.31164257927189' 'present']
 ['10' '80.9381420818991' 'present']
 ['16' '90.33678555905318' 'present']
 ['16' '90.42990730017928' 'present']
 ['6' '93.97973753919206' 'present']
 ['7' '105.58671243819748' 'present']
 ['22' '115.27251593708066' 'present']
 ['16' '122.96894516443078' 'marauded']
 ['16' '139.1449015089906' 'present']
 ['5' '151.2826588643158' 'present']
 ['20' '158.1446441699082' 'present']
 ['20' '165.69811801406692' 'present']
 ['16' '166.27652690894' 'present']
 ['6' '179.71090397062028' 'marauded']
 ['7' '181.27488866072446' 'presentdestroyed']
 ['20' '193.9761422776481' 'marauded']
 ['7' '205.9637471398966' 'marauded']
 ['2' '211.3543230009248' 'destroyed']
 ['16' '215.28050132660067' 'marauded']
 ['7' '220.78397868206585' 'destroyed']
 ['7' '222.47655237283368' 'presentdestroyed']
 ['20' '231.1656936362232' 'present']
 ['16' '232.10530080236632' 'marauded']
 ['3' '233.25852049199761' 'presentdestroyed']
 ['6' '240.5727799521136' 'present']
 ['17' '243.23631912070437' 'present']
 ['9' '246.20480025135595' 'present']
 ['10' '247.83897988572195' 'marauded']
 ['3' '253.77623259180712' 'presentdestroyed']
 ['16' '262.6954817164858' 'present']
 ['1' '275.5376363339503' 'present']
 ['6' '277.0555530194704' 'present']
 ['17' '281.034034526147' 'present']
 ['16' '294.9604397414554' 'present']
 ['3' '302.3123102310709' 'present']
 ['2' '307.41732389981547' 'marauded']
 ['18' '316.70811091418096' 'marauded']
 ['6' '324.2248310659885' 'present']
 ['1' '327.31992000792013' 'present']
 ['18' '341.0603491840641' 'present']
 ['16' '345.69211232917473' 'present']
 ['1' '347.33633115178736' 'present']
 ['10' '354.59382636356577' 'present']]","[['F120' '35.92335928597705' 'mated']
 ['F108' '79.27898547579933' 'mated']
 ['F207' '112.67844935208204' 'mated']
 ['F157' '117.93994784177985' 'mated']
 ['F10' '119.06608267901773' 'absent']
 ['F92' '120.23718055720221' 'absent']
 ['F78' '130.6065555168791' 'mated']
 ['F5' '163.99102626424414' 'mated']
 ['F205' '166.60715667909125' 'mated']
 ['F91' '184.6976088545503' 'destroyed']
 ['F86' '193.50485800474576' 'mated']
 ['F36' '215.82936386382133' 'absentdestroyed']
 ['F27' '219.40590790688162' 'absentdestroyed']
 ['F140' '219.8816667406527' 'destroyed']
 ['F112' '269.4505212989168' 'mated']
 ['F143' '292.51998291145605' 'mated']
 ['F170' '296.4484793861031' 'mated']
 ['F103' '316.0609668908709' 'absent']]",564.0,72.88280801314266,16.67295184107901,1403.0,232.1999056458156,49.36433671166355,331.0,54.94603298402238,11.594831298841434,0.0,0.0,0.0,0.0,0.0,0.0
