id,probability_maraud,successful_mating,next_foraging_time,mar_attempts,mate_attempts,foraging_events,foraging_hrs,foraging_sqhrs,staying_events,staying_hrs,staying_sqhrs,repairing_events,repairing_hrs,repairing_sqhrs,marauding_events,marauding_hrs,marauding_sqhrs,traveling_events,traveling_hrs,traveling_sqhrs
0,0.054,5,360.0182209449185,"[['19' '8.398997689899383' 'present']
 ['19' '24.767495549342755' 'present']
 ['17' '26.73233626082177' 'present']
 ['10' '38.243153646442906' 'present']
 ['23' '41.65525334603159' 'present']
 ['18' '44.6293921770035' 'present']
 ['21' '52.32554055832055' 'marauded']
 ['7' '60.59347324335616' 'present']
 ['6' '62.355766271973174' 'present']
 ['19' '63.89818754887774' 'present']
 ['12' '70.7827724778398' 'present']
 ['12' '72.95099079656677' 'present']
 ['10' '80.6853199844965' 'present']
 ['10' '84.25211042549597' 'present']
 ['13' '91.7859180837786' 'present']
 ['18' '92.89043205432435' 'present']
 ['21' '94.37111711890606' 'present']
 ['20' '97.39790982404584' 'marauded']
 ['9' '110.40256626262597' 'present']
 ['11' '119.35037381269548' 'present']
 ['17' '150.78041569504063' 'marauded']
 ['9' '157.1142411755039' 'presentdestroyed']
 ['17' '158.57829501783667' 'present']
 ['13' '163.68101098582864' 'present']
 ['10' '165.10914617500305' 'present']
 ['23' '165.94407267281537' 'marauded']
 ['21' '171.87727129545624' 'presentdestroyed']
 ['23' '188.59042652556502' 'marauded']
 ['6' '197.67037163806793' 'present']
 ['11' '215.70357654288307' 'present']
 ['6' '217.2790301802332' 'present']
 ['4' '219.86258941579766' 'present']
 ['9' '220.0213775222955' 'present']
 ['5' '221.04504848898307' 'present']
 ['21' '232.48492857733297' 'present']
 ['15' '241.6527695573672' 'present']
 ['14' '242.8925225160658' 'marauded']
 ['15' '243.66448583522643' 'presentdestroyed']
 ['19' '250.52156973225337' 'present']
 ['19' '251.83521841192518' 'present']
 ['21' '253.62377843435414' 'marauded']
 ['21' '257.786863365276' 'destroyed']
 ['12' '263.3708407680502' 'present']
 ['14' '278.194055221693' 'present']
 ['18' '285.55335529301755' 'present']
 ['15' '287.0912179869546' 'present']
 ['13' '287.51374101167704' 'present']
 ['23' '303.39659422416736' 'present']
 ['14' '317.16931934786345' 'present']
 ['5' '317.56537729437645' 'marauded']
 ['23' '323.2130662782532' 'presentdestroyed']
 ['20' '326.8953668419536' 'present']
 ['21' '332.6492851144374' 'present']
 ['5' '339.0971606278155' 'present']
 ['2' '349.0740211219657' 'present']]","[['F10' '55.425598124043155' 'destroyed']
 ['F35' '86.43850228901319' 'mated']
 ['F12' '100.07369216427551' 'destroyed']
 ['F22' '114.52908063490152' 'mated']
 ['F71' '194.3899000620466' 'destroyed']
 ['F36' '194.87499834884954' 'absentdestroyed']
 ['F207' '199.22354541759023' 'absent']
 ['F11' '222.453370343826' 'absent']
 ['F111' '231.03613226246242' 'absent']
 ['F138' '270.1214648423331' 'mated']
 ['F125' '273.0498368017485' 'mated']
 ['F161' '293.68119927062935' 'mated']]",571.0,68.06488362769893,13.897406279774069,1423.0,239.00809033982966,50.8230117317106,294.0,48.8769627626925,10.18205127411815,9.0,0.8999999999999999,0.09000000000000002,69.0,3.1944444444444438,0.14789094650205756
1,0.0,9,360.3599017547905,"[['15' '2.3879554500144238' 'present']
 ['13' '8.148123066329196' 'present']
 ['12' '37.32602897019177' 'present']
 ['21' '41.285556514065256' 'present']
 ['0' '45.05802087527233' 'present']
 ['4' '45.58850793868308' 'present']
 ['20' '50.944503404341205' 'marauded']
 ['5' '56.99296012317407' 'destroyed']
 ['21' '58.763025692288075' 'destroyed']
 ['19' '68.11377077067154' 'marauded']
 ['13' '80.68460513668363' 'present']
 ['13' '89.46158193415488' 'present']
 ['10' '95.3494770279618' 'present']
 ['23' '97.74006426218729' 'marauded']
 ['4' '110.95919961018922' 'present']
 ['14' '116.85808126261355' 'present']
 ['5' '119.37380534149884' 'present']
 ['10' '121.84831566571619' 'present']
 ['12' '134.2382828972021' 'present']
 ['17' '152.95098792078792' 'present']
 ['5' '155.13280983408185' 'present']
 ['12' '168.3753927223159' 'present']
 ['15' '170.96178378220864' 'marauded']
 ['18' '177.42290334679006' 'presentdestroyed']
 ['18' '177.5728204835121' 'destroyed']
 ['18' '181.50629695535952' 'present']
 ['5' '187.09585700480693' 'present']
 ['15' '193.56181053496525' 'present']
 ['23' '200.90047245236173' 'present']
 ['13' '202.42669206436733' 'present']
 ['17' '223.25269199418042' 'present']
 ['17' '225.23300420128115' 'present']
 ['0' '267.73135972904646' 'present']
 ['5' '271.5209280335104' 'present']
 ['17' '278.48972158922277' 'present']
 ['19' '281.97980516925213' 'present']
 ['7' '285.44707545006463' 'marauded']
 ['0' '298.0718467073636' 'marauded']
 ['2' '301.1185384927149' 'presentdestroyed']
 ['2' '301.8675138144228' 'destroyed']
 ['21' '306.2693926783728' 'present']
 ['10' '315.21672114165466' 'present']
 ['18' '342.934964339749' 'present']
 ['2' '343.4400879634864' 'marauded']
 ['10' '354.2291829402287' 'present']]","[['F188' '28.28439040461571' 'mated']
 ['F4' '36.220093401224766' 'absent']
 ['F126' '61.36959860590925' 'mated']
 ['F32' '73.68804984906825' 'destroyed']
 ['F50' '74.87042625409575' 'destroyed']
 ['F31' '107.64779425687166' 'mated']
 ['F75' '111.38358895228453' 'mated']
 ['F90' '141.86785116280095' 'mated']
 ['F195' '151.126828896394' 'mated']
 ['F153' '156.34527692893352' 'absent']
 ['F54' '203.70956522515186' 'absent']
 ['F39' '255.07431925685395' 'mated']
 ['F25' '276.9987947528899' 'mated']
 ['F174' '323.5634057169533' 'mated']]",566.0,70.38577173780985,15.00577038680947,1470.0,246.74189673550254,52.46829746496328,258.0,42.917930602707585,8.993823361219938,0.0,0.0,0.0,0.0,0.0,0.0
2,0.054,5,360.06040539537133,"[['20' '0.29591624665942184' 'present']
 ['23' '1.290658383083624' 'present']
 ['9' '11.388990312448524' 'present']
 ['18' '15.873763661099094' 'marauded']
 ['13' '17.01860448226005' 'presentdestroyed']
 ['5' '28.040281490681878' 'marauded']
 ['11' '33.49006737257916' 'presentdestroyed']
 ['6' '37.160649509465706' 'marauded']
 ['10' '38.6478029594227' 'presentdestroyed']
 ['11' '39.02942234482185' 'destroyed']
 ['15' '40.3167123651605' 'presentdestroyed']
 ['15' '54.11913809794376' 'present']
 ['6' '61.69957563176655' 'marauded']
 ['5' '61.97811101671837' 'presentdestroyed']
 ['11' '67.45811075747847' 'presentdestroyed']
 ['18' '68.53173357732872' 'presentdestroyed']
 ['6' '77.75049113675692' 'marauded']
 ['4' '81.12376868556615' 'presentdestroyed']
 ['0' '85.99187981282448' 'present']
 ['0' '90.75351244877805' 'present']
 ['0' '93.1376346383095' 'present']
 ['7' '96.37853096046827' 'present']
 ['14' '101.39886146078018' 'present']
 ['15' '107.3048247570021' 'present']
 ['12' '116.68734347514481' 'present']
 ['0' '136.01808050009618' 'present']
 ['17' '146.11679218140802' 'present']
 ['18' '155.88632782016404' 'present']
 ['6' '156.62682275109464' 'present']
 ['21' '160.07135325182324' 'marauded']
 ['12' '171.7053085523413' 'present']
 ['12' '178.05071263914326' 'marauded']
 ['21' '180.62731082047927' 'presentdestroyed']
 ['15' '182.0011973153151' 'presentdestroyed']
 ['17' '182.7342154435437' 'destroyed']
 ['5' '183.1566501068576' 'presentdestroyed']
 ['15' '198.89330592799047' 'present']
 ['17' '201.92205445764276' 'marauded']
 ['21' '206.5500010797677' 'presentdestroyed']
 ['10' '213.9322616773572' 'marauded']
 ['18' '214.48476295177926' 'presentdestroyed']
 ['6' '215.96410395252653' 'presentdestroyed']
 ['18' '221.3992858165613' 'present']
 ['18' '231.72173868223325' 'marauded']
 ['19' '240.83640658286947' 'marauded']
 ['15' '243.94124022786565' 'presentdestroyed']
 ['17' '244.99557224311525' 'destroyed']
 ['10' '261.8169434582404' 'marauded']
 ['4' '264.49570252815784' 'presentdestroyed']
 ['9' '268.46616673665153' 'presentdestroyed']
 ['10' '280.09293999593706' 'present']
 ['13' '281.20463020535936' 'present']
 ['5' '291.20648442066505' 'present']
 ['19' '294.3456733528146' 'present']
 ['4' '303.9125089081763' 'present']
 ['23' '305.8612040808048' 'marauded']
 ['18' '308.3410488941549' 'presentdestroyed']
 ['5' '311.0027331314075' 'presentdestroyed']
 ['4' '315.5495379980428' 'present']
 ['7' '319.10324564214324' 'marauded']
 ['9' '320.41224596729467' 'presentdestroyed']
 ['11' '321.2287792590446' 'destroyed']
 ['15' '324.0510032315009' 'presentdestroyed']
 ['11' '328.2976581691143' 'present']
 ['14' '331.0972660395431' 'present']
 ['19' '331.2652263762917' 'present']
 ['18' '334.2941994776336' 'present']
 ['20' '336.99081700436653' 'present']
 ['14' '359.64702672568956' 'present']]","[['F89' '49.86941561424119' 'absent']
 ['F13' '101.11657668800433' 'mated']
 ['F52' '113.6856923988457' 'mated']
 ['F86' '133.7476705008811' 'mated']
 ['F195' '151.10368074824584' 'absent']
 ['F54' '203.77900966959632' 'destroyed']
 ['F143' '204.38374317702045' 'destroyed']
 ['F107' '207.49433555997106' 'destroyed']
 ['F65' '225.92981883966473' 'mated']
 ['F173' '278.5173569808808' 'mated']]",583.0,71.30362741079506,13.623593651727314,1163.0,199.70511635016015,43.387219709973685,513.0,85.06889269972903,17.817890574767524,9.0,0.8999999999999999,0.09000000000000002,67.0,3.101851851851851,0.14360425240054867
3,0.0,9,360.1560032317353,"[['14' '7.698737046587668' 'present']
 ['21' '11.831160432660505' 'present']
 ['9' '19.714939986088236' 'present']
 ['14' '22.172809748441985' 'present']
 ['6' '33.14227199458072' 'present']
 ['0' '43.384654750915864' 'present']
 ['17' '47.1351735988541' 'present']
 ['12' '54.73075973251022' 'marauded']
 ['2' '58.801009015511234' 'presentdestroyed']
 ['9' '61.916605797087506' 'destroyed']
 ['17' '64.04934447338972' 'present']
 ['14' '66.71270451483898' 'marauded']
 ['14' '70.26399675003039' 'presentdestroyed']
 ['12' '72.04749784680811' 'presentdestroyed']
 ['21' '78.11469595302061' 'present']
 ['0' '81.78230467809598' 'present']
 ['9' '104.03152862562096' 'present']
 ['14' '104.69352892037061' 'present']
 ['13' '107.68461371242827' 'present']
 ['9' '114.7718843123021' 'present']
 ['20' '114.90067988291786' 'present']
 ['0' '115.8832748695356' 'present']
 ['4' '116.07755021441994' 'marauded']
 ['9' '122.89244486216357' 'presentdestroyed']
 ['20' '126.03641885488982' 'marauded']
 ['13' '127.83627496944429' 'presentdestroyed']
 ['11' '129.1572630148035' 'presentdestroyed']
 ['2' '130.47319175489733' 'destroyed']
 ['13' '139.63137937674512' 'present']
 ['4' '144.71055239214863' 'present']
 ['20' '150.41609278614655' 'present']
 ['17' '153.63716752634704' 'present']
 ['4' '157.86435392568976' 'present']
 ['0' '160.69610414824186' 'present']
 ['11' '163.06871198204325' 'present']
 ['14' '172.80010486850767' 'present']
 ['10' '178.84745786072497' 'present']
 ['23' '180.2444479537195' 'present']
 ['0' '182.64752628665687' 'present']
 ['17' '185.9447093873366' 'present']
 ['7' '204.87505857687333' 'present']
 ['4' '210.58202377522667' 'marauded']
 ['12' '211.68429576889915' 'presentdestroyed']
 ['20' '214.89672538700427' 'destroyed']
 ['13' '215.21686619893313' 'presentdestroyed']
 ['17' '215.35214008781844' 'destroyed']
 ['21' '221.69741444424935' 'present']
 ['19' '223.62792262507793' 'present']
 ['12' '223.83469835088914' 'present']
 ['12' '223.88099464718545' 'present']
 ['7' '238.56382838963552' 'present']
 ['9' '262.9934787368936' 'present']
 ['0' '263.5106505955714' 'present']
 ['11' '264.796316348157' 'marauded']
 ['10' '272.0481133702885' 'present']
 ['23' '274.2409265896596' 'present']
 ['6' '275.2382291847708' 'present']
 ['7' '276.72087658063435' 'marauded']
 ['7' '291.0075678106471' 'marauded']
 ['12' '298.91302155903776' 'present']
 ['6' '302.34396364851057' 'present']
 ['15' '305.4963369126467' 'present']
 ['4' '308.12303098058993' 'present']
 ['0' '311.35389264573803' 'present']
 ['13' '315.38134399597993' 'marauded']
 ['18' '324.6280686837636' 'marauded']
 ['21' '335.0657602870866' 'present']
 ['21' '344.60774210292107' 'marauded']
 ['9' '346.00156256018124' 'presentdestroyed']
 ['15' '346.3995651901414' 'presentdestroyed']
 ['21' '356.1947681630417' 'marauded']]","[['F89' '49.89256376238934' 'absent']
 ['F99' '85.2014617285689' 'mated']
 ['F176' '112.77635894810166' 'mated']
 ['F131' '113.4836676965279' 'mated']
 ['F59' '122.26889881838487' 'destroyed']
 ['F60' '144.70776946501803' 'mated']
 ['F41' '148.3352362037708' 'mated']
 ['F28' '165.41340582692538' 'mated']
 ['F134' '184.54393137856633' 'absent']
 ['F183' '190.06385624081847' 'mated']
 ['F11' '222.4996666401223' 'mated']
 ['F18' '258.7973324502351' 'mated']
 ['F160' '297.7724489714092' 'destroyed']
 ['F174' '323.54025756880515' '']]",566.0,70.58738657939276,14.741170509202407,1311.0,219.14367760045545,46.35866848617398,414.0,70.46775676742807,15.437255950435153,0.0,0.0,0.0,0.0,0.0,0.0
4,0.054,12,360.3101926102956,"[['15' '5.573729575304524' 'present']
 ['2' '6.208531315731966' 'present']
 ['13' '21.117475852512303' 'present']
 ['21' '27.044678590632444' 'marauded']
 ['17' '27.534273789279958' 'presentdestroyed']
 ['14' '37.16441295051581' 'present']
 ['6' '49.56810294590247' 'present']
 ['15' '49.84535589445674' 'present']
 ['2' '52.298837247360225' 'present']
 ['6' '55.50797220935327' 'present']
 ['7' '62.86070714679997' 'present']
 ['14' '65.49880308953207' 'marauded']
 ['10' '67.79252352112437' 'presentdestroyed']
 ['6' '70.52860217019442' 'presentdestroyed']
 ['0' '73.5203391063374' 'present']
 ['10' '80.97020897653425' 'present']
 ['6' '84.00218471824047' 'present']
 ['0' '89.93601614683315' 'present']
 ['11' '103.8784576473283' 'present']
 ['5' '105.15943586738918' 'present']
 ['18' '118.79821428328256' 'marauded']
 ['17' '121.35084140920398' 'presentdestroyed']
 ['9' '123.96638515981282' 'presentdestroyed']
 ['10' '124.82834257320962' 'presentdestroyed']
 ['21' '128.55610475976746' 'present']
 ['6' '134.13648088146329' 'marauded']
 ['17' '149.65984696151085' 'marauded']
 ['7' '152.68162926663746' 'presentdestroyed']
 ['19' '167.33290017517066' 'present']
 ['13' '176.2478732262902' 'present']
 ['5' '178.61977637475866' 'marauded']
 ['12' '178.75570865535195' 'presentdestroyed']
 ['20' '182.0844080627523' 'presentdestroyed']
 ['7' '196.6128388683628' 'marauded']
 ['6' '196.73672396676997' 'destroyed']
 ['2' '199.60363671759424' 'presentdestroyed']
 ['15' '211.56453804942103' 'marauded']
 ['17' '217.67201599518674' 'presentdestroyed']
 ['21' '229.19813867228606' 'present']
 ['5' '236.97612434311947' 'marauded']
 ['5' '244.57978753807777' 'destroyed']
 ['17' '247.50617431578303' 'marauded']
 ['13' '251.3040160828832' 'presentdestroyed']
 ['7' '277.6795414370134' 'marauded']
 ['12' '283.84730851420596' 'presentdestroyed']
 ['12' '287.04454328149177' 'present']
 ['7' '294.2196859545238' 'present']
 ['0' '301.27604292791426' 'present']
 ['10' '312.48135298456674' 'present']
 ['21' '318.1465484410994' 'present']
 ['2' '319.00611575101357' 'marauded']
 ['6' '319.01074929772824' 'destroyed']
 ['6' '323.7082471853294' 'destroyed']
 ['18' '329.35295108194157' 'present']
 ['10' '351.6633619700074' 'present']
 ['21' '352.0873554872271' 'present']
 ['15' '359.45907915282874' 'present']]","[['F124' '56.150305618934816' 'absent']
 ['F64' '57.311749105476935' 'mated']
 ['F100' '58.2241435616701' 'mated']
 ['F50' '74.8935744022439' 'absent']
 ['F199' '95.51322840365216' 'absent']
 ['F72' '100.0821645134833' 'mated']
 ['F177' '113.30897571016881' 'mated']
 ['F214' '187.99721241145474' 'absent']
 ['F210' '203.77822098763738' 'destroyed']
 ['F164' '230.78209851014722' 'mated']
 ['F45' '236.8028311990905' 'mated']
 ['F115' '240.82613324981534' 'destroyed']
 ['F213' '265.22933805086626' 'absent']
 ['F206' '271.53136838310127' 'mated']
 ['F27' '274.3319297086787' 'mated']
 ['F8' '286.98511231857475' 'mated']
 ['F130' '288.77261394433816' 'mated']
 ['F202' '289.6726221600572' 'mated']
 ['F169' '291.5655955983588' 'mated']]",572.0,71.46533883985714,14.186557334415046,1237.0,210.3659703897798,45.092401445425764,437.0,73.34306561260291,15.617054461580658,10.0,0.9999999999999999,0.10000000000000003,85.0,3.9351851851851842,0.1821844993141287
5,0.054,14,360.2219966991967,"[['4' '1.1064805610076434' 'present']
 ['11' '14.488024722272673' 'present']
 ['9' '23.609339661542283' 'present']
 ['0' '43.66830390703543' 'present']
 ['12' '43.8645479630477' 'present']
 ['20' '60.55428831223953' 'present']
 ['18' '62.00447367174937' 'marauded']
 ['13' '63.319846157519656' 'destroyed']
 ['17' '65.05642501642691' 'presentdestroyed']
 ['10' '75.25775601406455' 'present']
 ['20' '79.79300158541422' 'present']
 ['13' '87.40693386836361' 'present']
 ['17' '91.72848216921955' 'present']
 ['17' '101.90738150685257' 'present']
 ['2' '107.33048925860982' 'present']
 ['17' '110.37300161393685' 'present']
 ['23' '118.64208167437826' 'present']
 ['20' '122.72975193475166' 'present']
 ['19' '125.36302080927028' 'present']
 ['11' '125.55003615391871' 'present']
 ['19' '129.1738037939661' 'present']
 ['10' '129.425268187799' 'marauded']
 ['21' '129.68846924831306' 'presentdestroyed']
 ['13' '137.50749018792553' 'marauded']
 ['7' '140.15468956384782' 'presentdestroyed']
 ['0' '144.43748839595415' 'presentdestroyed']
 ['17' '149.19116042879477' 'present']
 ['17' '152.43605558402493' 'present']
 ['23' '160.8022901324418' 'present']
 ['13' '167.08526199270185' 'present']
 ['10' '168.5236191632549' 'present']
 ['15' '179.23020763085282' 'present']
 ['10' '180.15854419660272' 'present']
 ['10' '183.3400334760636' 'present']
 ['14' '193.19921374328985' 'marauded']
 ['2' '197.53391214291642' 'presentdestroyed']
 ['11' '203.0916007423108' 'present']
 ['13' '209.5592186674618' 'marauded']
 ['7' '212.10431284850344' 'presentdestroyed']
 ['12' '213.34176564457513' 'presentdestroyed']
 ['17' '219.02846986556935' 'present']
 ['20' '237.8893270656768' 'present']
 ['19' '257.3640520306414' 'present']
 ['21' '272.9159055723288' 'present']
 ['10' '283.5769125697757' 'present']
 ['9' '284.1306161957584' 'marauded']
 ['10' '284.5085313208426' 'presentdestroyed']
 ['14' '288.3121640449588' 'presentdestroyed']
 ['23' '301.3536132315635' 'present']
 ['23' '311.88571875115906' 'present']
 ['9' '314.27912068929885' 'present']
 ['4' '314.3275576373055' 'present']
 ['10' '319.48427332074994' 'marauded']
 ['14' '320.88958433076476' 'destroyed']
 ['23' '325.4159160790081' 'presentdestroyed']
 ['15' '331.1863490473558' 'present']
 ['18' '341.5507547367809' 'marauded']
 ['14' '354.2773528157797' 'present']
 ['6' '357.14410906314754' 'marauded']]","[['F188' '28.238094108319412' 'absent']
 ['F109' '97.46970658091622' 'mated']
 ['F23' '99.24016849303045' 'mated']
 ['F81' '104.27754194952233' 'mated']
 ['F62' '108.16362692795728' 'mated']
 ['F105' '122.64221716701512' 'mated']
 ['F30' '134.993075063407' 'destroyed']
 ['F194' '143.61625181853287' 'absentdestroyed']
 ['F60' '144.68462131686988' 'destroyed']
 ['F85' '171.60960918318946' 'mated']
 ['F112' '179.4253610378443' 'mated']
 ['F170' '201.68128913242765' 'mated']
 ['F210' '203.84766543208184' 'mated']
 ['F44' '210.7219010147425' 'destroyed']
 ['F154' '212.55838442790696' 'destroyed']
 ['F118' '220.5275409527788' 'mated']
 ['F147' '238.8987906730003' 'mated']
 ['F114' '242.0011251618921' 'mated']
 ['F26' '249.34047795215835' 'mated']
 ['F178' '318.27047833815817' 'mated']]",564.0,68.76566166634903,13.848927540396627,1411.0,235.0617063813599,49.76742283830289,295.0,50.87927313614285,10.704922763301168,17.0,1.7000000000000004,0.1700000000000001,78.0,3.6111111111111103,0.16718106995884757
6,0.054,8,360.6456230375978,"[['23' '0.5827928954722252' 'marauded']
 ['18' '10.558427588653233' 'present']
 ['14' '14.993874454940565' 'present']
 ['17' '15.088865085085908' 'present']
 ['7' '16.234599607109928' 'marauded']
 ['4' '20.612616047414136' 'presentdestroyed']
 ['15' '24.949717637786918' 'marauded']
 ['23' '28.33505583184732' 'presentdestroyed']
 ['11' '32.7168037072281' 'present']
 ['7' '41.44958235553304' 'marauded']
 ['21' '68.74368516403773' 'present']
 ['12' '69.9669909911604' 'present']
 ['18' '70.0431383914871' 'present']
 ['17' '78.93123780604432' 'present']
 ['20' '93.45116666194208' 'marauded']
 ['19' '95.86569011851195' 'presentdestroyed']
 ['5' '100.55424531419133' 'destroyed']
 ['2' '108.10350352104571' 'present']
 ['9' '108.97103743475525' 'present']
 ['19' '110.17709585604756' 'marauded']
 ['17' '110.21822550828199' 'presentdestroyed']
 ['14' '116.6027962026509' 'presentdestroyed']
 ['11' '122.07819572712086' 'marauded']
 ['5' '123.39236537940705' 'presentdestroyed']
 ['17' '124.75841956097547' 'presentdestroyed']
 ['15' '134.8097477715952' 'marauded']
 ['9' '134.9000307768052' 'destroyed']
 ['14' '135.89409683907604' 'destroyed']
 ['20' '140.34337749713401' 'presentdestroyed']
 ['15' '146.75329993829672' 'present']
 ['18' '158.9558269677998' 'present']
 ['13' '163.14692562247424' 'present']
 ['20' '171.39988163286657' 'present']
 ['19' '178.72822433138234' 'present']
 ['19' '179.02041344093536' 'present']
 ['13' '189.31373803196036' 'present']
 ['13' '196.34295901144696' 'present']
 ['11' '197.9584506178248' 'marauded']
 ['15' '199.47779328645322' 'presentdestroyed']
 ['7' '210.76835051307367' 'present']
 ['2' '211.45306354339488' 'present']
 ['10' '213.88596538106088' 'present']
 ['20' '220.8527229485385' 'marauded']
 ['17' '221.7636713863229' 'presentdestroyed']
 ['18' '228.17658707067332' 'present']
 ['10' '231.90472328933703' 'present']
 ['21' '235.13974599145135' 'present']
 ['19' '245.70510439506046' 'present']
 ['23' '249.54117294980716' 'present']
 ['21' '255.87952318513513' 'marauded']
 ['23' '261.23328189831847' 'destroyed']
 ['10' '263.4521572760347' 'destroyed']
 ['19' '275.1420709889732' 'present']
 ['13' '278.5053143155158' 'marauded']
 ['19' '283.8580886580914' 'presentdestroyed']
 ['10' '294.18297102519165' 'present']
 ['4' '294.5500461733096' 'present']
 ['23' '302.43644958475795' 'present']
 ['9' '318.86763913579074' 'present']
 ['4' '336.6838285597066' 'present']
 ['2' '339.7846814778929' 'present']
 ['17' '341.657209173841' 'present']
 ['7' '344.53570038952313' 'marauded']
 ['14' '345.56218320577216' 'presentdestroyed']
 ['2' '357.3938940311989' 'present']]","[['F177' '113.28582756202066' 'destroyed']
 ['F108' '133.90263330345388' 'mated']
 ['F91' '142.12673419100605' 'absentdestroyed']
 ['F79' '149.28065381696322' 'mated']
 ['F17' '161.3193979200304' 'mated']
 ['F143' '204.3605950288723' 'destroyed']
 ['F67' '205.46939751605294' 'absentdestroyed']
 ['F76' '209.0620397337281' 'mated']
 ['F11' '222.47651849197416' 'destroyed']
 ['F200' '239.70989542808306' 'mated']
 ['F119' '253.3804493122866' 'mated']
 ['F208' '282.1259707494787' 'destroyed']
 ['F66' '289.6156531207934' 'mated']
 ['F187' '298.1703322021642' 'mated']]",569.0,71.2413427137476,15.159670867084744,1254.0,205.65989123724634,42.8851260582348,456.0,78.97021065358601,17.599558995753192,10.0,0.9999999999999999,0.10000000000000003,69.0,3.1944444444444438,0.14789094650205756
7,0.054,11,360.11158340392785,"[['23' '2.2717091909655824' 'present']
 ['18' '9.308894833836032' 'present']
 ['4' '51.7896259362345' 'present']
 ['13' '57.219879759477415' 'present']
 ['15' '60.254976745899405' 'present']
 ['20' '77.54775537305086' 'present']
 ['19' '94.69971608448395' 'present']
 ['23' '95.90735293514919' 'present']
 ['9' '110.50228032524372' 'marauded']
 ['5' '111.58894416320625' 'destroyed']
 ['18' '118.70562169068995' 'present']
 ['2' '122.88499205596946' 'present']
 ['11' '127.88560659182254' 'present']
 ['11' '130.11916518383666' 'present']
 ['14' '131.18094925854874' 'present']
 ['18' '141.07558174485416' 'present']
 ['10' '145.31658329709396' 'marauded']
 ['19' '147.6627992762727' 'destroyed']
 ['9' '151.68716543118512' 'destroyed']
 ['20' '159.86202868995164' 'marauded']
 ['13' '167.03896569640554' 'presentdestroyed']
 ['21' '169.02982821563506' 'marauded']
 ['18' '174.88083622129474' 'presentdestroyed']
 ['11' '210.10652319035162' 'present']
 ['13' '211.91883975351772' 'present']
 ['14' '246.93017305316556' 'marauded']
 ['19' '248.2953440274955' 'presentdestroyed']
 ['5' '248.51249143286435' 'destroyed']
 ['12' '249.0271658650411' 'presentdestroyed']
 ['2' '253.89399841183885' 'presentdestroyed']
 ['13' '254.60072400414992' 'present']
 ['6' '255.87869382656467' 'present']
 ['19' '266.2127248320377' 'present']
 ['19' '267.4044062009308' 'marauded']
 ['6' '267.889891374393' 'presentdestroyed']
 ['5' '272.3631090602211' 'presentdestroyed']
 ['15' '276.9952752596253' 'present']
 ['4' '301.1283573446643' 'present']
 ['6' '303.9977214857536' 'present']
 ['9' '307.49847259087676' 'present']
 ['13' '307.51410272495093' 'present']
 ['18' '323.5778755441772' 'present']
 ['19' '332.68229811817014' 'present']
 ['21' '338.4147573491409' 'present']
 ['17' '344.52303200975473' 'marauded']
 ['23' '348.07604919323455' 'presentdestroyed']
 ['4' '350.84863231255724' 'presentdestroyed']
 ['5' '354.37668394618794' 'present']
 ['17' '354.5010474087225' 'marauded']]","[['F10' '55.4487462721913' 'mated']
 ['F51' '90.5028340425413' 'mated']
 ['F131' '113.4373714002316' 'destroyed']
 ['F136' '137.67433827289236' 'mated']
 ['F198' '157.0763492567815' 'mated']
 ['F106' '159.04536718915682' 'mated']
 ['F40' '191.87246085285716' 'mated']
 ['F71' '194.41304821019475' 'mated']
 ['F55' '234.30826916950053' 'mated']
 ['F156' '234.52693048757044' 'mated']
 ['F151' '240.14385784365274' 'mated']
 ['F166' '256.7432188311295' 'mated']
 ['F125' '273.02668865360033' 'absentdestroyed']]",566.0,71.39250143825718,14.77602666825541,1410.0,235.44269132485834,50.69212298701974,275.0,47.44680376799053,10.287276391503797,19.0,1.9000000000000006,0.1900000000000001,85.0,3.9351851851851842,0.1821844993141287
8,0.0,10,360.1836001373419,"[['20' '1.1212587065526662' 'present']
 ['13' '5.874676794624661' 'present']
 ['21' '12.862626664803146' 'present']
 ['12' '13.932127296373391' 'present']
 ['7' '29.263657322032632' 'present']
 ['20' '30.08677845735999' 'present']
 ['18' '31.81858883913962' 'present']
 ['0' '31.891210764679812' 'present']
 ['15' '35.73245964207651' 'present']
 ['14' '37.11811665421952' 'present']
 ['23' '48.75547805867781' 'present']
 ['15' '51.07386607451131' 'present']
 ['6' '67.31352348065198' 'present']
 ['14' '69.30184795190044' 'present']
 ['23' '73.42250522945167' 'present']
 ['23' '73.60984179941303' 'marauded']
 ['20' '77.98104262529102' 'presentdestroyed']
 ['7' '81.12011643303687' 'presentdestroyed']
 ['12' '85.17537962843973' 'marauded']
 ['0' '138.98512172975003' 'present']
 ['2' '141.41049493158994' 'present']
 ['13' '152.47515342495993' 'present']
 ['10' '159.3116629237164' 'present']
 ['18' '162.56882866046462' 'present']
 ['11' '163.6767971470259' 'present']
 ['2' '172.67218028459428' 'present']
 ['4' '175.85666309585963' 'present']
 ['23' '180.19815165742318' 'present']
 ['7' '180.34357619266714' 'present']
 ['4' '189.41176333611506' 'present']
 ['17' '190.99036594618272' 'present']
 ['6' '212.18959718154898' 'present']
 ['7' '213.64852378158784' 'marauded']
 ['13' '218.46819080980555' 'presentdestroyed']
 ['6' '234.46390521650653' 'marauded']
 ['19' '250.04763914848544' 'marauded']
 ['12' '254.35922350482414' 'presentdestroyed']
 ['10' '267.0413925792552' 'present']
 ['6' '271.2153848095923' 'marauded']
 ['17' '279.1273959769404' 'present']
 ['2' '291.84876519984874' 'present']
 ['9' '297.3717243286734' 'present']
 ['23' '302.70163538854047' 'marauded']
 ['10' '304.5036133081101' 'presentdestroyed']
 ['19' '305.49417400726315' 'destroyed']
 ['9' '322.5036800954645' 'present']
 ['14' '326.3562071035959' 'present']
 ['15' '327.65414145204335' 'present']
 ['6' '337.7424201323335' 'present']
 ['18' '341.4311153397888' 'present']
 ['15' '345.14219610388875' 'marauded']
 ['4' '347.50575347806085' 'presentdestroyed']
 ['6' '356.19172351516295' 'present']]","[['F163' '80.9020232444286' 'destroyed']
 ['F215' '109.34792821243302' 'mated']
 ['F205' '113.7043939866908' 'mated']
 ['F91' '142.1498823391542' 'mated']
 ['F141' '146.19453741147942' 'mated']
 ['F129' '147.16127967036186' 'absent']
 ['F153' '156.32212878078536' 'absent']
 ['F97' '159.76081001017556' 'mated']
 ['F85' '171.5864610350413' 'absent']
 ['F142' '192.31749563028524' 'mated']
 ['F1' '222.59388325342707' 'mated']
 ['F168' '228.6299118102373' 'mated']
 ['F19' '231.68742822165575' 'absent']
 ['F120' '245.1845929404231' 'mated']
 ['F82' '247.24828993025366' 'mated']
 ['F47' '250.51206546468677' 'destroyed']]",559.0,68.65473449505268,13.483166824747311,1401.0,242.52112151045455,52.862899908907096,283.0,48.89849035793752,10.695488026404469,0.0,0.0,0.0,0.0,0.0,0.0
9,0.054,7,360.1372433246331,"[['18' '2.4910650163620365' 'marauded']
 ['20' '4.46372839410681' 'destroyed']
 ['14' '6.403730750014654' 'presentdestroyed']
 ['23' '25.251531104607345' 'present']
 ['18' '26.17876117070032' 'marauded']
 ['2' '26.192774359651573' 'destroyed']
 ['10' '33.189700756068355' 'presentdestroyed']
 ['6' '33.94135458687157' 'present']
 ['19' '34.046511916292445' 'marauded']
 ['12' '42.924677468824356' 'marauded']
 ['15' '52.730383796211015' 'present']
 ['6' '55.58718944737595' 'present']
 ['10' '71.60732552285008' 'present']
 ['7' '74.49053880067194' 'present']
 ['18' '76.4160761959448' 'present']
 ['5' '92.99416476064255' 'marauded']
 ['2' '97.33375121255581' 'destroyed']
 ['7' '100.27437693295715' 'present']
 ['7' '100.9329891378435' 'present']
 ['4' '103.13318197837633' 'present']
 ['5' '105.91513773869832' 'present']
 ['5' '107.9300383294324' 'present']
 ['4' '117.7096652371005' 'present']
 ['14' '119.65653181875525' 'present']
 ['10' '124.87463886950593' 'marauded']
 ['12' '138.5247551939618' 'present']
 ['7' '141.4495263623117' 'marauded']
 ['17' '141.7119395161434' 'presentdestroyed']
 ['20' '157.64829769412208' 'present']
 ['14' '194.04705751347814' 'present']
 ['14' '196.36175483745993' 'present']
 ['13' '198.10312884446003' 'present']
 ['5' '220.77672795548148' 'marauded']
 ['2' '225.38449423002544' 'presentdestroyed']
 ['2' '226.46178991401248' 'presentdestroyed']
 ['0' '229.44268910447667' 'present']
 ['7' '230.05654028795706' 'present']
 ['4' '231.59797682697894' 'present']
 ['13' '234.7198485721403' 'marauded']
 ['7' '235.85159097732134' 'presentdestroyed']
 ['7' '239.04237271559933' 'destroyed']
 ['19' '245.98905108496152' 'present']
 ['20' '246.57165521639024' 'present']
 ['4' '257.02539141581855' 'present']
 ['21' '270.0421053156167' 'present']
 ['23' '285.27932511554405' 'present']
 ['13' '285.48109378914444' 'marauded']
 ['23' '287.4740002247257' 'presentdestroyed']
 ['7' '289.79340797423276' 'presentdestroyed']
 ['5' '293.3995779006377' 'present']
 ['20' '300.27556912463' 'present']
 ['2' '301.9138101107191' 'present']
 ['19' '307.73296683377697' 'present']
 ['21' '308.91541609998535' 'present']
 ['2' '314.32137091328804' 'present']
 ['20' '323.68544299633453' 'present']
 ['14' '327.116108252192' 'present']
 ['14' '329.98303762260554' 'present']
 ['2' '332.5802365493619' 'present']
 ['7' '333.02055665737663' 'present']
 ['14' '334.66555461205076' 'present']
 ['10' '350.0366356408787' 'marauded']
 ['5' '352.6658397681299' 'presentdestroyed']
 ['4' '357.37037605435216' 'presentdestroyed']]","[['F157' '15.761718213277103' 'mated']
 ['F204' '78.45983182535599' 'mated']
 ['F9' '80.13447500951051' 'mated']
 ['F22' '114.50593248675337' 'absent']
 ['F84' '177.01653784884036' 'mated']
 ['F134' '184.56707952671448' 'mated']
 ['F210' '203.80136913578554' 'absent']
 ['F44' '210.74504916289067' 'mated']
 ['F57' '229.6337246280649' 'absent']
 ['F111' '231.05928041061057' 'mated']
 ['F130' '288.74946579619' 'destroyed']]",568.0,68.30827698350133,14.417876018642493,1293.0,221.53811133798317,47.52331898429175,395.0,67.4961532376922,14.643525868499058,4.0,0.4,0.04000000000000001,52.0,2.407407407407407,0.11145404663923188
10,0.054,12,360.1028688795156,"[['14' '21.270417556255858' 'present']
 ['14' '30.02417298288724' 'present']
 ['7' '31.495247611645794' 'present']
 ['15' '40.15929534656199' 'present']
 ['12' '53.6325398198252' 'marauded']
 ['23' '59.881221591608835' 'presentdestroyed']
 ['5' '61.81799154622771' 'present']
 ['4' '64.58824413179819' 'present']
 ['14' '70.77987307045527' 'present']
 ['6' '77.96256791538704' 'present']
 ['21' '99.8973173369853' 'present']
 ['21' '105.16407786300374' 'marauded']
 ['19' '107.37588036194826' 'presentdestroyed']
 ['4' '107.84365915168475' 'presentdestroyed']
 ['23' '109.16600091324364' 'presentdestroyed']
 ['14' '112.77700101458238' 'marauded']
 ['15' '124.21013860225348' 'present']
 ['21' '143.609477635893' 'present']
 ['2' '151.4058084616052' 'present']
 ['12' '154.55261420119822' 'present']
 ['12' '157.52873767835092' 'present']
 ['0' '175.01284916144692' 'present']
 ['18' '195.01952854257976' 'marauded']
 ['9' '205.16174086833016' 'present']
 ['23' '216.43097325466104' 'present']
 ['7' '216.97789438119383' 'present']
 ['11' '218.89522346644534' 'marauded']
 ['12' '221.8368735404939' 'presentdestroyed']
 ['4' '224.11246907970485' 'presentdestroyed']
 ['7' '228.26332749088365' 'present']
 ['19' '238.5455111602139' 'present']
 ['7' '245.29099338479085' 'present']
 ['6' '247.77189388139388' 'present']
 ['21' '250.38589826194888' 'marauded']
 ['20' '257.82626248910645' 'presentdestroyed']
 ['6' '277.1522977384751' 'present']
 ['9' '277.18404270758316' 'present']
 ['7' '283.7923765749647' 'present']
 ['0' '287.7652758379866' 'present']
 ['12' '288.9289692200051' 'present']
 ['7' '291.66427604130433' 'present']
 ['5' '309.1657353847632' 'present']
 ['11' '311.2925616294813' 'present']
 ['6' '311.4321408798684' 'present']
 ['23' '320.9115228226331' 'present']
 ['4' '330.4701484109266' 'marauded']
 ['14' '345.24829924284796' 'present']
 ['11' '353.5508804937306' 'present']
 ['17' '355.3219599741256' 'present']
 ['18' '357.4151598997841' 'present']]","[['F165' '37.26212220058237' 'mated']
 ['F89' '49.91571191053748' 'mated']
 ['F129' '147.18442781851002' 'mated']
 ['F94' '202.73464901201612' 'destroyed']
 ['F132' '204.7777148651076' 'mated']
 ['F24' '209.18135642658206' 'mated']
 ['F211' '211.91824435017534' 'mated']
 ['F65' '225.90667069151658' 'destroyed']
 ['F133' '227.59875760813424' 'mated']
 ['F162' '243.80376631332166' 'mated']
 ['F61' '263.81783610722204' 'mated']
 ['F139' '268.65871932562004' 'mated']
 ['F83' '277.5566106621352' 'mated']
 ['F203' '327.23079566443363' 'mated']]",568.0,71.59388087308659,15.736965575509426,1422.0,240.63016959668647,51.379335427579726,254.0,42.771893778202404,8.84516160524918,13.0,1.3,0.13000000000000006,85.0,3.9351851851851842,0.1821844993141287
11,0.054,9,360.60012769147386,"[['21' '13.958523695860665' 'present']
 ['6' '24.95577558220175' 'present']
 ['5' '29.23934293033179' 'present']
 ['21' '37.79175099380867' 'present']
 ['20' '44.90249902531077' 'present']
 ['23' '46.60536901590403' 'present']
 ['21' '49.00148730109903' 'present']
 ['12' '55.69081877029679' 'marauded']
 ['21' '60.337685064776366' 'presentdestroyed']
 ['4' '82.15815652672806' 'present']
 ['4' '86.51577354127383' 'present']
 ['6' '88.40530712437372' 'present']
 ['2' '91.80623299847221' 'present']
 ['13' '108.71944423584208' 'marauded']
 ['18' '125.46377747713512' 'present']
 ['13' '125.72875802002619' 'present']
 ['12' '127.44845290060941' 'present']
 ['19' '131.1904123182471' 'marauded']
 ['7' '145.0559640699553' 'marauded']
 ['5' '149.78035706973125' 'presentdestroyed']
 ['14' '155.4995530304246' 'marauded']
 ['18' '155.84003152386774' 'presentdestroyed']
 ['18' '162.077061320849' 'presentdestroyed']
 ['10' '164.7315978581666' 'marauded']
 ['7' '168.44666675959982' 'presentdestroyed']
 ['9' '171.86637488855013' 'destroyed']
 ['10' '181.86604297505642' 'present']
 ['17' '182.3407897408295' 'marauded']
 ['20' '183.61398346545943' 'presentdestroyed']
 ['9' '187.9228510187246' 'presentdestroyed']
 ['23' '218.01838089562983' 'present']
 ['18' '226.73214245815163' 'marauded']
 ['6' '228.2656290268121' 'presentdestroyed']
 ['4' '235.73659953142226' 'present']
 ['20' '241.28230458698846' 'present']
 ['9' '245.6336995601126' 'present']
 ['13' '261.539385205875' 'present']
 ['10' '261.7013193639193' 'present']
 ['7' '262.86410489317444' 'present']
 ['0' '282.9828264959267' 'marauded']
 ['2' '288.46539363449193' 'presentdestroyed']
 ['4' '294.29723822286536' 'present']
 ['10' '296.2305292178947' 'marauded']
 ['12' '300.7303229435523' 'destroyed']
 ['21' '303.51696834904766' 'present']
 ['15' '304.0872539928211' 'marauded']
 ['12' '315.1271449619287' 'present']
 ['5' '316.8633296087239' 'present']
 ['17' '317.4141008612914' 'present']
 ['23' '318.59287113565716' 'present']
 ['0' '337.69276625427455' 'marauded']
 ['4' '341.159577601439' 'presentdestroyed']
 ['2' '343.0691045988543' 'presentdestroyed']
 ['12' '344.2269999039081' 'presentdestroyed']
 ['20' '346.2921609555306' 'present']
 ['2' '348.3848843659634' 'present']]","[['F201' '18.359539451508564' 'mated']
 ['F193' '36.663596228791924' 'mated']
 ['F149' '86.39127901923223' 'mated']
 ['F123' '133.2388071420081' 'destroyed']
 ['F194' '143.66254811482918' 'mated']
 ['F212' '146.6251929853037' 'absentdestroyed']
 ['F28' '165.39025767877723' 'absentdestroyed']
 ['F29' '173.21245123876622' 'mated']
 ['F183' '190.04070809267031' 'absentdestroyed']
 ['F196' '192.11484461565277' 'absent']
 ['F182' '205.74650681928458' 'mated']
 ['F57' '229.61057647991674' 'destroyed']
 ['F87' '236.9507204631081' 'mated']
 ['F122' '248.96981732297496' 'mated']
 ['F58' '272.20481335804595' 'mated']
 ['F167' '288.10895451595235' 'destroyed']]",565.0,73.48900472371736,17.294367289077925,1233.0,209.75906143654367,45.20263127449007,439.0,73.67854869690129,15.724077953129083,9.0,0.8999999999999999,0.09000000000000002,51.0,2.3611111111111107,0.10931069958847742
12,0.054,9,359.8587191315477,"[['4' '3.1248580766413006' 'present']
 ['4' '4.348576801576003' 'marauded']
 ['18' '6.732981352094511' 'presentdestroyed']
 ['19' '7.427752552266741' 'presentdestroyed']
 ['4' '13.882609302584422' 'present']
 ['5' '14.671778478689424' 'marauded']
 ['9' '15.09068800452492' 'presentdestroyed']
 ['15' '19.489760694147083' 'presentdestroyed']
 ['2' '24.057389074466705' 'marauded']
 ['20' '28.34164413812966' 'presentdestroyed']
 ['15' '28.982495108419613' 'presentdestroyed']
 ['17' '32.93992595180316' 'present']
 ['2' '35.52052791892142' 'present']
 ['4' '50.73499202715194' 'present']
 ['7' '56.937320873773714' 'present']
 ['20' '58.45108169954886' 'present']
 ['18' '62.30978231772203' 'present']
 ['6' '63.56886962527448' 'present']
 ['19' '75.6688067971147' 'present']
 ['13' '77.21048393103342' 'present']
 ['21' '79.79607617449199' 'present']
 ['7' '86.29438671988221' 'marauded']
 ['5' '90.71421917773361' 'presentdestroyed']
 ['21' '94.26061137248307' 'present']
 ['19' '107.58468925488208' 'present']
 ['18' '121.30263900358058' 'present']
 ['10' '121.80201936941988' 'present']
 ['18' '127.5426593785585' 'present']
 ['5' '146.0597480827607' 'present']
 ['20' '150.24192766293666' 'present']
 ['9' '151.64086913488882' 'present']
 ['4' '166.19204625730617' 'present']
 ['6' '171.8355624214814' 'present']
 ['9' '185.98803938512737' 'present']
 ['23' '188.36139013929161' 'present']
 ['19' '209.20346096665924' 'present']
 ['4' '211.48107765702102' 'present']
 ['18' '216.33631931461696' 'present']
 ['0' '218.1428230157419' 'present']
 ['7' '220.25180210996447' 'present']
 ['17' '225.34425422239346' 'marauded']
 ['19' '225.98047538513467' 'presentdestroyed']
 ['13' '229.01579734149095' 'presentdestroyed']
 ['21' '236.21733892834735' 'present']
 ['17' '242.81174100919839' 'present']
 ['5' '255.0825348205251' 'marauded']
 ['11' '262.4490946052462' 'present']
 ['9' '263.74422180397147' 'present']
 ['6' '265.9106255473527' 'present']
 ['20' '266.3788476805706' 'marauded']
 ['19' '268.70598616256524' 'presentdestroyed']
 ['20' '280.3099027685806' 'present']
 ['13' '291.2833728256486' 'present']
 ['11' '291.8540446740887' 'present']
 ['2' '292.6721886040747' 'present']
 ['19' '292.9153172836314' 'present']
 ['0' '300.87472796903575' 'present']
 ['14' '301.09635273776325' 'marauded']
 ['5' '301.6018681238434' 'presentdestroyed']
 ['15' '305.2902765359057' 'destroyed']
 ['2' '318.53144433610584' 'marauded']
 ['17' '322.383271193899' 'presentdestroyed']
 ['11' '329.74159408709346' 'present']
 ['6' '330.27931612944786' 'marauded']
 ['18' '332.9445007413095' 'presentdestroyed']
 ['18' '338.9228185187784' 'present']]","[['F64' '57.28860095732879' 'absent']
 ['F15' '77.84931019469283' 'mated']
 ['F199' '95.53637655180032' 'mated']
 ['F68' '96.14725789277561' 'mated']
 ['F59' '122.22260252208856' 'absent']
 ['F123' '133.26195529015627' 'mated']
 ['F30' '134.96992691525884' 'absent']
 ['F30' '135.01622321155514' 'absent']
 ['F184' '138.8431616643545' 'mated']
 ['F91' '142.1035860428579' 'absent']
 ['F73' '161.15404093536182' 'absent']
 ['F67' '205.4925456642011' 'mated']
 ['F54' '215.82530596589262' 'mated']
 ['F121' '237.4762636418066' 'mated']
 ['F39' '255.0511711087058' 'absent']
 ['F167' '288.1321026641005' 'mated']]",555.0,74.4355268070773,16.1543101983253,1287.0,220.57328185990244,47.335492452849856,372.0,60.96553993853173,12.743575818688415,8.0,0.7999999999999999,0.08000000000000002,70.0,3.24074074074074,0.150034293552812
13,0.054,18,360.1290185940964,"[['4' '6.273221969584204' 'present']
 ['14' '25.662774592444446' 'present']
 ['17' '31.582758498787907' 'present']
 ['0' '33.16664925753625' 'marauded']
 ['20' '33.42524320901594' 'presentdestroyed']
 ['4' '38.380099352791305' 'presentdestroyed']
 ['11' '48.02714200113595' 'marauded']
 ['23' '48.90261725833004' 'presentdestroyed']
 ['21' '51.30906626049835' 'destroyed']
 ['7' '56.983617170070005' 'present']
 ['7' '63.364535018342444' 'present']
 ['14' '70.21770045373408' 'present']
 ['6' '73.54406296238092' 'present']
 ['17' '81.92975916947236' 'present']
 ['23' '83.00620098467266' 'present']
 ['21' '89.24209449023168' 'present']
 ['21' '91.89475893948386' 'present']
 ['19' '102.61627110013077' 'present']
 ['11' '107.76671374513174' 'present']
 ['23' '112.35120213705966' 'present']
 ['7' '124.21793999740251' 'present']
 ['17' '124.80471585727177' 'present']
 ['10' '130.43339280910075' 'present']
 ['18' '142.21809349214035' 'marauded']
 ['12' '143.37780539418472' 'presentdestroyed']
 ['18' '143.7675458234564' 'presentdestroyed']
 ['12' '151.42684369664502' 'present']
 ['17' '154.8418945906503' 'marauded']
 ['19' '155.11501524706435' 'presentdestroyed']
 ['5' '155.7019926340994' 'presentdestroyed']
 ['15' '156.06228617824485' 'presentdestroyed']
 ['9' '158.5841198228506' 'presentdestroyed']
 ['18' '160.05567747888443' 'presentdestroyed']
 ['0' '160.91249983598192' 'presentdestroyed']
 ['4' '186.6939657656262' 'present']
 ['19' '200.2708838341624' 'present']
 ['0' '201.98550691076076' 'present']
 ['23' '207.55373219862594' 'present']
 ['0' '213.6452294720217' 'present']
 ['15' '214.58001569654954' 'present']
 ['20' '218.46198972109408' 'marauded']
 ['7' '219.51295232108941' 'presentdestroyed']
 ['20' '220.34359053048584' 'presentdestroyed']
 ['20' '223.65517782060624' 'destroyed']
 ['18' '229.73248400100107' 'present']
 ['5' '230.0404369552894' 'present']
 ['18' '283.07044593339236' 'present']
 ['18' '289.07621927576145' 'present']
 ['21' '289.25573470732905' 'present']
 ['0' '296.76145771522255' 'marauded']
 ['23' '302.091976378404' 'presentdestroyed']
 ['15' '303.7987247914322' 'present']
 ['18' '309.14032557622295' 'present']
 ['19' '316.71968040527815' 'present']
 ['23' '318.44657483936084' 'marauded']
 ['10' '322.0228895085937' 'presentdestroyed']
 ['11' '337.2361840753495' 'marauded']
 ['21' '343.5205781401724' 'presentdestroyed']
 ['10' '348.5412274761365' 'present']]","[['F188' '28.26124225646756' 'absent']
 ['F32' '73.7111979972164' 'mated']
 ['F181' '78.06094425486097' 'mated']
 ['F95' '98.89784112003242' 'mated']
 ['F12' '100.09684031242367' 'mated']
 ['F189' '118.28889782738443' 'mated']
 ['F2' '119.66873645205789' 'mated']
 ['F59' '122.24575067023672' 'absent']
 ['F92' '130.9299553339999' 'mated']
 ['F21' '134.1658387256078' 'mated']
 ['F30' '147.0393713597033' 'destroyed']
 ['F148' '175.07833028778256' 'mated']
 ['F159' '186.9226645343127' 'mated']
 ['F197' '196.82835389088206' 'mated']
 ['F101' '206.7537095129681' 'mated']
 ['F19' '231.7105763698039' 'mated']
 ['F98' '276.1233716301533' 'mated']
 ['F173' '278.4942088327326' 'absent']
 ['F208' '282.14911889762686' 'mated']
 ['F144' '286.7390172326007' 'mated']
 ['F93' '295.59144734421545' 'mated']
 ['F174' '323.517109420657' 'destroyed']
 ['F116' '352.25086676125716' 'mated']]",566.0,68.23238430489181,13.982119063171062,1408.0,238.25473495079606,51.65896800286801,288.0,48.51117229239087,10.439379715826153,13.0,1.3,0.13000000000000006,83.0,3.8425925925925917,0.1778978052126198
14,0.054,3,360.4760390581758,"[['10' '2.8809361402059004' 'present']
 ['11' '12.977967256891674' 'present']
 ['10' '15.427894141045924' 'present']
 ['5' '15.458637310719247' 'present']
 ['23' '15.498678903795764' 'present']
 ['17' '15.891425925240865' 'present']
 ['13' '18.277211782543134' 'present']
 ['19' '21.63512796921056' 'present']
 ['6' '35.27976246142999' 'present']
 ['12' '36.612344347370545' 'present']
 ['11' '40.459165296121995' 'marauded']
 ['19' '43.64564746492666' 'destroyed']
 ['21' '49.36549739669854' 'present']
 ['17' '53.72173218191221' 'marauded']
 ['9' '61.106069064317026' 'presentdestroyed']
 ['12' '61.799770740318166' 'present']
 ['17' '62.00599866275044' 'present']
 ['19' '63.85189125258145' 'present']
 ['17' '65.94876721185015' 'present']
 ['23' '71.94256146451883' 'marauded']
 ['18' '77.95138591804911' 'presentdestroyed']
 ['21' '78.17696536383811' 'presentdestroyed']
 ['21' '79.46202476445308' 'presentdestroyed']
 ['19' '82.02829842970564' 'present']
 ['19' '94.00966035047662' 'present']
 ['4' '100.99182181775265' 'present']
 ['21' '102.26450246291232' 'present']
 ['13' '106.40008980711433' 'present']
 ['19' '108.3244267256927' 'present']
 ['9' '114.04558494011148' 'present']
 ['2' '122.71554567564334' 'present']
 ['11' '123.15214239113722' 'marauded']
 ['19' '128.55210475874472' 'presentdestroyed']
 ['19' '132.9629675731039' 'present']
 ['15' '136.30041773622813' 'present']
 ['10' '146.12079611918378' 'present']
 ['18' '148.74157997271243' 'present']
 ['12' '152.6695792181888' 'present']
 ['23' '163.32410694806825' 'marauded']
 ['5' '165.22801154973868' 'presentdestroyed']
 ['17' '169.41987260381293' 'presentdestroyed']
 ['21' '171.92356759175254' 'present']
 ['21' '181.99103110506024' 'marauded']
 ['15' '182.56246412821005' 'presentdestroyed']
 ['23' '188.15512680090214' 'destroyed']
 ['2' '193.767068856901' 'present']
 ['11' '205.47330780154286' 'present']
 ['12' '211.73059206519545' 'present']
 ['13' '213.49415936212716' 'marauded']
 ['21' '216.75628868548566' 'presentdestroyed']
 ['11' '218.45916441491468' 'presentdestroyed']
 ['23' '222.46379186504714' 'marauded']
 ['21' '230.02178223699292' 'marauded']
 ['15' '230.76143256635004' 'presentdestroyed']
 ['21' '232.5595425840901' 'presentdestroyed']
 ['13' '236.82219503249127' 'presentdestroyed']
 ['18' '239.68649721684682' 'present']
 ['20' '243.80532759119336' 'present']
 ['6' '251.24336219501313' 'present']
 ['15' '258.6456818046955' 'present']
 ['13' '277.25155810139876' 'present']
 ['18' '278.28497675345244' 'present']
 ['6' '278.4208323802315' 'marauded']
 ['15' '282.57485220823895' 'presentdestroyed']
 ['19' '284.7331781746546' 'presentdestroyed']
 ['0' '307.58892818128095' 'present']
 ['2' '314.42950833365745' 'present']
 ['6' '314.79739958970924' 'present']
 ['23' '319.55748545405737' 'present']
 ['15' '335.98518418345805' 'marauded']
 ['4' '349.33646469304443' 'present']
 ['11' '352.20997810085646' 'present']]","[['F113' '45.9229308978071' 'destroyed']
 ['F10' '55.379301827746865' 'destroyed']
 ['F128' '143.5188168663945' 'mated']
 ['F153' '156.36842507708167' 'mated']
 ['F78' '170.85177206879163' 'mated']
 ['F155' '226.31173676762262' 'destroyed']
 ['F46' '227.21486561448245' 'destroyed']
 ['F25' '276.97564660474177' 'absent']]",566.0,75.3390593215107,16.839400487072346,1257.0,213.29063631923037,45.7527123719638,396.0,67.09160874689458,14.108553696996278,13.0,1.3,0.13000000000000006,69.0,3.1944444444444438,0.14789094650205756
15,0.054,6,360.1435465021553,"[['7' '11.412068963672102' 'marauded']
 ['19' '25.95704438824176' 'present']
 ['12' '33.080770349835156' 'present']
 ['5' '36.68572988791996' 'present']
 ['21' '37.202133467518394' 'present']
 ['11' '38.88410626840583' 'present']
 ['5' '61.489716683759994' 'marauded']
 ['20' '64.16745488613203' 'presentdestroyed']
 ['10' '64.95967898378947' 'destroyed']
 ['12' '65.91660782806417' 'presentdestroyed']
 ['17' '66.71266242071847' 'presentdestroyed']
 ['0' '68.77458661168758' 'destroyed']
 ['2' '72.82808012382644' 'marauded']
 ['19' '74.10027428616506' 'presentdestroyed']
 ['13' '81.759251478693' 'present']
 ['12' '82.27738322380615' 'present']
 ['5' '82.30664981920611' 'present']
 ['20' '94.88063699271511' 'present']
 ['10' '102.33932206478255' 'present']
 ['11' '105.81481116291724' 'present']
 ['5' '108.85902514626082' 'marauded']
 ['18' '109.6855454892116' 'presentdestroyed']
 ['23' '114.80010974547632' 'presentdestroyed']
 ['18' '117.1078942387108' 'present']
 ['17' '118.62421060904788' 'present']
 ['6' '121.2621564758723' 'present']
 ['12' '122.54957520690256' 'present']
 ['2' '127.00881230731667' 'present']
 ['7' '128.74865049637353' 'present']
 ['0' '138.2418408127447' 'present']
 ['5' '148.09299737078564' 'present']
 ['7' '155.17715097433097' 'present']
 ['7' '157.55253753404355' 'present']
 ['18' '159.90938118258813' 'marauded']
 ['18' '162.95231046826447' 'presentdestroyed']
 ['11' '163.38292782366074' 'destroyed']
 ['5' '170.33856389879364' 'present']
 ['14' '191.00346146481212' 'present']
 ['9' '200.7096293457334' 'present']
 ['4' '206.0470851332425' 'present']
 ['6' '207.05259321159707' 'present']
 ['14' '209.31709871291855' 'present']
 ['10' '214.9727250069114' 'marauded']
 ['21' '221.36472434803977' 'presentdestroyed']
 ['2' '222.77893323710785' 'marauded']
 ['2' '224.5119540478724' 'presentdestroyed']
 ['19' '237.93436652173983' 'present']
 ['21' '249.1115483423322' 'present']
 ['4' '255.18036935982528' 'present']
 ['4' '257.45661216856683' 'present']
 ['13' '263.03352167148995' 'present']
 ['10' '263.2469861457139' 'present']
 ['5' '268.5153216819005' 'marauded']
 ['2' '270.81176809081495' 'presentdestroyed']
 ['21' '271.7294862798871' 'presentdestroyed']
 ['5' '276.0518811495077' 'presentdestroyed']
 ['10' '277.52998532164816' 'present']
 ['14' '278.4228504752101' 'present']
 ['17' '279.863992127602' 'present']
 ['18' '283.02414963709606' 'present']
 ['18' '285.59965158931385' 'present']
 ['14' '290.71720171006206' 'present']
 ['0' '293.247681955501' 'present']
 ['9' '310.2609126733278' 'present']
 ['21' '315.3377613916168' 'present']
 ['10' '325.03191952256105' 'present']
 ['18' '326.34207483200646' 'present']]","[['F42' '49.504177228781735' 'mated']
 ['F50' '74.91672255039205' 'destroyed']
 ['F9' '80.11132686136236' '']
 ['F30' '147.06251950785145' 'mated']
 ['F191' '160.1086616160463' 'absentdestroyed']
 ['F17' '161.2731016237341' 'destroyed']
 ['F214' '188.0203605596029' 'absent']
 ['F158' '188.20105541773782' 'mated']
 ['F36' '194.8981464969977' 'mated']
 ['F206' '271.5082202349531' 'absentdestroyed']
 ['F125' '272.9572442091559' 'destroyed']
 ['F125' '273.0035405054522' 'absentdestroyed']
 ['F69' '301.5333314945352' 'mated']
 ['F77' '335.89496955855174' 'mated']]",560.0,70.23700625484733,14.538147172169934,1378.0,236.07727814733735,51.01021114576339,293.0,49.01549626036966,10.156317274006328,11.0,1.0999999999999999,0.11000000000000004,79.0,3.6574074074074066,0.16932441700960202
16,0.0,6,360.4774841408945,"[['13' '8.194419362625494' 'present']
 ['15' '11.062655640985314' 'marauded']
 ['2' '11.349648283732947' 'presentdestroyed']
 ['11' '12.325362481284106' 'presentdestroyed']
 ['19' '22.631261124579687' 'present']
 ['5' '28.186577786978177' 'marauded']
 ['6' '36.09143926276888' 'present']
 ['11' '54.52006584615606' 'present']
 ['5' '55.55756325029716' 'marauded']
 ['21' '62.695392211094955' 'presentdestroyed']
 ['13' '68.185235027374' 'present']
 ['15' '69.32837368247584' 'present']
 ['13' '72.00254013391755' 'present']
 ['5' '75.35812960266216' 'present']
 ['18' '76.75768054618186' 'present']
 ['0' '82.51382858640298' 'present']
 ['6' '82.89238446388546' 'present']
 ['6' '83.95588842194417' 'present']
 ['17' '89.27179867430216' 'present']
 ['14' '99.0825085307187' 'present']
 ['4' '106.02849643970761' 'marauded']
 ['9' '108.61732648789997' 'presentdestroyed']
 ['20' '127.3139342053998' 'present']
 ['13' '135.2191387484035' 'present']
 ['7' '144.03257766393048' 'present']
 ['2' '146.85277717332372' 'present']
 ['0' '150.79807733400588' 'present']
 ['15' '153.17952389893802' 'marauded']
 ['14' '154.59489674451063' 'destroyed']
 ['14' '156.67599339877913' 'presentdestroyed']
 ['15' '157.97123070692257' 'destroyed']
 ['17' '164.98164367605332' 'present']
 ['10' '169.42527034934062' 'marauded']
 ['17' '170.1313060213727' 'presentdestroyed']
 ['4' '172.34764067026757' 'presentdestroyed']
 ['13' '173.29996145526349' 'presentdestroyed']
 ['18' '176.58312685236356' 'presentdestroyed']
 ['0' '183.67912704330817' 'present']
 ['23' '187.33999165118215' 'present']
 ['9' '190.76120092018905' 'marauded']
 ['4' '191.11948540233382' 'presentdestroyed']
 ['0' '196.96982967685884' 'presentdestroyed']
 ['5' '209.2427352465453' 'present']
 ['7' '213.60222748529154' 'present']
 ['18' '224.84309528912448' 'present']
 ['7' '225.82310244573796' 'present']
 ['4' '227.17864813561022' 'present']
 ['12' '240.53255647966773' 'present']
 ['23' '242.45298800728767' 'present']
 ['15' '244.13897717149686' 'present']
 ['17' '247.40785307686104' 'present']
 ['13' '252.71740686138816' 'marauded']
 ['9' '260.986477796913' 'present']
 ['23' '265.2619368220651' 'present']
 ['21' '267.77624489566455' 'present']
 ['0' '285.3266583895533' 'present']
 ['2' '291.67459829524824' 'marauded']
 ['13' '296.0116796868124' 'destroyed']
 ['0' '298.2181430036599' 'presentdestroyed']
 ['0' '300.4415672984773' 'present']
 ['7' '303.5745988969648' 'present']
 ['17' '304.07725607576754' 'present']
 ['13' '307.56039902124724' 'present']
 ['13' '309.88159126386716' 'marauded']
 ['21' '314.34442686404736' 'destroyed']
 ['23' '322.0980257808832' 'present']
 ['17' '342.97570653668936' 'present']
 ['17' '345.164372732454' 'present']]","[['F163' '80.92517139257676' 'mated']
 ['F20' '97.22257044326224' 'absent']
 ['F31' '107.62464610872351' 'destroyed']
 ['F215' '109.32478006428487' 'destroyed']
 ['F137' '122.79647661991828' 'mated']
 ['F54' '203.73271337330002' 'absent']
 ['F155' '226.33488491577077' 'mated']
 ['F46' '227.2380137626306' 'mated']
 ['F82' '247.20199363395736' 'absent']
 ['F166' '256.7200706829814' 'destroyed']
 ['F5' '262.02778133750644' 'mated']
 ['F213' '265.2524861990144' 'mated']
 ['F174' '323.49396127250884' 'absent']]",559.0,71.47909411612312,14.665025768891178,1319.0,227.46037104587342,49.001464301679704,366.0,61.20982321160184,12.834033356389101,0.0,0.0,0.0,0.0,0.0,0.0
17,0.054,8,359.9121020349078,"[['7' '0.5306049183061249' 'marauded']
 ['13' '4.115015793060451' 'destroyed']
 ['14' '15.710077665381204' 'present']
 ['10' '23.058499873684713' 'present']
 ['7' '31.39585892102899' 'present']
 ['18' '37.3273029248439' 'marauded']
 ['0' '51.450247382061086' 'present']
 ['12' '58.98299619191118' 'present']
 ['19' '61.18199196013659' 'present']
 ['13' '64.16710311052812' 'present']
 ['9' '67.40438793765226' 'present']
 ['14' '70.05557678602128' 'present']
 ['2' '70.43314769199016' 'marauded']
 ['20' '71.8897269175923' 'presentdestroyed']
 ['23' '74.19394906572568' 'presentdestroyed']
 ['5' '84.13057419886283' 'present']
 ['11' '89.57858784017314' 'present']
 ['18' '93.8200031922248' 'marauded']
 ['5' '96.59015095786961' 'destroyed']
 ['5' '99.55692424797286' 'presentdestroyed']
 ['7' '132.44854595056236' 'present']
 ['23' '145.98415621202616' 'present']
 ['14' '149.1222849673722' 'present']
 ['10' '165.63430006059787' 'present']
 ['19' '170.8168797606449' 'present']
 ['14' '171.07690878270708' 'marauded']
 ['9' '171.91267118484643' 'presentdestroyed']
 ['4' '172.39393696656387' 'presentdestroyed']
 ['13' '185.1921795065925' 'present']
 ['21' '192.63391781239622' 'present']
 ['7' '193.77310278632496' 'marauded']
 ['5' '202.89855099185834' 'present']
 ['0' '205.7925817746608' 'marauded']
 ['0' '207.09281507097245' 'presentdestroyed']
 ['0' '207.33729217050112' 'presentdestroyed']
 ['0' '215.0491318077488' 'present']
 ['0' '224.1287994717841' 'present']
 ['21' '240.26944170928437' 'present']
 ['5' '240.95105251978174' 'present']
 ['4' '247.51274722045392' 'marauded']
 ['5' '247.57407279234525' 'destroyed']
 ['20' '257.87255878540276' 'present']
 ['12' '265.6865380078206' 'present']
 ['11' '277.3403990044515' 'present']
 ['5' '277.51521319478195' 'present']
 ['6' '277.73668644713706' 'present']
 ['18' '278.4651342025407' 'present']
 ['15' '281.2702933853082' 'present']
 ['13' '284.98103417873165' 'present']
 ['21' '290.45799197127855' 'present']
 ['23' '290.81529972853633' 'present']
 ['0' '295.982871343734' 'marauded']
 ['19' '297.55726559014397' 'presentdestroyed']
 ['12' '311.7650924406592' 'present']
 ['5' '312.81218075683455' 'present']
 ['2' '331.02661664903' 'present']
 ['7' '331.3523973601287' 'present']
 ['7' '339.80943227101386' 'present']
 ['21' '347.06578811833174' 'marauded']
 ['11' '347.690892278826' 'destroyed']
 ['18' '347.83126841560505' 'presentdestroyed']
 ['2' '352.966749408977' 'presentdestroyed']]","[['F175' '18.144446715099658' 'mated']
 ['F15' '77.82616204654468' 'absentdestroyed']
 ['F3' '84.85062179465103' 'mated']
 ['F105' '122.61906901886697' 'absent']
 ['F80' '141.09938616667398' 'mated']
 ['F191' '160.13180976419446' 'mated']
 ['F117' '188.500255250995' 'mated']
 ['F196' '192.16114091194908' 'mated']
 ['F54' '203.75586152144817' 'absent']
 ['F38' '306.9529446401941' 'mated']
 ['F88' '346.8292836325651' 'mated']
 ['F135' '352.8065302934315' 'destroyed']]",577.0,69.75567292743862,13.864003877503821,1320.0,223.46672417386074,47.623312851508906,355.0,61.390784827167614,13.351155596379906,13.0,1.3,0.13000000000000006,91.0,4.212962962962964,0.19504458161865537
18,0.054,11,360.1969992239908,"[['10' '4.04386117469609' 'present']
 ['20' '17.3345845772829' 'marauded']
 ['2' '52.252540951063935' 'present']
 ['4' '54.291465275584414' 'marauded']
 ['6' '56.263709436147714' 'destroyed']
 ['20' '82.34183454099617' 'marauded']
 ['4' '83.57019627762035' 'presentdestroyed']
 ['12' '84.2464721736721' 'destroyed']
 ['20' '85.80502862721342' 'presentdestroyed']
 ['21' '89.28839078652798' 'presentdestroyed']
 ['4' '90.66728563980244' 'present']
 ['5' '93.90143381304304' 'marauded']
 ['5' '97.81463448895163' 'presentdestroyed']
 ['17' '101.33851089890507' 'presentdestroyed']
 ['2' '102.20965454807501' 'present']
 ['19' '102.2733047280291' 'present']
 ['19' '116.18431102157528' 'present']
 ['4' '118.32623249741188' 'present']
 ['19' '146.78579646608182' 'present']
 ['15' '151.0797875128424' 'present']
 ['12' '157.9953223977952' 'present']
 ['20' '166.61275032914997' 'marauded']
 ['21' '167.54832846407132' 'presentdestroyed']
 ['19' '172.11282264807656' 'presentdestroyed']
 ['0' '173.6820598736551' 'presentdestroyed']
 ['12' '178.70941235905565' 'present']
 ['11' '179.25014996087054' 'present']
 ['10' '179.86218737349762' 'present']
 ['10' '180.9323130484632' 'present']
 ['23' '184.77583796798865' 'marauded']
 ['10' '190.82011653164244' 'presentdestroyed']
 ['23' '191.69023458019427' 'presentdestroyed']
 ['7' '199.71410071242641' 'marauded']
 ['19' '206.26873962959425' 'presentdestroyed']
 ['7' '208.7455208544505' 'present']
 ['12' '215.43272833150405' 'present']
 ['15' '222.76528584302693' 'present']
 ['19' '231.98334852262676' 'present']
 ['13' '238.4811201651088' 'present']
 ['15' '244.8424471341183' 'present']
 ['10' '276.6351727235763' 'present']
 ['6' '277.41496819490067' 'present']
 ['23' '283.28527366514857' 'present']
 ['17' '288.21358132304425' 'present']
 ['14' '294.67524364507415' 'present']
 ['4' '295.4936196849995' 'present']
 ['12' '295.79858161907174' 'marauded']
 ['12' '311.32385160832206' 'marauded']
 ['4' '314.9672488140895' 'presentdestroyed']
 ['17' '319.8402496613616' 'present']
 ['6' '320.1496499166873' 'present']
 ['15' '321.46195647555425' 'present']
 ['23' '326.55081062694063' 'present']
 ['10' '329.9794299706418' 'present']
 ['2' '339.8309777741892' 'present']
 ['4' '343.7672504418769' 'present']
 ['17' '346.06554940826953' 'present']
 ['9' '348.5362357326836' 'marauded']
 ['15' '350.4380985557552' 'destroyed']
 ['21' '355.3234374502821' 'presentdestroyed']
 ['12' '356.72971473510796' 'present']
 ['12' '358.26082073870975' 'present']]","[['F113' '45.946079045955244' 'mated']
 ['F10' '55.40244997589501' 'destroyed']
 ['F131' '113.46051954837975' 'absent']
 ['F59' '122.29204696653302' 'mated']
 ['F43' '151.00375478205183' 'mated']
 ['F56' '193.06234472606235' 'mated']
 ['F140' '207.32937119809' 'mated']
 ['F57' '229.65687277621305' 'mated']
 ['F115' '240.8492813979635' 'mated']
 ['F37' '241.01998165080283' 'mated']
 ['F145' '242.94416521525574' 'mated']
 ['F82' '247.2251417821055' 'absent']
 ['F34' '258.46748480539054' 'mated']
 ['F209' '325.5072317139028' 'mated']]",555.0,70.86920510531154,14.66599113174406,1304.0,222.1778037267591,48.02793188909713,370.0,61.06570009175738,13.002073494647062,17.0,1.7000000000000004,0.1700000000000001,91.0,4.212962962962964,0.19504458161865537
19,0.054,8,360.53967965724473,"[['0' '5.832108546691015' 'present']
 ['7' '12.186563501478872' 'present']
 ['5' '16.94523820866057' 'present']
 ['5' '21.561572489959367' 'present']
 ['4' '25.67082103936582' 'present']
 ['18' '34.08333432416368' 'marauded']
 ['6' '35.32605875772628' 'presentdestroyed']
 ['6' '36.13773555906517' 'presentdestroyed']
 ['12' '37.47069625036191' 'presentdestroyed']
 ['18' '38.04415645223049' 'presentdestroyed']
 ['6' '38.08657527336276' 'presentdestroyed']
 ['11' '42.619100480009166' 'present']
 ['4' '52.607558741160716' 'present']
 ['14' '52.87193615092936' 'marauded']
 ['21' '59.39408201173152' 'destroyed']
 ['15' '59.5789915139064' 'presentdestroyed']
 ['0' '59.979572863305634' 'presentdestroyed']
 ['13' '65.02281970708783' 'present']
 ['12' '65.45164724523522' 'present']
 ['17' '65.90247091555385' 'present']
 ['6' '73.03876548966461' 'present']
 ['7' '78.62245812815186' 'present']
 ['5' '116.80103290493624' 'present']
 ['17' '116.98391404100146' 'present']
 ['10' '122.46461449323904' 'present']
 ['20' '133.94482453093454' 'marauded']
 ['23' '135.8249063315137' 'destroyed']
 ['20' '140.55344435506154' 'presentdestroyed']
 ['18' '155.69373522757144' 'marauded']
 ['9' '173.35570442443634' 'present']
 ['7' '185.33120298508248' 'marauded']
 ['20' '187.72078494467436' 'destroyed']
 ['23' '192.4040942682407' 'presentdestroyed']
 ['9' '196.57952167016128' 'present']
 ['12' '208.31179709930367' 'present']
 ['12' '210.04392236359433' 'present']
 ['15' '210.3700186124961' 'marauded']
 ['15' '211.30726972825872' 'presentdestroyed']
 ['15' '212.8885640306037' 'presentdestroyed']
 ['14' '257.4373817421888' 'present']
 ['10' '268.0672969463314' 'present']
 ['17' '268.4666644989393' 'present']
 ['17' '275.8516647677981' 'present']
 ['15' '279.3583436859876' 'present']
 ['13' '285.2087750571021' 'present']
 ['0' '286.86682080832924' 'present']
 ['15' '301.85180665793285' 'present']
 ['7' '308.83935637824237' 'marauded']
 ['10' '310.72074836502196' 'presentdestroyed']
 ['23' '322.6126533740713' 'marauded']
 ['15' '333.3009344715823' 'present']
 ['23' '337.89997730343526' 'present']
 ['7' '343.31487305647255' 'present']
 ['0' '343.7719297737532' 'present']
 ['0' '351.649965164594' 'present']
 ['4' '357.9984119012533' 'marauded']
 ['15' '359.6861854546685' 'presentdestroyed']
 ['9' '359.71474723666864' 'presentdestroyed']]","[['F150' '8.126817994457806' 'mated']
 ['F179' '65.48133322326693' 'mated']
 ['F50' '74.96301884668836' 'mated']
 ['F30' '134.92363061896253' 'absentdestroyed']
 ['F152' '139.88964698585542' 'destroyed']
 ['F90' '141.8447030146528' '']
 ['F63' '149.51799352796723' 'mated']
 ['F195' '151.08053260009768' 'absent']
 ['F70' '191.29588478666582' 'absentdestroyed']
 ['F196' '192.13799276380092' 'destroyed']
 ['F94' '202.75779716016427' 'mated']
 ['F49' '271.493894963432' 'mated']
 ['F110' '289.3225228942229' 'mated']
 ['F174' '323.4708131243607' 'destroyed']
 ['F135' '352.82967844157963' 'mated']]",563.0,71.81858895757021,15.229459442107856,1399.0,232.91527328562273,49.367459457552066,296.0,50.31929699370332,10.646534729916235,11.0,1.0999999999999999,0.11000000000000004,86.0,3.9814814814814805,0.18432784636488314
20,0.054,10,360.6309567259592,"[['2' '9.916640358477894' 'present']
 ['7' '11.813978664265864' 'present']
 ['11' '23.050399580017558' 'present']
 ['23' '33.449782085046344' 'present']
 ['23' '36.13114557721838' 'present']
 ['5' '51.61822520301243' 'present']
 ['2' '52.02631342160503' 'present']
 ['5' '52.08469694736642' 'present']
 ['17' '53.39358042895377' 'present']
 ['21' '63.59911434432264' 'present']
 ['19' '77.19246310916228' 'present']
 ['19' '93.96336405418032' 'present']
 ['13' '97.94424857335312' 'present']
 ['4' '102.62658736708309' 'present']
 ['2' '104.41867807726062' 'marauded']
 ['18' '109.78803263052689' 'presentdestroyed']
 ['18' '118.75191798698626' 'present']
 ['13' '133.4546087850957' 'present']
 ['21' '133.54125110505447' 'present']
 ['10' '152.66378359046618' 'present']
 ['23' '160.6518229569444' 'present']
 ['10' '163.32040634542957' 'present']
 ['23' '164.0982292311091' 'present']
 ['10' '164.54156900358424' 'present']
 ['13' '174.4681725563235' 'marauded']
 ['19' '179.7513246945911' 'destroyed']
 ['6' '189.13583097051327' 'marauded']
 ['18' '198.5324738911314' 'present']
 ['19' '199.23955038703002' 'present']
 ['14' '202.5536111956421' 'marauded']
 ['10' '203.26745439720779' 'presentdestroyed']
 ['19' '208.6407255350488' 'presentdestroyed']
 ['17' '216.56176320657988' 'present']
 ['19' '229.5090434597828' 'marauded']
 ['10' '240.4969425731795' 'present']
 ['7' '242.0445825666286' 'present']
 ['4' '247.35615729365617' 'present']
 ['7' '255.56874336556095' 'present']
 ['17' '274.5895979095359' 'present']
 ['5' '283.7192300048616' 'present']
 ['17' '284.36119808246593' 'present']
 ['17' '287.10042304827914' 'present']
 ['18' '293.8533833988503' 'present']
 ['4' '294.1022796842816' 'present']
 ['0' '300.295271002181' 'marauded']
 ['6' '306.06079604382154' 'presentdestroyed']
 ['5' '310.8564368351112' 'marauded']
 ['4' '313.9397985394656' 'presentdestroyed']
 ['2' '314.84501177236785' 'presentdestroyed']
 ['6' '338.5983202364777' 'present']
 ['19' '355.53657069964174' 'present']
 ['4' '358.1447081975496' 'present']
 ['13' '358.91961638558473' 'present']]","[['F165' '37.23897405243422' 'absent']
 ['F124' '56.17345376708296' 'mated']
 ['F74' '77.38597815534135' 'mated']
 ['F204' '78.43668367720784' 'absent']
 ['F20' '97.2457185914104' 'mated']
 ['F7' '133.05956849302572' 'mated']
 ['F17' '161.29624977188226' 'absent']
 ['F214' '188.04350870775104' 'absent']
 ['F56' '193.0391965779142' 'destroyed']
 ['F53' '201.47386079794722' 'mated']
 ['F170' '201.6581409842795' 'absent']
 ['F210' '203.8245172839337' 'destroyed']
 ['F6' '212.36731412698916' 'mated']
 ['F47' '250.53521361283492' 'mated']
 ['F186' '265.48743305640915' 'mated']
 ['F48' '279.3657235160946' 'mated']
 ['F202' '289.64947401190904' 'absent']
 ['F160' '297.7955971195573' 'mated']]",564.0,70.21350190425316,14.547086594688482,1462.0,242.57501405754064,50.91681977276179,247.0,42.76361239130097,9.35529499508948,14.0,1.4000000000000001,0.14000000000000007,68.0,3.1481481481481475,0.1457475994513031
21,0.054,10,359.98371127096766,"[['19' '1.040858767454864' 'marauded']
 ['9' '2.28099483217989' 'presentdestroyed']
 ['4' '6.50716938718425' 'presentdestroyed']
 ['20' '7.179502155266471' 'destroyed']
 ['10' '15.281597844749626' 'marauded']
 ['5' '23.031051940129807' 'present']
 ['14' '25.354350395578802' 'present']
 ['23' '30.741293581209554' 'present']
 ['13' '41.71684230719112' 'present']
 ['17' '52.6059584168271' 'present']
 ['14' '53.01823244722565' 'present']
 ['14' '63.784554109944246' 'present']
 ['14' '66.56793376958997' 'present']
 ['12' '68.54832011353311' 'present']
 ['17' '87.97982631268137' 'present']
 ['7' '91.16619484878967' 'present']
 ['23' '94.9891960676356' 'present']
 ['2' '101.18938672923277' 'present']
 ['7' '101.93546904679128' 'present']
 ['10' '103.08257682984977' 'present']
 ['0' '110.69573796850283' 'present']
 ['13' '115.92119997270314' 'marauded']
 ['12' '118.7050296185093' 'presentdestroyed']
 ['17' '129.00285928109332' 'present']
 ['0' '129.77273726487715' 'present']
 ['20' '130.35207657565712' 'present']
 ['20' '135.06122503723932' 'marauded']
 ['20' '136.0670392166032' 'destroyed']
 ['13' '137.04026923226417' 'presentdestroyed']
 ['15' '145.12710556504217' 'present']
 ['19' '145.19596937391688' 'present']
 ['4' '145.957470094784' 'marauded']
 ['4' '161.68943729829186' 'present']
 ['15' '179.16103802764204' 'present']
 ['10' '190.77382023534614' 'present']
 ['13' '191.50302655388856' 'present']
 ['17' '193.26978492932056' 'present']
 ['11' '197.19975946628261' 'present']
 ['7' '198.15233702206893' 'present']
 ['19' '205.62627645085468' 'present']
 ['15' '211.74737315415913' 'present']
 ['7' '216.08285020036752' 'present']
 ['7' '220.29809840626078' 'present']
 ['18' '229.42706077883446' 'present']
 ['19' '252.57307970157572' 'present']
 ['2' '276.6180718460084' 'present']
 ['7' '277.6332451407171' 'present']
 ['13' '281.25092650165567' 'present']
 ['4' '290.26747386750515' 'present']
 ['2' '292.6258923077784' 'present']
 ['15' '294.8322670514047' 'present']
 ['0' '314.2236303719639' 'present']
 ['4' '327.8706957752805' 'present']]","[['F0' '12.661414636653316' 'mated']
 ['F4' '36.24324154937291' 'mated']
 ['F89' '49.846267466093046' 'absent']
 ['F127' '62.52608774007836' 'mated']
 ['F194' '143.59310367038472' 'absent']
 ['F103' '202.81535194207098' 'mated']
 ['F143' '204.4068913251686' 'mated']
 ['F146' '218.27260986718784' 'mated']
 ['F102' '236.44305961495434' 'mated']
 ['F180' '243.10567483022737' 'mated']
 ['F190' '280.50636648462716' 'mated']
 ['F14' '356.07530456300015' 'mated']]",571.0,71.66589793800381,15.020801207371088,1515.0,252.19986465186525,53.575551601442285,169.0,30.701642113819094,6.63972473513799,14.0,1.4000000000000001,0.14000000000000007,90.0,4.166666666666667,0.19290123456790093
22,0.0,10,360.1732703674643,"[['7' '7.6794489527599366' 'present']
 ['23' '19.611657127697526' 'present']
 ['14' '23.49586618682583' 'marauded']
 ['10' '30.420675090033747' 'presentdestroyed']
 ['18' '35.41430165638375' 'present']
 ['4' '35.88896800592433' 'marauded']
 ['20' '36.00050994953351' 'destroyed']
 ['20' '42.38443762610399' 'destroyed']
 ['2' '47.360007993300314' 'present']
 ['7' '57.72488888437663' 'present']
 ['6' '64.8322823298607' 'present']
 ['18' '65.029396129752' 'present']
 ['11' '67.01291379643799' 'marauded']
 ['19' '70.80276275071043' 'presentdestroyed']
 ['21' '73.80531548064955' 'presentdestroyed']
 ['0' '90.70721615248175' 'present']
 ['19' '110.64950627829286' 'marauded']
 ['19' '111.37251336005752' 'destroyed']
 ['18' '113.44535445639994' 'presentdestroyed']
 ['2' '114.86549034918136' 'presentdestroyed']
 ['10' '125.24805344807275' 'present']
 ['23' '130.56713076432294' 'marauded']
 ['20' '141.1274873389831' 'marauded']
 ['15' '150.14436213321483' 'present']
 ['0' '159.8990859705457' 'present']
 ['6' '162.0135233039289' 'present']
 ['20' '163.92669512085612' 'present']
 ['14' '176.3334564588936' 'present']
 ['17' '186.17475086118247' 'present']
 ['21' '207.18416734668912' 'present']
 ['18' '212.85411612727475' 'present']
 ['2' '213.32351470942936' 'present']
 ['19' '218.60386940060073' 'marauded']
 ['10' '230.3217065832428' 'present']
 ['0' '231.03394725395012' 'present']
 ['5' '233.90822581439815' 'present']
 ['4' '234.01831054893677' 'present']
 ['12' '248.7484135729119' 'present']
 ['10' '249.76231633572496' 'present']
 ['21' '252.74757475156514' 'present']
 ['20' '254.93920455020168' 'present']
 ['14' '260.19096199552894' 'present']
 ['17' '261.5202314527481' 'present']
 ['10' '262.5393494759833' 'present']
 ['21' '262.96503804667947' 'present']
 ['14' '262.9838467299295' 'present']
 ['17' '263.0190255362459' 'marauded']
 ['4' '264.12591917577817' 'destroyed']
 ['21' '269.61333510127366' 'presentdestroyed']
 ['0' '273.0926424219974' 'present']
 ['15' '282.8079687978466' 'present']
 ['23' '289.18732408766755' 'present']
 ['4' '296.6454306701343' 'present']
 ['5' '307.8661682462123' 'present']
 ['5' '309.1194390884669' 'present']
 ['23' '312.5304685577032' 'present']
 ['6' '320.3498321590088' 'present']
 ['7' '321.00805895299936' 'present']
 ['17' '321.03858190581934' 'marauded']
 ['17' '338.9767466145009' 'present']
 ['20' '344.1317399478314' 'present']
 ['4' '351.62069196228214' 'present']
 ['21' '355.04404780060474' 'present']]","[['F50' '74.9398706985402' 'absent']
 ['F96' '102.36832000967087' 'mated']
 ['F30' '134.9467787671107' 'destroyed']
 ['F152' '139.91279513400357' 'mated']
 ['F194' '143.63939996668103' 'absentdestroyed']
 ['F28' '165.36710953062908' 'absent']
 ['F214' '188.0666568558992' 'mated']
 ['F207' '199.24669356573838' 'mated']
 ['F54' '203.80215781774447' 'absent']
 ['F107' '207.51748370811922' 'mated']
 ['F154' '212.5815325760551' 'mated']
 ['F104' '271.60994053205826' 'mated']
 ['F33' '274.16304501696436' 'mated']
 ['F192' '291.5815505597115' 'mated']
 ['F171' '292.5885918067361' 'mated']]",565.0,70.42512828026196,14.478698039725947,1383.0,234.66500308910844,49.562094625293966,342.0,54.95420503108256,11.754462734050305,0.0,0.0,0.0,0.0,0.0,0.0
23,0.054,6,360.1281759523012,"[['20' '5.362940433651217' 'present']
 ['19' '7.705911010301667' 'present']
 ['13' '10.276056024761774' 'present']
 ['4' '17.49434623296545' 'present']
 ['15' '32.21571604398982' 'present']
 ['21' '35.11565730092445' 'present']
 ['0' '43.430951047212154' 'present']
 ['4' '49.005727598442405' 'present']
 ['21' '49.319201100402246' 'present']
 ['15' '51.73903502879947' 'marauded']
 ['4' '57.27576107550011' 'presentdestroyed']
 ['6' '58.81972990128708' 'presentdestroyed']
 ['17' '60.80648550517458' 'marauded']
 ['20' '60.94706736389586' 'destroyed']
 ['7' '62.81441085050368' 'presentdestroyed']
 ['17' '64.66506856526516' 'presentdestroyed']
 ['13' '65.48119474704225' 'presentdestroyed']
 ['12' '66.79277517818238' 'presentdestroyed']
 ['13' '73.19631090297473' 'present']
 ['10' '73.24514679725308' 'present']
 ['0' '74.78954553907862' 'marauded']
 ['6' '75.98517452363308' 'presentdestroyed']
 ['12' '84.41127280597433' 'present']
 ['15' '103.59129785497' 'present']
 ['2' '108.0572072247494' 'present']
 ['18' '110.37295872040113' 'present']
 ['19' '111.17284154538211' 'present']
 ['7' '121.62627074658927' 'present']
 ['12' '130.88026471060422' 'present']
 ['2' '131.87928093019576' 'present']
 ['9' '134.1216675412317' 'present']
 ['10' '135.19675313400325' 'present']
 ['10' '137.98503474449092' 'marauded']
 ['18' '138.18278768333485' 'destroyed']
 ['17' '143.95807843266823' 'presentdestroyed']
 ['15' '157.89302494036528' 'present']
 ['14' '158.2904738160197' 'present']
 ['7' '159.34736314517627' 'present']
 ['18' '162.0307650245527' 'present']
 ['13' '162.39992697037073' 'present']
 ['9' '168.01126951126992' 'present']
 ['12' '169.0347574091209' 'present']
 ['17' '169.0863672641668' 'present']
 ['5' '169.60690534818232' 'marauded']
 ['6' '189.9145062881599' 'present']
 ['14' '192.8659650730719' 'marauded']
 ['20' '216.7949302281697' 'present']
 ['0' '233.76145207927362' 'present']
 ['18' '235.1610500734325' 'present']
 ['7' '240.10728957878945' 'present']
 ['21' '242.03629240654547' 'present']
 ['21' '243.5715966848549' 'present']
 ['10' '248.88377957236838' 'present']
 ['11' '250.56213514496687' 'present']
 ['13' '254.64702030044623' 'present']
 ['13' '256.2915232694205' 'present']
 ['15' '257.3980462134931' 'present']
 ['5' '266.7187992799354' 'marauded']
 ['13' '271.06845556534796' 'presentdestroyed']
 ['21' '274.2386279885258' 'marauded']
 ['2' '275.8505738414103' 'destroyed']
 ['9' '278.7734868028514' 'presentdestroyed']
 ['13' '293.59597165568084' 'marauded']
 ['18' '309.8948994475879' 'present']
 ['15' '326.6774953587538' 'present']
 ['18' '327.0610186027794' 'marauded']
 ['15' '329.9811753134047' 'destroyed']
 ['11' '335.660118882778' 'present']
 ['0' '335.7375773073764' 'present']
 ['21' '358.6836599279591' 'present']]","[['F185' '97.33288597578064' 'mated']
 ['F172' '123.21354162935182' 'mated']
 ['F212' '146.64834113345185' 'mated']
 ['F73' '161.17718908350997' 'mated']
 ['F70' '191.31903293481398' 'mated']
 ['F16' '207.87564256247813' 'mated']
 ['F49' '271.47074681528386' 'destroyed']
 ['F125' '272.980392357304' 'destroyed']]",572.0,69.51698304295861,13.809723653160727,1345.0,224.23708678424066,47.41078724377173,355.0,61.238151281054805,12.811513753095268,14.0,1.4000000000000001,0.14000000000000007,78.0,3.6111111111111103,0.16718106995884757
