id,probability_maraud,successful_mating,next_foraging_time,mar_attempts,mate_attempts,foraging_events,foraging_hrs,foraging_sqhrs,staying_events,staying_hrs,staying_sqhrs,repairing_events,repairing_hrs,repairing_sqhrs,marauding_events,marauding_hrs,marauding_sqhrs,traveling_events,traveling_hrs,traveling_sqhrs
0,0.0,7,360.47751188220883,"[['18' '10.736178651861112' 'present']
 ['12' '16.471077286505356' 'present']
 ['18' '18.763444588628698' 'present']
 ['4' '19.397614109592578' 'present']
 ['18' '36.852187704078766' 'present']
 ['6' '41.83466258239202' 'marauded']
 ['23' '44.00575850699092' 'presentdestroyed']
 ['14' '51.46521929502105' 'marauded']
 ['4' '57.66752927056275' 'destroyed']
 ['13' '62.75443415694037' 'marauded']
 ['22' '63.25082130817879' 'presentdestroyed']
 ['6' '68.54033480559622' 'presentdestroyed']
 ['22' '88.78819248214057' 'present']
 ['2' '90.14319960615397' 'present']
 ['8' '90.65423446151914' 'present']
 ['23' '101.80818718421008' 'present']
 ['5' '104.38676131627393' 'present']
 ['11' '116.01476995554584' 'present']
 ['22' '119.49798139479499' 'present']
 ['10' '126.56634529911211' 'present']
 ['13' '144.91474389081685' 'present']
 ['16' '156.89167895862946' 'present']
 ['7' '167.49541629030426' 'present']
 ['4' '168.82751502292868' 'marauded']
 ['12' '177.72143646450985' 'marauded']
 ['16' '186.08393202617953' 'present']
 ['20' '187.0057349215976' 'present']
 ['18' '190.45272504171785' 'present']
 ['10' '197.7518510509985' 'present']
 ['8' '197.8071585211657' 'present']
 ['3' '209.4032338352426' 'present']
 ['12' '218.48207698100217' 'present']
 ['9' '220.870733424358' 'marauded']
 ['12' '222.5785644575782' 'presentdestroyed']
 ['23' '227.7091913106422' 'destroyed']
 ['5' '228.8793861457888' 'present']
 ['3' '229.7553760409818' 'marauded']
 ['20' '230.46207229578746' 'presentdestroyed']
 ['7' '231.2647102316959' 'presentdestroyed']
 ['8' '233.8143032736699' 'destroyed']
 ['7' '243.21069712329006' 'present']
 ['14' '255.64626885938182' 'present']
 ['20' '264.28704541745134' 'present']
 ['12' '275.50199534794916' 'present']
 ['12' '276.93112862763394' 'present']
 ['20' '280.08323669839774' 'marauded']
 ['12' '292.57317802799906' 'present']
 ['4' '296.76984403971124' 'marauded']
 ['4' '301.75979747515174' 'presentdestroyed']
 ['6' '330.21142828961126' 'present']
 ['2' '331.2900523432909' 'present']
 ['9' '332.65135101406275' 'present']
 ['7' '339.2888949428801' 'present']
 ['21' '342.86881961451473' 'present']
 ['13' '356.29898684724617' 'present']]","[['F3' '47.53627330838764' 'destroyed']
 ['F176' '56.41870982683853' 'destroyed']
 ['F109' '67.09487076433902' 'absentdestroyed']
 ['F156' '71.10811098613672' 'mated']
 ['F177' '75.77522512408491' 'mated']
 ['F57' '97.353347491676' 'absent']
 ['F118' '115.4804948495428' 'absent']
 ['F116' '132.7413929328266' 'mated']
 ['F66' '156.826979406525' 'mated']
 ['F22' '159.89954178736946' 'mated']
 ['F23' '173.3323339433524' 'destroyed']
 ['F25' '178.48897096486442' 'destroyed']
 ['F98' '185.07151543803766' '']
 ['F64' '226.96549113440057' 'destroyed']
 ['F203' '231.88452614317802' 'destroyed']
 ['F63' '235.6643376273079' 'destroyed']
 ['F63' '235.73378207175236' 'destroyed']
 ['F93' '261.7112077401648' 'mated']
 ['F184' '282.42242750721795' 'destroyed']
 ['F4' '347.39595492765596' 'mated']]",561.0,70.16509691339412,13.99906288101106,1364.0,234.4134483403951,50.15721624987116,320.0,55.48110205901304,11.893966933219417,0.0,0.0,0.0,0.0,0.0,0.0
1,0.0,8,360.17476306504085,"[['6' '0.7795886257044014' 'present']
 ['14' '17.197715847448933' 'present']
 ['22' '28.541819152512435' 'present']
 ['12' '32.722620174038084' 'present']
 ['9' '34.00325896631614' 'present']
 ['23' '36.796942871797526' 'present']
 ['6' '38.00377502029722' 'present']
 ['2' '39.25792444632229' 'present']
 ['22' '41.03911757173558' 'present']
 ['11' '42.320305757041574' 'present']
 ['13' '53.71995645601422' 'present']
 ['9' '60.565018451215046' 'present']
 ['22' '64.36488592209017' 'present']
 ['5' '65.32982311912541' 'present']
 ['3' '65.61018655903177' 'present']
 ['3' '66.60202958066847' 'present']
 ['14' '74.17061039667415' 'present']
 ['21' '87.56106068114896' 'present']
 ['5' '92.3003555433557' 'present']
 ['16' '99.63998670977314' 'present']
 ['13' '103.58168414884153' 'present']
 ['8' '103.64410079250125' 'present']
 ['14' '104.42277519105996' 'present']
 ['3' '107.5888651586215' 'present']
 ['16' '113.9190902026013' 'present']
 ['4' '122.92780761660276' 'present']
 ['4' '125.29891779283838' 'present']
 ['10' '125.94487049265963' 'present']
 ['14' '126.10713380455034' 'present']
 ['21' '127.24171649436343' 'present']
 ['20' '130.48482286920267' 'present']
 ['8' '130.7629038914101' 'present']
 ['8' '130.8092001877064' 'present']
 ['11' '131.25036967760283' 'present']
 ['23' '131.8846251405607' 'present']
 ['20' '133.72910239132142' 'present']
 ['2' '149.2148736762812' 'marauded']
 ['20' '168.00008401231025' 'present']
 ['4' '171.24240855210127' 'present']
 ['11' '172.27921182750623' 'present']
 ['7' '172.3765022541901' 'marauded']
 ['11' '182.41763789324034' 'present']
 ['2' '190.60554297126927' 'present']
 ['23' '191.19826067560936' 'marauded']
 ['16' '199.49099571344777' 'present']
 ['12' '199.6363125937794' 'present']
 ['3' '214.6533334164488' 'present']
 ['3' '227.36014684157513' 'marauded']
 ['8' '233.62032220847047' 'presentdestroyed']
 ['12' '235.76815563470853' 'presentdestroyed']
 ['14' '241.532433237863' 'present']
 ['4' '246.44682936425846' 'present']
 ['2' '248.2050466693764' 'present']
 ['11' '250.83777641600688' 'present']
 ['14' '258.4659713039626' 'present']
 ['8' '262.20876665280673' 'present']
 ['4' '267.9827064602664' 'marauded']
 ['14' '269.9322042530409' 'presentdestroyed']
 ['9' '270.75910658231754' 'presentdestroyed']
 ['22' '290.71181606040295' 'present']
 ['3' '291.11256448486347' 'present']
 ['2' '292.0134509425206' 'marauded']
 ['18' '304.36340636141534' 'present']
 ['18' '306.9169437444004' 'present']
 ['16' '312.9119691438477' 'present']
 ['8' '321.2574141622754' 'present']
 ['5' '322.33285136783763' 'present']
 ['2' '323.02544255863967' 'present']
 ['20' '329.398531745335' 'present']
 ['22' '336.59852310287124' 'marauded']
 ['4' '344.03144505583776' 'presentdestroyed']
 ['18' '353.02631973116354' 'present']
 ['23' '357.5395673799544' 'present']]","[['F213' '54.97340313439211' 'absent']
 ['F109' '67.11801891248717' 'mated']
 ['F81' '97.17086462073111' 'mated']
 ['F30' '116.21244692027244' 'mated']
 ['F77' '154.8371026720331' 'destroyed']
 ['F67' '156.32398798989664' 'absentdestroyed']
 ['F136' '183.52937546099034' 'mated']
 ['F34' '206.76096096026868' 'absent']
 ['F193' '207.5118719596718' 'mated']
 ['F44' '217.37059354185823' 'mated']
 ['F117' '228.1561016928611' 'destroyed']
 ['F185' '271.2530875618978' 'destroyed']
 ['F29' '281.3997382376011' 'mated']
 ['F141' '289.3139288465784' 'mated']]",575.0,70.26950682455374,14.92571722483981,1450.0,246.27492806630957,53.24429775460522,256.0,43.45857644314498,9.3542725220041,0.0,0.0,0.0,0.0,0.0,0.0
2,0.054,6,360.40788403140186,"[['4' '1.887189138005112' 'present']
 ['9' '4.9214976041758565' 'marauded']
 ['3' '9.517307297645848' 'presentdestroyed']
 ['4' '11.961981626923368' 'presentdestroyed']
 ['18' '16.25671625772072' 'present']
 ['12' '34.14257827965842' 'present']
 ['6' '38.35222858559551' 'present']
 ['7' '41.70007226079418' 'present']
 ['20' '43.49036311189405' 'present']
 ['22' '44.82550561434461' 'present']
 ['13' '50.18112777866608' 'present']
 ['3' '61.36093424280557' 'present']
 ['23' '61.89139072706959' 'present']
 ['23' '72.07040357699893' 'marauded']
 ['4' '91.70566314318191' 'present']
 ['20' '91.92096065122303' 'present']
 ['5' '94.68608453764796' 'present']
 ['6' '101.5368333854718' 'marauded']
 ['16' '101.66523533062333' 'presentdestroyed']
 ['14' '103.73924960291262' 'presentdestroyed']
 ['13' '107.96479548232122' 'presentdestroyed']
 ['11' '108.97354659383018' 'presentdestroyed']
 ['11' '110.24060395743226' 'present']
 ['22' '118.38307981706416' 'present']
 ['12' '120.38506169988887' 'present']
 ['10' '122.18173036780908' 'present']
 ['8' '129.43177512009888' 'present']
 ['7' '135.7759698055781' 'present']
 ['13' '144.43270188384005' 'present']
 ['4' '146.7561500114075' 'present']
 ['7' '153.75275009877' 'present']
 ['12' '153.87030362443963' 'present']
 ['16' '158.32773561230778' 'present']
 ['7' '158.68341480258712' 'present']
 ['12' '166.6885047250257' 'present']
 ['8' '169.72082967353072' 'present']
 ['4' '170.7151002833246' 'present']
 ['20' '178.44440053892635' 'present']
 ['16' '180.58621190204977' 'marauded']
 ['18' '185.48499044023464' 'presentdestroyed']
 ['13' '188.9524116522716' 'present']
 ['7' '191.5688264896551' 'present']
 ['4' '192.60614065082763' 'present']
 ['10' '192.91340299298477' 'present']
 ['11' '203.15760030717277' 'present']
 ['6' '208.2111524588058' 'present']
 ['3' '210.93431166693193' 'marauded']
 ['20' '215.08817858536324' 'destroyed']
 ['21' '215.32549749148654' 'presentdestroyed']
 ['8' '228.79497984083892' 'present']
 ['21' '235.90621126713378' 'present']
 ['13' '237.75830308280845' 'marauded']
 ['12' '241.82995696732345' 'presentdestroyed']
 ['20' '245.52633368589642' 'destroyed']
 ['23' '249.14360685751862' 'marauded']
 ['18' '255.46090247204776' 'presentdestroyed']
 ['23' '276.7237469141535' 'marauded']
 ['13' '276.93236375222745' 'presentdestroyed']
 ['8' '280.3349038537271' 'destroyed']
 ['8' '303.73404904717717' 'marauded']
 ['5' '305.1278905093015' 'presentdestroyed']
 ['9' '307.2873982540745' 'presentdestroyed']
 ['10' '314.6026592946266' 'present']
 ['20' '317.19191907825183' 'present']
 ['21' '321.49697150865705' 'present']
 ['16' '323.01825182493235' 'marauded']
 ['4' '326.5394914492183' 'destroyed']
 ['5' '327.9625395030963' 'presentdestroyed']
 ['6' '331.7722947566361' 'present']
 ['13' '335.53128724061975' 'marauded']
 ['23' '343.3308235936085' 'marauded']
 ['11' '353.822446779638' 'marauded']]","[['F189' '86.58153331541436' 'mated']
 ['F77' '154.86025082018125' 'mated']
 ['F46' '199.98033057589856' 'mated']
 ['F190' '204.4203002571511' 'mated']
 ['F44' '217.32429724556192' 'destroyed']
 ['F120' '226.71995632338258' 'mated']
 ['F26' '227.32965110706772' 'mated']
 ['F78' '241.17601090946' 'absentdestroyed']
 ['F40' '253.3185094985363' 'destroyed']
 ['F202' '277.8782023971088' 'destroyed']
 ['F196' '290.9963624729934' 'absent']]",568.0,68.16764237600347,14.008323286365801,1221.0,209.30580612389582,45.320266994241734,444.0,78.65244258188515,17.71604011356712,9.0,0.8999999999999999,0.09000000000000002,66.0,3.055555555555555,0.14146090534979422
3,0.054,11,360.1370848138684,"[['4' '2.6394732153136884' 'present']
 ['16' '3.4156501069426755' 'present']
 ['7' '3.845057317912221' 'present']
 ['23' '21.650638225449413' 'present']
 ['4' '33.91987645600257' 'present']
 ['7' '36.84857420007194' 'present']
 ['22' '41.973045919542606' 'present']
 ['12' '46.37142041645772' 'present']
 ['4' '56.89567925843767' 'present']
 ['11' '59.066839387882126' 'present']
 ['23' '60.05948390472155' 'present']
 ['18' '89.21799547907732' 'marauded']
 ['20' '90.66943878922177' 'presentdestroyed']
 ['6' '91.70446895482655' 'presentdestroyed']
 ['2' '99.85848189216914' 'marauded']
 ['4' '105.10459232618618' 'destroyed']
 ['9' '106.3632445639753' 'presentdestroyed']
 ['4' '107.20699026940332' 'present']
 ['13' '110.0875803122181' 'present']
 ['6' '116.11976358974584' 'marauded']
 ['22' '119.88164531424853' 'presentdestroyed']
 ['20' '123.32832289953656' 'presentdestroyed']
 ['13' '138.30021098033004' 'present']
 ['10' '141.09506222587316' 'present']
 ['14' '148.38862772831735' 'present']
 ['18' '155.12666666600794' 'marauded']
 ['10' '161.92403421649186' 'presentdestroyed']
 ['23' '170.20716967912432' 'marauded']
 ['14' '176.82291922316492' 'presentdestroyed']
 ['20' '189.37261075264607' 'marauded']
 ['7' '195.50459730477135' 'presentdestroyed']
 ['7' '198.4016878514857' 'marauded']
 ['4' '201.83243358891622' 'presentdestroyed']
 ['12' '204.7555304989652' 'destroyed']
 ['20' '205.37790630162772' 'presentdestroyed']
 ['6' '209.70436147946688' 'present']
 ['9' '215.61785547672505' 'present']
 ['11' '218.4209122916019' 'marauded']
 ['9' '234.3799812360167' 'present']
 ['7' '242.90298284462085' 'present']
 ['22' '246.58690344706955' 'marauded']
 ['13' '248.1089683164665' 'presentdestroyed']
 ['14' '270.1479306880626' 'present']
 ['20' '280.58887292458843' 'present']
 ['18' '281.6301851157409' 'present']
 ['9' '297.5443826631513' 'present']
 ['8' '322.58192093301153' 'marauded']
 ['8' '324.5025231602712' 'presentdestroyed']
 ['14' '325.16790861398187' 'destroyed']
 ['7' '326.097126929177' 'destroyed']
 ['20' '332.2623691457314' 'present']
 ['18' '332.4231609202138' 'present']
 ['6' '334.24142680583856' 'present']
 ['18' '337.14119577566856' 'present']
 ['9' '341.3771945864884' 'present']
 ['16' '341.96338754234654' 'present']
 ['4' '355.56110178102847' 'present']]","[['F211' '43.4420965806133' 'absent']
 ['F142' '63.22404895266833' 'absent']
 ['F45' '66.87625621140774' 'mated']
 ['F177' '75.72892882778861' 'absent']
 ['F106' '97.723496934648' 'mated']
 ['F172' '119.44591971369427' 'destroyed']
 ['F174' '147.21778143821027' 'mated']
 ['F91' '159.9742440783176' 'destroyed']
 ['F23' '173.30918579520426' 'destroyed']
 ['F25' '178.53526726116073' 'mated']
 ['F50' '199.41869045213662' 'destroyed']
 ['F50' '199.51128304472923' 'destroyed']
 ['F147' '207.32697999205828' 'mated']
 ['F162' '211.78002959697346' 'mated']
 ['F51' '233.78352160999418' 'absent']
 ['F111' '238.19042847961333' 'mated']
 ['F96' '244.09050756260822' 'mated']
 ['F40' '253.34165764668444' 'destroyed']
 ['F186' '277.08693080435035' 'mated']
 ['F184' '282.4455756553661' 'mated']
 ['F27' '295.29960148757084' 'mated']]",573.0,73.34038971807925,15.616021334250028,1284.0,221.6360374393149,47.72700031740236,358.0,61.09120475142146,13.527039288596034,11.0,1.0999999999999999,0.11000000000000004,69.0,3.1944444444444438,0.14789094650205756
4,0.054,9,360.3360529970483,"[['18' '1.4062516554137194' 'present']
 ['9' '5.861481105173307' 'present']
 ['14' '7.601851444853792' 'present']
 ['12' '13.617560145066253' 'present']
 ['20' '19.143062334260616' 'present']
 ['3' '20.3411210776167' 'present']
 ['20' '21.344961385322577' 'marauded']
 ['23' '21.604341929153115' 'destroyed']
 ['23' '24.754807272021328' 'presentdestroyed']
 ['13' '30.821809662424158' 'present']
 ['10' '38.2079107214392' 'present']
 ['10' '46.58336057278171' 'present']
 ['20' '57.233332696021876' 'present']
 ['18' '63.054486496060086' 'marauded']
 ['9' '63.25392911739719' 'presentdestroyed']
 ['14' '73.26102425904006' 'marauded']
 ['22' '83.41083813541714' 'present']
 ['16' '99.16980611558353' 'present']
 ['12' '101.39468309726483' 'present']
 ['12' '114.78081146687524' 'marauded']
 ['16' '119.72875695446685' 'presentdestroyed']
 ['21' '128.8290848754433' 'present']
 ['8' '128.99828063461538' 'marauded']
 ['3' '134.77252574031166' 'presentdestroyed']
 ['3' '135.75675252856152' 'presentdestroyed']
 ['3' '135.80304882485783' 'present']
 ['14' '136.44183433425968' 'present']
 ['20' '138.94516242009783' 'present']
 ['14' '144.27297114123678' 'present']
 ['21' '151.64928546687824' 'marauded']
 ['7' '167.44911999400796' 'present']
 ['5' '180.72496896504637' 'present']
 ['6' '191.8295420255703' 'present']
 ['16' '193.76573216140108' 'present']
 ['11' '203.43701037239362' 'present']
 ['12' '208.56579171878366' 'present']
 ['3' '211.45588656833365' 'present']
 ['12' '212.50971992748396' 'present']
 ['7' '213.1449847537667' 'marauded']
 ['7' '218.12670688594434' 'presentdestroyed']
 ['12' '230.63445098127337' 'present']
 ['10' '231.0320886014405' 'present']
 ['16' '233.87095538439743' 'marauded']
 ['14' '234.22410889890241' 'destroyed']
 ['8' '236.6547677607194' 'presentdestroyed']
 ['22' '236.84584603273214' 'presentdestroyed']
 ['20' '237.429602649442' 'presentdestroyed']
 ['16' '254.1405873056057' 'present']
 ['6' '264.4234967976251' 'present']
 ['16' '273.783449550571' 'present']
 ['22' '280.02131714559357' 'present']
 ['21' '287.0394830144104' 'present']
 ['20' '287.4606025540566' 'present']
 ['12' '288.2736464350172' 'marauded']
 ['20' '295.0595123305833' 'destroyed']
 ['21' '297.0218215581125' 'present']
 ['16' '298.78541967486456' 'present']
 ['3' '303.5850198493177' 'marauded']
 ['6' '304.80294383627717' 'destroyed']
 ['16' '309.11335883891724' 'presentdestroyed']
 ['22' '329.06635700291514' 'present']
 ['21' '344.78127427315076' 'marauded']
 ['13' '350.3200987362661' 'destroyed']
 ['21' '350.77148123582197' 'presentdestroyed']
 ['11' '356.49671079917215' 'present']]","[['F100' '80.3693435493433' 'destroyed']
 ['F165' '101.5040906747552' 'mated']
 ['F118' '115.50364299769095' 'destroyed']
 ['F91' '159.99739222646576' 'mated']
 ['F17' '172.50364324359194' 'mated']
 ['F134' '184.92301822491189' 'mated']
 ['F84' '186.96596942875405' 'mated']
 ['F115' '200.21715232688288' 'mated']
 ['F149' '206.25126945831573' 'mated']
 ['F44' '217.34744539371007' 'destroyed']
 ['F83' '229.85082824991602' 'mated']
 ['F185' '271.27623571004597' 'mated']
 ['F47' '351.974470476521' '']]",567.0,65.49866701649991,12.696022238308666,1322.0,221.43329778345068,46.991442138972246,404.0,67.47936490058002,14.599882835622921,13.0,1.3,0.13000000000000006,95.0,4.398148148148151,0.20361796982167316
5,0.054,8,360.13105298211804,"[['3' '0.25438382248728286' 'present']
 ['22' '8.543847967003368' 'present']
 ['13' '11.19991030409438' 'present']
 ['10' '16.183321957828674' 'present']
 ['14' '17.06880052576494' 'present']
 ['7' '17.826373119714287' 'present']
 ['13' '26.065895795101394' 'present']
 ['13' '26.423241298216215' 'present']
 ['18' '27.80904858165422' 'marauded']
 ['14' '38.970048314433164' 'present']
 ['6' '44.24594608056041' 'present']
 ['4' '54.078433763404625' 'marauded']
 ['20' '68.14519464492642' 'present']
 ['23' '68.53597206966374' 'present']
 ['23' '75.6494788723743' 'present']
 ['20' '76.03937344994047' 'present']
 ['6' '77.80932508388649' 'present']
 ['16' '87.57830891506886' 'present']
 ['4' '88.73216065070497' 'present']
 ['16' '98.1403415892078' 'present']
 ['7' '125.95929020799828' 'present']
 ['14' '128.82328226507735' 'present']
 ['18' '132.5235806513845' 'present']
 ['20' '140.63833151655592' 'present']
 ['18' '168.0479094204706' 'present']
 ['6' '183.86516364916383' 'present']
 ['22' '186.29237478235834' 'present']
 ['3' '189.2894756706635' 'present']
 ['13' '190.35173669252174' 'present']
 ['20' '197.59224548807552' 'present']
 ['18' '203.02597519363593' 'present']
 ['2' '207.70828413711723' 'present']
 ['12' '213.96616552665537' 'present']
 ['11' '214.95132754621216' 'marauded']
 ['10' '224.97580467485452' 'present']
 ['9' '230.57521438633376' 'marauded']
 ['20' '231.40076604646336' 'presentdestroyed']
 ['8' '232.69790417363106' 'presentdestroyed']
 ['20' '238.19797917000471' 'presentdestroyed']
 ['10' '262.22051146344734' 'present']
 ['4' '272.12895447088704' 'present']
 ['18' '278.5412205333535' 'present']
 ['12' '282.9686689175272' 'present']
 ['22' '286.42128143822526' 'present']
 ['11' '293.1938920268472' 'present']
 ['11' '304.14090717634195' 'present']
 ['16' '307.0517143786897' 'present']
 ['7' '321.00704802938344' 'present']
 ['8' '330.15049674726544' 'present']
 ['4' '330.19458201381946' 'present']
 ['20' '348.3009090282365' 'present']
 ['12' '352.2106043675552' 'present']
 ['23' '355.8300502495934' 'marauded']
 ['4' '358.8035888818231' 'presentdestroyed']]","[['F127' '106.5815372630919' 'mated']
 ['F86' '151.6330548681051' 'mated']
 ['F70' '162.86317022141907' 'mated']
 ['F136' '183.50622731284219' 'absent']
 ['F33' '201.98811207779363' 'mated']
 ['F56' '219.881857724471' 'absentdestroyed']
 ['F40' '253.3648057948326' 'mated']
 ['F97' '254.88656969766336' 'mated']
 ['F196' '291.01951062114154' 'mated']
 ['F73' '297.70108967318663' 'mated']
 ['F71' '357.85994184023696' 'destroyed']]",570.0,71.47199565599513,14.762334464857,1524.0,255.92831077215237,54.39624704389031,172.0,27.605868326191903,5.585725867784268,14.0,1.4000000000000001,0.14000000000000007,80.0,3.703703703703703,0.17146776406035646
6,0.054,11,360.54042092289995,"[['3' '0.30068011878357914' 'present']
 ['7' '4.400346102280401' 'present']
 ['7' '8.839745646865843' 'present']
 ['3' '10.959311992049477' 'present']
 ['5' '12.52907319733338' 'present']
 ['2' '13.152316412758756' 'present']
 ['10' '17.963652824730055' 'present']
 ['14' '22.175395827061923' 'present']
 ['8' '43.69570116790327' 'present']
 ['13' '46.47149570027282' 'present']
 ['12' '49.16034083307374' 'present']
 ['13' '55.600318524101645' 'present']
 ['20' '57.279628992318166' 'present']
 ['18' '77.28137475423571' 'present']
 ['13' '79.04588539429878' 'marauded']
 ['12' '82.07362480879033' 'presentdestroyed']
 ['2' '83.25230487126959' 'destroyed']
 ['20' '84.47807297238836' 'presentdestroyed']
 ['9' '88.85264335203489' 'present']
 ['14' '105.00620655181154' 'present']
 ['3' '107.6351614549178' 'marauded']
 ['9' '118.81290801598408' 'present']
 ['2' '119.34157779105408' 'present']
 ['9' '125.42131240351712' 'present']
 ['23' '130.54003885045768' 'present']
 ['23' '143.8356945786685' 'present']
 ['9' '144.49293788205208' 'marauded']
 ['18' '145.21079742419522' 'destroyed']
 ['4' '148.44481127754452' 'presentdestroyed']
 ['16' '153.12978600734542' 'present']
 ['3' '153.47118220015525' 'present']
 ['12' '160.57635954683292' 'present']
 ['4' '167.24290864133621' 'present']
 ['2' '170.10305207957242' 'present']
 ['2' '178.54750044613115' 'present']
 ['14' '181.84469459097204' 'present']
 ['13' '182.03691435616489' 'present']
 ['14' '185.25278364162955' 'present']
 ['21' '190.96414070474663' 'present']
 ['22' '205.88550988104498' 'present']
 ['7' '210.14880508987278' 'present']
 ['14' '211.23026171880565' 'present']
 ['16' '211.43579296261925' 'present']
 ['3' '215.89398836285565' 'present']
 ['10' '223.44019971114125' 'present']
 ['8' '224.34306770062298' 'marauded']
 ['20' '225.6815718478449' 'presentdestroyed']
 ['2' '225.83733286086164' 'destroyed']
 ['20' '229.08294215295132' 'presentdestroyed']
 ['8' '231.087085576555' 'presentdestroyed']
 ['4' '232.86093513565748' 'present']
 ['10' '236.4566113895751' 'present']
 ['5' '240.81588252342064' 'present']
 ['20' '251.37085190559864' 'present']
 ['23' '253.0978784628609' 'present']
 ['18' '257.7582111058383' 'present']
 ['13' '272.70850154673684' 'present']
 ['7' '279.58811161746837' 'present']
 ['4' '283.38242378956505' 'present']
 ['9' '287.071773865737' 'present']
 ['11' '299.2051790226796' 'present']
 ['16' '311.04443149645493' 'present']
 ['13' '311.09304505023243' 'present']
 ['12' '313.7775451122393' 'present']
 ['22' '317.32991852604073' 'present']
 ['13' '321.1267309767104' 'present']
 ['4' '326.1683151251536' 'present']
 ['23' '328.59679871014004' 'present']
 ['12' '333.9397316864979' 'present']
 ['10' '342.7080795916895' 'present']
 ['21' '343.6967805225779' 'present']
 ['23' '344.86249120773317' 'present']
 ['8' '345.83107566285' 'present']
 ['8' '349.30463796312057' 'present']]","[['F139' '51.35260604398348' 'mated']
 ['F209' '69.69613447856653' 'mated']
 ['F113' '71.80504501447388' 'mated']
 ['F207' '115.23232361191643' 'mated']
 ['F110' '173.218249037668' 'mated']
 ['F37' '180.67233315455226' 'mated']
 ['F98' '185.09466358618582' 'mated']
 ['F41' '199.26075989388698' 'mated']
 ['F171' '212.28749211648375' 'mated']
 ['F117' '228.13295354471296' 'absentdestroyed']
 ['F183' '234.4557516649857' 'absent']
 ['F63' '235.68748577545605' 'absent']
 ['F62' '260.636932934938' 'mated']
 ['F210' '275.4139164511446' 'mated']]",562.0,70.70454007450302,14.809500099170616,1504.0,260.22505398218266,56.29844450590961,147.0,24.21437870729912,4.897484816152786,13.0,1.3,0.13000000000000006,83.0,3.8425925925925917,0.1778978052126198
7,0.054,8,360.1966284789619,"[['13' '5.577332799767251' 'present']
 ['13' '6.7025024401863' 'present']
 ['11' '7.910158959053104' 'present']
 ['8' '14.291569158803927' 'present']
 ['11' '17.449587482828104' 'present']
 ['2' '19.885429939541392' 'present']
 ['14' '25.885901512422357' 'present']
 ['16' '32.2011273695341' 'present']
 ['8' '33.79478510724086' 'present']
 ['10' '33.978096098684375' 'present']
 ['14' '41.457488946194765' 'present']
 ['6' '41.98095887868831' 'marauded']
 ['4' '49.143107286193874' 'destroyed']
 ['8' '58.80743844057839' 'present']
 ['13' '60.50995010023794' 'marauded']
 ['6' '62.341683558893685' 'presentdestroyed']
 ['14' '65.33475827509572' 'presentdestroyed']
 ['5' '65.7980457461812' 'presentdestroyed']
 ['23' '73.75009792497265' 'marauded']
 ['5' '76.25160390293104' 'presentdestroyed']
 ['2' '81.78891802203013' 'present']
 ['23' '82.14131727962095' 'present']
 ['18' '85.074902897819' 'marauded']
 ['6' '94.05031858398024' 'present']
 ['4' '97.57795451763843' 'present']
 ['22' '109.66945221763454' 'present']
 ['14' '126.2315232561527' 'present']
 ['13' '134.28172308313043' 'present']
 ['23' '135.85289501209476' 'present']
 ['22' '145.7405120751048' 'marauded']
 ['2' '147.57390653856396' 'destroyed']
 ['10' '153.31346457209975' 'present']
 ['20' '154.86948036084425' 'present']
 ['8' '164.26352672007621' 'present']
 ['5' '165.71370780064385' 'present']
 ['5' '173.5832831189977' 'present']
 ['8' '202.3394192607284' 'present']
 ['6' '204.15903008865627' 'present']
 ['22' '206.3133739499273' 'present']
 ['16' '215.91279595321473' 'present']
 ['21' '217.7558295945699' 'present']
 ['5' '229.97431207303822' 'present']
 ['8' '231.34692520258517' 'present']
 ['14' '231.4894225273501' 'present']
 ['10' '234.76699962266636' 'marauded']
 ['9' '247.6750532658656' 'marauded']
 ['5' '247.7292104233548' 'destroyed']
 ['13' '250.99167921658966' 'presentdestroyed']
 ['16' '251.97506017312878' 'destroyed']
 ['13' '251.97527730062788' 'destroyed']
 ['4' '254.87626540059108' 'presentdestroyed']
 ['20' '258.53759420867175' 'present']
 ['10' '261.83378881232505' 'marauded']
 ['4' '264.96153433543606' 'presentdestroyed']
 ['20' '270.13317989833837' 'present']
 ['23' '270.40847934723945' 'marauded']
 ['18' '283.6406525718143' 'present']
 ['20' '289.10232290261996' 'present']
 ['18' '291.7943016715392' 'present']
 ['16' '292.4070103505821' 'present']
 ['10' '297.3865502716639' 'present']
 ['16' '300.4482266009032' 'marauded']
 ['11' '307.3836974155811' 'presentdestroyed']
 ['9' '307.84154711071386' 'destroyed']
 ['12' '308.8991689090612' 'present']
 ['18' '316.74686722347326' 'present']
 ['10' '320.0098543642846' 'present']
 ['12' '327.0649497812996' 'present']
 ['13' '340.69508297374483' 'present']
 ['9' '341.4234908827847' 'present']
 ['22' '341.42393255075973' 'present']
 ['12' '348.6838667068602' 'present']
 ['23' '357.200644404977' 'present']]","[['F32' '20.292906067143033' 'absent']
 ['F206' '30.628785676079243' 'mated']
 ['F177' '75.75207697593676' 'absentdestroyed']
 ['F68' '89.02391721249654' 'destroyed']
 ['F81' '97.14771647258296' 'absent']
 ['F14' '107.47059107209706' 'mated']
 ['F135' '112.30342130784382' 'mated']
 ['F54' '163.20848720679976' 'mated']
 ['F99' '190.1970379311212' 'absent']
 ['F85' '207.2153379584086' 'mated']
 ['F108' '214.6131958127268' 'mated']
 ['F183' '234.47889981313386' 'mated']
 ['F202' '277.85505424896064' '']
 ['F158' '338.6172417454326' 'mated']]",559.0,71.52157074720331,15.853023827139097,1323.0,223.38939350078277,47.58313172002987,365.0,61.035681818707026,12.953404480770084,10.0,0.9999999999999999,0.10000000000000003,68.0,3.1481481481481475,0.1457475994513031
8,0.054,5,360.0872650165607,"[['7' '2.562886363915954' 'marauded']
 ['10' '11.31675498803095' 'present']
 ['3' '16.415345843868725' 'marauded']
 ['22' '24.316472380310856' 'present']
 ['23' '35.94623562563133' 'present']
 ['22' '41.926749623246316' 'present']
 ['10' '43.68209237226001' 'marauded']
 ['11' '67.95118187356796' 'present']
 ['12' '91.54265389622131' 'present']
 ['21' '93.6770315319273' 'marauded']
 ['6' '99.39812032361397' 'presentdestroyed']
 ['13' '103.23668523739138' 'present']
 ['22' '116.0712288573578' 'present']
 ['10' '117.21310204428839' 'present']
 ['7' '122.57015898732344' 'present']
 ['22' '131.97260198694042' 'present']
 ['6' '135.83681685223067' 'present']
 ['2' '147.62020283486027' 'present']
 ['20' '150.8468475380911' 'marauded']
 ['22' '151.34229262179508' 'presentdestroyed']
 ['21' '160.0596137544846' 'present']
 ['12' '160.22736947688261' 'present']
 ['22' '166.52729945707688' 'present']
 ['12' '169.47880986161027' 'present']
 ['16' '171.8031134799371' 'present']
 ['10' '175.02992014331528' 'marauded']
 ['6' '179.16536070630264' 'presentdestroyed']
 ['5' '203.64979373832304' 'present']
 ['4' '205.83915673152757' 'present']
 ['6' '212.00852143940224' 'marauded']
 ['9' '219.65303852024078' 'present']
 ['10' '222.31182207737197' 'present']
 ['4' '224.86255288990654' 'present']
 ['11' '225.06466694264304' 'present']
 ['9' '237.40813141504236' 'present']
 ['12' '237.89003333133118' 'marauded']
 ['5' '239.6519987260532' 'presentdestroyed']
 ['4' '247.88145340416213' 'marauded']
 ['16' '248.66806932496135' 'presentdestroyed']
 ['11' '251.41114632081675' 'presentdestroyed']
 ['14' '260.084576184236' 'present']
 ['10' '263.3720630688635' 'marauded']
 ['16' '264.00246232122294' 'presentdestroyed']
 ['9' '267.47090629685187' 'presentdestroyed']
 ['2' '272.8643912571325' 'marauded']
 ['9' '274.0601109668758' 'presentdestroyed']
 ['10' '279.6840071348401' 'destroyed']
 ['23' '291.8992896598797' 'marauded']
 ['2' '293.57748442116593' 'presentdestroyed']
 ['18' '314.05823489913433' 'present']
 ['13' '332.78039572104507' 'present']
 ['11' '333.25634303232863' 'present']
 ['7' '337.60691738358173' 'marauded']
 ['13' '350.6551646196539' 'present']
 ['20' '351.3728584212247' 'present']
 ['2' '351.43048350940063' 'present']
 ['12' '351.98002557683105' 'present']
 ['5' '354.8330189008856' 'present']]","[['F213' '54.99655128254025' 'mated']
 ['F122' '81.00610469989668' 'mated']
 ['F172' '119.39962341739796' 'absent']
 ['F86' '151.5867585718088' 'destroyed']
 ['F25' '178.51211911301257' 'destroyed']
 ['F56' '219.90500587261914' 'mated']
 ['F181' '219.93512464692648' 'mated']
 ['F51' '233.80666975814233' 'absent']
 ['F152' '308.69422059361716' 'mated']]",573.0,71.30173705843642,14.142176437129722,1205.0,204.69216125092402,43.70683569300221,474.0,79.46594250395817,16.89083919207861,11.0,1.0999999999999999,0.11000000000000004,76.0,3.5185185185185177,0.16289437585733868
9,0.054,6,360.4616031991601,"[['4' '10.08558836411284' 'present']
 ['5' '36.351504350394904' 'marauded']
 ['16' '38.09962135703285' 'destroyed']
 ['14' '39.40762950511817' 'presentdestroyed']
 ['11' '42.27400946074528' 'presentdestroyed']
 ['11' '43.7859146171743' 'presentdestroyed']
 ['20' '45.30579570301615' 'marauded']
 ['8' '54.73914257659176' 'present']
 ['3' '56.51341099400655' 'present']
 ['20' '64.72280465753411' 'marauded']
 ['6' '65.95937631826145' 'destroyed']
 ['21' '68.99084964679696' 'destroyed']
 ['21' '69.69595239685304' 'presentdestroyed']
 ['4' '73.15385661288562' 'marauded']
 ['13' '73.59982257221898' 'presentdestroyed']
 ['14' '77.04249138386825' 'presentdestroyed']
 ['20' '81.75356519255001' 'present']
 ['2' '98.87025846567107' 'present']
 ['14' '99.81535671873274' 'present']
 ['14' '108.57191281665827' 'present']
 ['11' '111.24717530374313' 'marauded']
 ['10' '113.47838642642871' 'presentdestroyed']
 ['13' '118.13822085710962' 'presentdestroyed']
 ['12' '118.65687889335203' 'present']
 ['6' '137.6283055404428' 'present']
 ['23' '147.39867737468558' 'present']
 ['12' '153.66534805979657' 'marauded']
 ['12' '161.04909179167953' 'marauded']
 ['21' '161.99551263967518' 'presentdestroyed']
 ['16' '162.20420123769267' 'presentdestroyed']
 ['7' '169.17115627292546' 'present']
 ['16' '177.16088970923357' 'present']
 ['13' '188.74774290426203' 'present']
 ['5' '188.78644689612872' 'present']
 ['21' '189.65228922122017' 'present']
 ['21' '189.69858551751648' 'present']
 ['21' '189.79666067381055' 'marauded']
 ['14' '189.98110751421422' 'presentdestroyed']
 ['16' '198.61892937652922' 'present']
 ['5' '200.02155422714787' 'present']
 ['22' '203.66667217703306' 'present']
 ['20' '206.81640421711847' 'present']
 ['2' '221.4024978725898' 'marauded']
 ['2' '224.51011180101034' 'presentdestroyed']
 ['18' '254.6147963779031' 'present']
 ['20' '266.3736015308069' 'present']
 ['20' '277.536211170699' 'present']
 ['3' '280.8121258583185' 'present']
 ['13' '280.8329637864502' 'present']
 ['5' '292.4351164754687' 'present']
 ['16' '301.64972308944067' 'present']
 ['8' '308.9681624676169' 'present']
 ['8' '309.2302076354242' 'present']
 ['16' '325.5319260117378' 'present']
 ['22' '329.11265329921144' 'present']
 ['16' '343.82547247906786' 'present']
 ['7' '346.46227660304896' 'present']
 ['5' '352.2967051213682' 'present']
 ['4' '353.4219756482585' 'present']]","[['F13' '94.5611787720304' 'mated']
 ['F127' '106.55838911494375' 'absent']
 ['F54' '163.16219091050345' 'destroyed']
 ['F99' '190.22018607926935' 'destroyed']
 ['F182' '209.0921691542099' 'mated']
 ['F19' '228.34388156510857' '']
 ['F195' '230.0751626037935' 'mated']
 ['F63' '235.7569302199005' 'mated']
 ['F69' '236.78980720146296' 'mated']
 ['F74' '253.32030238806578' 'mated']]",572.0,68.19088260852521,13.432320889083654,1351.0,231.90888678103818,50.425466051961166,324.0,54.96585107930703,11.93984873475991,19.0,1.9000000000000006,0.1900000000000001,67.0,3.101851851851851,0.14360425240054867
10,0.054,4,360.1215591887937,"[['2' '19.839133643245095' 'present']
 ['12' '31.90666582552042' 'present']
 ['22' '32.49499846870596' 'present']
 ['3' '34.958525017601374' 'present']
 ['8' '39.1442208697406' 'present']
 ['22' '40.043096999656754' 'present']
 ['4' '44.858447356791125' 'present']
 ['14' '50.16534137329014' 'present']
 ['22' '51.25826985997417' 'present']
 ['21' '59.53196024636195' 'marauded']
 ['12' '60.90868808613775' 'presentdestroyed']
 ['4' '61.668374984973525' 'presentdestroyed']
 ['22' '63.29711760447508' 'presentdestroyed']
 ['13' '63.81724023509536' 'destroyed']
 ['8' '69.95081622993516' 'marauded']
 ['8' '79.83823680293571' 'present']
 ['11' '86.00566315867816' 'present']
 ['3' '86.10871545556029' 'present']
 ['5' '89.78836348273543' 'present']
 ['22' '95.32825255405493' 'present']
 ['16' '95.67842479082447' 'present']
 ['5' '100.59450929538325' 'marauded']
 ['23' '104.5747007831551' 'presentdestroyed']
 ['5' '105.07803682494162' 'presentdestroyed']
 ['11' '110.80234106785474' 'present']
 ['16' '113.9653864988976' 'present']
 ['22' '116.02493256106149' 'present']
 ['7' '121.88327196390445' 'present']
 ['14' '124.49626522632651' 'present']
 ['14' '131.87830387516806' 'marauded']
 ['14' '141.7095320194786' 'present']
 ['20' '143.94723910458208' 'present']
 ['2' '152.4456503097496' 'present']
 ['2' '161.00319601880778' 'present']
 ['13' '162.95832780928868' 'present']
 ['23' '167.4637709897782' 'marauded']
 ['14' '176.7267987237093' 'present']
 ['14' '178.686072177613' 'present']
 ['3' '182.4451747560572' 'marauded']
 ['14' '184.12615654516097' 'presentdestroyed']
 ['22' '187.0100862028965' 'destroyed']
 ['16' '194.50803179220807' 'present']
 ['6' '203.52029792006246' 'present']
 ['18' '215.69070235122203' 'present']
 ['13' '228.00775581115263' 'present']
 ['18' '230.06541500240456' 'present']
 ['7' '234.71870294973533' 'present']
 ['12' '247.3372854187644' 'present']
 ['8' '259.4864752747815' 'present']
 ['18' '267.92696158462843' 'present']
 ['4' '272.32235627636595' 'present']
 ['12' '279.8055111611057' 'present']
 ['5' '280.79915049962557' 'present']
 ['13' '287.70570614100154' 'marauded']
 ['3' '297.470195966183' 'present']
 ['23' '298.7717201150034' 'present']
 ['18' '314.54039909096986' 'present']
 ['16' '314.9205995598046' 'present']
 ['3' '316.8644194989303' 'present']
 ['11' '319.819609537097' 'present']
 ['7' '336.19729139687587' 'present']
 ['22' '359.45708708310883' 'present']]","[['F137' '59.55753243080553' 'absentdestroyed']
 ['F128' '71.79301351922219' 'destroyed']
 ['F38' '145.79329006201954' 'absent']
 ['F67' '156.37028428619294' 'mated']
 ['F7' '178.33064722719854' 'mated']
 ['F98' '185.0483672898895' 'absentdestroyed']
 ['F214' '189.35510076376477' 'destroyed']
 ['F214' '189.42454520820922' 'absentdestroyed']
 ['F50' '199.46498674843292' 'absent']
 ['F194' '214.50542032367395' 'mated']
 ['F114' '216.81788870702567' 'absent']
 ['F154' '217.09725475746072' 'absent']
 ['F117' '228.17924984100927' 'absent']
 ['F132' '322.4838402757899' 'mated']]",577.0,71.38139724268254,14.478846702940954,1462.0,240.67076044531075,50.01262220537905,245.0,42.726405107216635,9.408480174810796,18.0,1.8000000000000005,0.1800000000000001,74.0,3.425925925925925,0.1586076817558298
11,0.054,8,360.3971096214266,"[['5' '0.8477310311393241' 'present']
 ['3' '1.4081587831414828' 'present']
 ['10' '9.347023590658434' 'present']
 ['13' '9.874307884858275' 'present']
 ['18' '13.28272703344019' 'present']
 ['5' '17.516376904915496' 'marauded']
 ['10' '23.626902119531774' 'presentdestroyed']
 ['9' '24.58003643842039' 'destroyed']
 ['18' '28.604822216184246' 'present']
 ['12' '29.76110273024408' 'present']
 ['23' '31.141519826479634' 'present']
 ['18' '52.86741713702479' 'present']
 ['13' '73.87682598909737' 'marauded']
 ['5' '95.40103113958335' 'present']
 ['12' '98.19713983461857' 'present']
 ['18' '101.35630872925748' 'present']
 ['14' '103.69295330661632' 'present']
 ['9' '108.79851166312025' 'present']
 ['5' '116.35345564164966' 'present']
 ['8' '117.25067945531144' 'present']
 ['5' '138.14765901374736' 'marauded']
 ['14' '139.6553932011613' 'presentdestroyed']
 ['2' '142.4949461036318' 'presentdestroyed']
 ['21' '152.40944908553737' 'marauded']
 ['12' '157.61643843371994' 'presentdestroyed']
 ['18' '178.17332538059162' 'present']
 ['9' '185.08072409644845' 'marauded']
 ['4' '205.88545302782387' 'present']
 ['8' '225.71521144699793' 'present']
 ['16' '226.64340482198256' 'present']
 ['7' '230.5766068527935' 'marauded']
 ['23' '233.6774020420567' 'presentdestroyed']
 ['6' '237.63466636340632' 'presentdestroyed']
 ['9' '257.31368034109806' 'present']
 ['6' '262.95934195761635' 'present']
 ['13' '268.391877063754' 'present']
 ['4' '270.24463978865384' 'marauded']
 ['6' '273.0390357590034' 'destroyed']
 ['13' '279.7769628760313' 'present']
 ['3' '300.1372623724004' 'present']
 ['9' '308.4636220905165' 'marauded']
 ['13' '311.94369825714034' 'destroyed']
 ['20' '314.6537746628037' 'destroyed']
 ['2' '317.54909255993465' 'present']
 ['13' '318.8451347868068' 'present']
 ['10' '319.2851993898404' 'present']
 ['13' '333.3976491373359' 'present']
 ['23' '333.96635886795576' 'marauded']
 ['7' '342.35516293132366' 'present']
 ['5' '343.9796720207757' 'marauded']
 ['18' '346.53415076267686' 'presentdestroyed']
 ['12' '348.55130341603234' 'presentdestroyed']
 ['8' '353.550543676249' 'present']
 ['14' '359.30553652276444' 'present']
 ['9' '359.4213373287184' 'present']]","[['F177' '75.70578067964045' 'destroyed']
 ['F129' '79.03296139591846' 'destroyed']
 ['F68' '89.0470653606447' 'mated']
 ['F103' '115.10185890745696' 'mated']
 ['F24' '119.4240490296478' 'mated']
 ['F172' '119.46906786184242' 'mated']
 ['F180' '119.49446782746287' 'mated']
 ['F67' '156.30083984174848' 'destroyed']
 ['F67' '156.3471361380448' 'destroyed']
 ['F66' '156.80383125837685' 'absentdestroyed']
 ['F8' '184.91060543643167' 'mated']
 ['F214' '189.44769335635738' 'destroyed']
 ['F187' '197.56570714810604' 'mated']
 ['F155' '206.0023149080684' 'absent']
 ['F203' '231.90767429132617' 'destroyed']
 ['F63' '235.7106339236042' 'destroyed']
 ['F143' '243.32245523291164' 'mated']]",563.0,71.6406367197117,14.760230226117555,1364.0,223.36514426547103,46.90942370446195,371.0,61.3801130391552,12.841992591432508,10.0,0.9999999999999999,0.10000000000000003,57.0,2.6388888888888884,0.12217078189300418
12,0.054,10,360.48287660205756,"[['3' '12.089662300898492' 'present']
 ['4' '35.047954678198934' 'marauded']
 ['10' '37.50365519268553' 'presentdestroyed']
 ['6' '62.409273779358394' 'present']
 ['3' '69.35893885995841' 'present']
 ['16' '69.41913814818517' 'present']
 ['18' '72.02773709647498' 'present']
 ['11' '83.46819988253803' 'present']
 ['20' '85.66868760929316' 'present']
 ['8' '91.00423073829586' 'present']
 ['4' '91.6593668468856' 'present']
 ['2' '99.24765675384143' 'present']
 ['20' '102.49376174901973' 'present']
 ['20' '106.32507334090154' 'present']
 ['23' '121.22748100730931' 'present']
 ['6' '121.61012647406119' 'marauded']
 ['8' '128.7331664989805' 'presentdestroyed']
 ['10' '149.64622154196445' 'present']
 ['10' '162.4004196950521' 'present']
 ['9' '174.12984728446912' 'present']
 ['6' '178.16085637523472' 'marauded']
 ['16' '183.17906796681385' 'destroyed']
 ['7' '183.6781600472456' 'presentdestroyed']
 ['9' '185.842376385248' 'presentdestroyed']
 ['8' '189.53764908688768' 'present']
 ['2' '192.66744447252492' 'present']
 ['18' '201.27233772296546' 'present']
 ['11' '223.84627969455858' 'present']
 ['9' '244.48316573877352' 'present']
 ['9' '248.605012746336' 'marauded']
 ['8' '255.86170469475513' 'present']
 ['7' '260.05478114587766' 'present']
 ['2' '267.00034209935177' 'present']
 ['9' '270.3253741687971' 'present']
 ['13' '272.26359545961435' 'present']
 ['16' '279.0540615212255' 'present']
 ['4' '285.671549663316' 'present']
 ['14' '302.8711232449395' 'present']
 ['14' '310.46620611909907' 'present']
 ['4' '313.1602291203338' 'present']
 ['7' '316.4119051807535' 'present']
 ['4' '318.1385432829207' 'present']
 ['8' '326.7426660525329' 'present']
 ['3' '340.0944608960305' 'present']
 ['16' '350.3631981141784' 'present']
 ['22' '350.80955394480964' 'present']
 ['10' '354.55052091369345' 'marauded']]","[['F104' '95.94262177609271' 'mated']
 ['F57' '97.37649563982416' 'mated']
 ['F106' '97.70034878649984' 'absent']
 ['F39' '102.26539504135445' 'mated']
 ['F82' '134.19799277416345' 'mated']
 ['F38' '145.8164382101677' 'mated']
 ['F125' '151.92965901148344' 'mated']
 ['F5' '152.07325930747018' 'mated']
 ['F146' '177.6109685281914' 'mated']
 ['F167' '189.26103233320512' 'mated']
 ['F80' '266.75460432606314' 'mated']]",552.0,70.22694264781794,14.659078447323457,1526.0,255.1736585409805,54.69751238431774,168.0,29.018476480635773,6.302569621498432,15.0,1.5000000000000002,0.15000000000000008,95.0,4.398148148148151,0.20361796982167316
13,0.054,16,360.2558914498176,"[['12' '0.11510107661167993' 'present']
 ['2' '13.198612709055054' 'present']
 ['11' '34.14828128559377' 'present']
 ['7' '41.65377596449789' 'present']
 ['6' '49.49763123690384' 'present']
 ['4' '60.73440290486801' 'present']
 ['2' '65.39954172980676' 'present']
 ['18' '78.48075866196113' 'present']
 ['22' '87.44454014322275' 'marauded']
 ['10' '96.32773703941517' 'present']
 ['11' '110.09430766113596' 'marauded']
 ['6' '120.83308696919241' 'present']
 ['9' '121.3853950423438' 'present']
 ['23' '126.47848367506658' 'present']
 ['2' '131.45649721106943' 'present']
 ['5' '132.20770005736196' 'present']
 ['18' '148.92949194538846' 'marauded']
 ['2' '150.6930389476201' 'presentdestroyed']
 ['4' '151.65480355810232' 'presentdestroyed']
 ['12' '152.15176585543807' 'presentdestroyed']
 ['7' '155.3143995570241' 'presentdestroyed']
 ['4' '160.50017945597017' 'present']
 ['21' '161.3814394526277' 'present']
 ['23' '169.51267899965788' 'present']
 ['9' '172.20043528729863' 'marauded']
 ['7' '172.6623090089749' 'presentdestroyed']
 ['23' '190.50808383475814' 'present']
 ['2' '219.26031586041822' 'present']
 ['2' '219.97885125896602' 'present']
 ['16' '226.59710852568625' 'present']
 ['16' '228.3774428691339' 'present']
 ['12' '231.76214530203166' 'present']
 ['23' '242.71202024623724' 'present']
 ['14' '245.5584179083985' 'present']
 ['20' '246.40509456166473' 'present']
 ['12' '247.7660581927322' 'present']
 ['23' '253.56196959553162' 'present']
 ['9' '254.96290713655105' 'marauded']
 ['9' '257.91931553267665' 'destroyed']
 ['21' '259.8987468661974' 'destroyed']
 ['3' '266.02334397844544' 'present']
 ['18' '266.5558079897727' 'present']
 ['8' '286.4558083930965' 'present']
 ['21' '289.2995919359121' 'marauded']
 ['16' '296.01144775383955' 'presentdestroyed']
 ['16' '296.05774405013585' 'presentdestroyed']
 ['11' '300.9306545132893' 'present']
 ['4' '303.27225544135143' 'marauded']
 ['8' '305.988148268608' 'presentdestroyed']
 ['20' '306.3137616591599' 'presentdestroyed']
 ['12' '308.42398286807014' 'presentdestroyed']
 ['18' '317.24536812434565' 'present']
 ['23' '317.2617612511919' 'present']
 ['23' '317.74266676867956' 'present']
 ['7' '322.00398155015046' 'marauded']
 ['6' '328.879419531719' 'presentdestroyed']
 ['18' '334.3203142159835' 'present']
 ['3' '339.4017273850444' 'present']
 ['12' '340.61427342077985' 'present']
 ['16' '348.41337446650994' 'present']
 ['10' '354.83994130790524' 'present']]","[['F3' '47.55942145653579' 'mated']
 ['F200' '52.95695295123313' 'mated']
 ['F16' '81.10617381429586' 'mated']
 ['F123' '150.21133701308662' 'destroyed']
 ['F86' '151.60990671995694' 'destroyed']
 ['F20' '168.35665366505586' 'mated']
 ['F130' '182.17015408576572' 'mated']
 ['F99' '190.26648237556566' 'mated']
 ['F119' '192.53500236973582' 'mated']
 ['F52' '202.15002126933578' 'mated']
 ['F160' '204.69127220642503' 'mated']
 ['F34' '206.78410910841683' 'mated']
 ['F64' '226.98863928254872' 'mated']
 ['F94' '234.0868809134563' 'mated']
 ['F175' '240.0545374135589' 'mated']
 ['F21' '243.7140885143521' 'mated']
 ['F74' '253.29715423991763' 'absent']
 ['F58' '253.9636911702127' 'mated']
 ['F126' '277.8338977126871' 'mated']
 ['F141' '289.29078069843024' 'absent']]",558.0,66.67440766478825,13.20780013854842,1424.0,239.59227375016732,50.47109320042723,291.0,48.714869102735975,10.43982779601582,12.0,1.2,0.12000000000000005,86.0,3.9814814814814805,0.18432784636488314
14,0.054,7,360.60466489368116,"[['12' '7.484184589552299' 'present']
 ['5' '8.091935275910789' 'marauded']
 ['6' '9.862887845272391' 'destroyed']
 ['10' '12.12960991655097' 'presentdestroyed']
 ['8' '15.13881361556544' 'presentdestroyed']
 ['21' '24.572872647762505' 'present']
 ['3' '36.43616952709981' 'present']
 ['4' '39.12447453418312' 'present']
 ['22' '46.787370357446065' 'present']
 ['3' '49.95273736175065' 'present']
 ['18' '58.688497558792506' 'present']
 ['3' '64.08806144983913' 'present']
 ['8' '66.5574836560101' 'present']
 ['6' '68.74260720017945' 'present']
 ['8' '77.93839913991845' 'marauded']
 ['2' '87.4603225462543' 'present']
 ['4' '88.88631212946198' 'marauded']
 ['5' '104.14629919715613' 'present']
 ['10' '113.6855729301445' 'marauded']
 ['20' '123.28202660324025' 'present']
 ['8' '133.64582351875308' 'present']
 ['23' '136.41384932995484' 'present']
 ['13' '138.99722672110548' 'present']
 ['2' '161.24295970800407' 'marauded']
 ['16' '161.31500795031306' 'destroyed']
 ['4' '172.60171097377727' 'present']
 ['3' '184.48149100549102' 'present']
 ['5' '197.92786026038476' 'present']
 ['2' '198.03205609996968' 'present']
 ['7' '204.8825124219519' 'present']
 ['20' '207.49189324031073' 'present']
 ['3' '208.52253999795406' 'present']
 ['16' '213.89499415518506' 'marauded']
 ['21' '223.2027529452059' 'marauded']
 ['13' '229.92366174269102' 'presentdestroyed']
 ['9' '237.5059311469577' 'present']
 ['13' '243.48280726095985' 'present']
 ['21' '260.60766568648734' 'marauded']
 ['16' '264.04875861751924' 'presentdestroyed']
 ['6' '264.4697930939214' 'destroyed']
 ['5' '267.365157300056' 'presentdestroyed']
 ['11' '270.160664418939' 'marauded']
 ['11' '284.8193508222061' 'marauded']
 ['11' '286.8393665568947' 'presentdestroyed']
 ['20' '291.9324799048971' 'presentdestroyed']
 ['11' '304.73519044748997' 'present']
 ['9' '311.00396014390736' 'marauded']
 ['8' '316.99205118558706' 'presentdestroyed']
 ['2' '331.0010003077585' 'marauded']
 ['23' '333.24779935461737' 'presentdestroyed']
 ['22' '344.8727945975041' 'marauded']
 ['20' '354.88758278509886' 'present']]","[['F151' '56.40982325929465' 'mated']
 ['F105' '62.09085428548813' 'mated']
 ['F36' '62.09259772278422' 'mated']
 ['F138' '100.62479932611217' 'mated']
 ['F172' '119.42277156554611' 'destroyed']
 ['F70' '162.81687392512276' 'destroyed']
 ['F173' '195.156655764923' 'mated']
 ['F50' '211.53443119287738' 'mated']
 ['F101' '224.44081852412094' 'destroyed']
 ['F202' '277.8319061008125' '']
 ['F188' '306.5466140517837' 'mated']]",569.0,71.9968689378524,15.153196689142762,1202.0,204.07719439571852,43.54505889959316,464.0,79.5632929472676,17.238102816765693,8.0,0.7999999999999999,0.08000000000000002,82.0,3.7962962962962954,0.17575445816186536
15,0.0,16,360.0961020092653,"[['16' '6.070549282433442' 'present']
 ['11' '8.231473185811716' 'marauded']
 ['18' '8.771974540042391' 'presentdestroyed']
 ['6' '9.44674823925335' 'presentdestroyed']
 ['12' '17.566550479574005' 'present']
 ['14' '26.318489181590525' 'present']
 ['2' '33.36816104597964' 'present']
 ['7' '38.436967782016595' 'present']
 ['5' '41.56971038968564' 'present']
 ['14' '46.020222986376425' 'present']
 ['8' '52.779032596280686' 'present']
 ['14' '59.552834245121446' 'present']
 ['12' '61.67211488705616' 'present']
 ['16' '64.8212078551551' 'present']
 ['8' '82.57196077784903' 'present']
 ['14' '86.01169729530861' 'marauded']
 ['20' '97.68471439984563' 'marauded']
 ['5' '105.03174052864532' 'presentdestroyed']
 ['7' '117.00316926746797' 'present']
 ['13' '121.50137560245132' 'present']
 ['14' '132.5282829212669' 'marauded']
 ['18' '138.18343367569227' 'presentdestroyed']
 ['13' '147.30755790895128' 'present']
 ['7' '155.2681032607278' 'present']
 ['22' '161.32591173015277' 'present']
 ['16' '173.78660692836564' 'present']
 ['5' '176.82475416428565' 'marauded']
 ['14' '182.4207752958448' 'destroyed']
 ['22' '185.0395268918084' 'present']
 ['4' '212.98226228592483' 'present']
 ['13' '232.16440595297306' 'present']
 ['16' '232.74286104243336' 'present']
 ['9' '234.3336849397204' 'present']
 ['13' '236.0105540029028' 'present']
 ['6' '237.70887725344295' 'marauded']
 ['10' '246.98272513541875' 'present']
 ['11' '260.45166986760137' 'present']
 ['5' '261.740768241425' 'present']
 ['10' '271.4918128473199' 'present']
 ['20' '285.042246794551' 'present']
 ['18' '291.07558218587735' 'present']
 ['6' '307.98441062578627' 'present']
 ['8' '313.0215275876512' 'present']
 ['20' '314.204958970482' 'present']
 ['23' '314.6351275502679' 'present']
 ['13' '333.96448725304333' 'present']
 ['12' '336.3363307780408' 'marauded']
 ['5' '336.93906401425056' 'presentdestroyed']
 ['6' '338.64556898996864' 'destroyed']
 ['11' '355.13177421978844' 'present']]","[['F128' '71.83930981551849' 'mated']
 ['F55' '73.22772097099684' 'mated']
 ['F102' '74.61615801653508' 'mated']
 ['F138' '100.60165117796402' 'destroyed']
 ['F159' '127.3259024715694' 'mated']
 ['F9' '147.47914792911538' 'mated']
 ['F76' '149.11583967712932' 'mated']
 ['F53' '157.23781678331255' 'mated']
 ['F169' '158.91698139741737' 'mated']
 ['F70' '162.84002207327092' 'absent']
 ['F153' '176.5401341618591' 'mated']
 ['F199' '207.402076837521' 'mated']
 ['F150' '210.10804417393052' 'mated']
 ['F92' '211.10838601768933' 'mated']
 ['F121' '221.13023199101622' 'mated']
 ['F117' '228.1098053965648' 'absent']
 ['F19' '228.36702971325673' 'mated']
 ['F51' '233.85296605443864' 'mated']
 ['F168' '238.11004424252565' 'destroyed']
 ['F192' '247.89791080919144' 'mated']]",571.0,70.75824689591514,14.610376677002803,1409.0,246.77811394167082,53.91025839421504,248.0,42.49179833918371,9.32178472402091,0.0,0.0,0.0,0.0,0.0,0.0
16,0.054,10,360.10860523477356,"[['3' '2.201315683902771' 'present']
 ['10' '6.865157958270326' 'marauded']
 ['14' '18.168093999762835' 'marauded']
 ['5' '22.337809974789447' 'presentdestroyed']
 ['6' '56.00540957828641' 'present']
 ['22' '73.74023455932644' 'marauded']
 ['23' '76.77399845687533' 'presentdestroyed']
 ['2' '81.3375012988523' 'present']
 ['9' '87.58015219774084' 'marauded']
 ['5' '96.67254123574037' 'present']
 ['3' '99.58183037559625' 'present']
 ['22' '102.21958048917352' 'marauded']
 ['8' '108.32711924744017' 'destroyed']
 ['10' '119.3872847869633' 'present']
 ['13' '124.03802996588168' 'marauded']
 ['22' '133.57584844931512' 'present']
 ['8' '141.85001140618726' 'present']
 ['22' '144.65705572695174' 'present']
 ['14' '153.38640839454698' 'present']
 ['6' '172.1836580853497' 'present']
 ['11' '174.79479059297603' 'present']
 ['22' '179.80331130742678' 'present']
 ['23' '180.93318575319256' 'present']
 ['6' '184.87314328089036' 'present']
 ['4' '188.46953096066773' 'present']
 ['7' '192.81359093269353' 'present']
 ['23' '193.51244943696116' 'present']
 ['13' '198.9333831884579' 'present']
 ['6' '208.74159321287402' 'present']
 ['21' '211.00584099261667' 'present']
 ['5' '226.9466616247614' 'present']
 ['8' '227.7774152893873' 'present']
 ['6' '233.30172533721043' 'present']
 ['14' '243.73429739313806' 'present']
 ['10' '265.27121618690774' 'marauded']
 ['23' '278.17133677059593' 'present']
 ['9' '297.5906789594476' 'present']
 ['12' '308.8528726127649' 'present']
 ['13' '314.93397543198375' 'marauded']
 ['23' '321.75229051560257' 'presentdestroyed']
 ['18' '326.4213595077' 'marauded']
 ['7' '343.5050789420904' 'present']
 ['5' '355.2943697300351' 'present']
 ['6' '358.6853938955335' 'present']]","[['F211' '43.46524472876145' 'mated']
 ['F59' '53.992763260799585' 'mated']
 ['F151' '56.36352696299836' 'absent']
 ['F156' '71.08496283798857' 'absent']
 ['F145' '110.99705968536475' 'absent']
 ['F18' '114.72784524763019' 'mated']
 ['F6' '133.1812000976666' 'mated']
 ['F140' '159.141971031918' 'mated']
 ['F131' '162.258350974814' 'mated']
 ['F48' '211.8328009698205' 'mated']
 ['F35' '228.07639830264043' 'mated']
 ['F117' '228.20239798915742' 'mated']
 ['F204' '288.382927735518' 'mated']]",565.0,70.52258009127544,14.419420142576854,1379.0,229.24202551987435,48.913294052883096,319.0,55.04066948503447,11.91285062531556,10.0,0.9999999999999999,0.10000000000000003,91.0,4.212962962962964,0.19504458161865537
17,0.0,8,359.9185399084067,"[['6' '0.9380733934911568' 'present']
 ['8' '15.185109911861737' 'present']
 ['5' '19.289103383448268' 'marauded']
 ['23' '20.5491065750234' 'presentdestroyed']
 ['8' '26.66531660882382' 'marauded']
 ['18' '36.9920171695214' 'present']
 ['10' '38.985503622484984' 'present']
 ['16' '40.75563090018896' 'present']
 ['21' '44.26606909413562' 'present']
 ['4' '46.83081655332429' 'present']
 ['8' '59.069817800417894' 'present']
 ['6' '60.36346091219768' 'present']
 ['13' '64.96495471745429' 'present']
 ['20' '69.3921474656734' 'present']
 ['23' '80.96131524136402' 'present']
 ['21' '89.28471773156245' 'present']
 ['9' '104.46097669144716' 'present']
 ['11' '109.90544440915113' 'marauded']
 ['16' '111.45134364859744' 'presentdestroyed']
 ['5' '118.6086515958012' 'present']
 ['20' '118.98765983094127' 'present']
 ['4' '123.47979975243564' 'present']
 ['8' '139.65170877149893' 'present']
 ['12' '146.8756272661364' 'present']
 ['2' '149.82486830429676' 'present']
 ['3' '152.86580065901123' 'present']
 ['7' '155.78531188656856' 'present']
 ['13' '158.85707666829975' 'marauded']
 ['2' '163.33133360452695' 'presentdestroyed']
 ['11' '167.52261014788715' 'present']
 ['6' '175.98965486888412' 'present']
 ['6' '178.1145600789384' 'present']
 ['12' '191.42236316283172' 'present']
 ['4' '193.09902919711976' 'present']
 ['5' '196.37844607418472' 'present']
 ['6' '196.69910276019377' 'present']
 ['16' '198.0047236634164' 'marauded']
 ['8' '199.9875711728967' 'presentdestroyed']
 ['8' '200.033867469193' 'presentdestroyed']
 ['7' '200.09036234687755' 'presentdestroyed']
 ['14' '201.03838928172706' 'destroyed']
 ['23' '204.23261720155628' 'presentdestroyed']
 ['20' '227.52205614617583' 'present']
 ['14' '233.22776920757556' 'present']
 ['22' '235.96231873691391' 'present']
 ['21' '236.7718536400553' 'marauded']
 ['6' '250.71909779486631' 'present']
 ['6' '264.05038329751994' 'present']
 ['6' '264.5160893902177' 'present']
 ['16' '265.0024636725424' 'present']
 ['2' '266.95404580305546' 'present']
 ['3' '268.5774731711639' 'present']
 ['7' '279.54181532117207' 'present']
 ['18' '282.8259226314346' 'present']
 ['16' '302.71187767830656' 'present']
 ['3' '303.25880810515423' 'present']
 ['12' '312.43012697682155' 'present']
 ['23' '323.9372189051196' 'present']
 ['23' '328.2715374756797' 'marauded']
 ['23' '329.27690870696716' 'presentdestroyed']
 ['13' '329.47760623916656' 'presentdestroyed']
 ['5' '332.97268663459664' 'presentdestroyed']
 ['23' '335.0105684474907' 'presentdestroyed']
 ['18' '335.1181201939743' 'presentdestroyed']
 ['23' '335.42075895488534' 'present']
 ['10' '337.20281165448444' 'marauded']
 ['6' '344.3080377504389' 'presentdestroyed']
 ['6' '350.0622830278735' 'marauded']
 ['16' '357.15201591942684' 'present']]","[['F176' '56.441857974986675' 'mated']
 ['F88' '58.76650242099375' 'mated']
 ['F128' '71.81616166737034' 'absent']
 ['F129' '79.05610954406662' 'mated']
 ['F157' '86.1812364763926' 'mated']
 ['F207' '115.20917546376828' 'absentdestroyed']
 ['F6' '133.15805194951844' 'absent']
 ['F123' '150.25763330938292' 'mated']
 ['F0' '157.75783155964757' 'mated']
 ['F72' '162.9015000904156' 'destroyed']
 ['F50' '199.44183860028477' 'destroyed']
 ['F115' '200.19400417873473' 'destroyed']
 ['F154' '217.12040290560887' 'mated']
 ['F101' '224.4639666722691' 'mated']
 ['F203' '231.83822984688172' 'absent']]",572.0,68.49049839294673,13.62548895214904,1391.0,236.6716673258665,50.68041701734403,337.0,54.93994753671847,11.44997159849687,0.0,0.0,0.0,0.0,0.0,0.0
18,0.054,4,360.4282639487713,"[['14' '26.249637763664033' 'present']
 ['22' '37.79830554809856' 'present']
 ['5' '38.862171073011105' 'present']
 ['12' '45.30806572687575' 'marauded']
 ['5' '45.63595030224937' 'presentdestroyed']
 ['2' '47.411658294398556' 'presentdestroyed']
 ['16' '54.03157771241249' 'present']
 ['3' '54.139960087526624' 'present']
 ['20' '60.01345860298442' 'present']
 ['12' '63.317340583576716' 'marauded']
 ['22' '70.74286840424121' 'present']
 ['21' '89.7830189699508' 'marauded']
 ['6' '99.11002393651974' 'present']
 ['16' '101.98268510780545' 'present']
 ['14' '108.86283238716668' 'present']
 ['9' '110.78355643741266' 'marauded']
 ['9' '111.2324090360854' 'presentdestroyed']
 ['20' '112.55486175541829' 'presentdestroyed']
 ['16' '119.52820047957269' 'marauded']
 ['11' '131.63047296462793' 'present']
 ['13' '140.38957394495785' 'present']
 ['10' '156.43202902587012' 'present']
 ['10' '158.80485707168305' 'marauded']
 ['5' '167.47101864360002' 'present']
 ['22' '168.38253229599903' 'present']
 ['16' '178.40899659108237' 'present']
 ['6' '178.6619134538694' 'present']
 ['16' '179.47765293867505' 'present']
 ['22' '182.42435195234023' 'present']
 ['20' '182.91375879817954' 'present']
 ['21' '187.91449500950424' 'present']
 ['23' '189.0425661846701' 'present']
 ['13' '190.87953693797155' 'present']
 ['6' '193.61100376306507' 'marauded']
 ['9' '203.00366519778404' 'marauded']
 ['14' '204.02432628023882' 'presentdestroyed']
 ['5' '206.53208155857251' 'destroyed']
 ['23' '211.8926592904502' 'present']
 ['12' '213.67902447139124' 'present']
 ['12' '224.21739794047875' 'present']
 ['12' '226.83898866883382' 'present']
 ['3' '227.68546474247603' 'present']
 ['14' '237.14098775843522' 'marauded']
 ['22' '245.5481134881525' 'marauded']
 ['8' '257.3384099978849' 'present']
 ['14' '258.5122676002589' 'present']
 ['12' '264.0001634639234' 'present']
 ['21' '264.9561448829102' 'present']
 ['10' '268.2879875471805' 'marauded']
 ['22' '276.4369771880849' 'present']
 ['11' '284.1086409484943' 'present']
 ['3' '294.6558428360985' 'present']
 ['6' '294.98658893912193' 'marauded']
 ['23' '298.4276314869065' 'presentdestroyed']
 ['14' '303.7227657836548' 'present']
 ['9' '306.58421331295955' 'present']
 ['8' '319.4399935067922' 'present']
 ['23' '322.0085526124651' 'present']
 ['23' '334.46036918520815' 'present']]","[['F137' '59.580680578953675' 'mated']
 ['F2' '88.21493022421075' 'mated']
 ['F39' '102.2422468932063' 'absent']
 ['F123' '150.23448516123477' 'absent']
 ['F140' '159.11882288376984' 'destroyed']
 ['F214' '201.47084150450553' 'mated']
 ['F149' '206.22812131016758' 'destroyed']
 ['F144' '211.76591450657878' 'mated']]",573.0,69.0419990352829,14.815398436996539,1248.0,213.78299480037134,45.9621702825928,414.0,73.31261895469898,15.96597433452091,8.0,0.7999999999999999,0.08000000000000002,70.0,3.24074074074074,0.150034293552812
19,0.0,8,359.9117428529545,"[['4' '0.3635204623201532' 'marauded']
 ['20' '11.224236064968833' 'present']
 ['11' '15.699699773219544' 'present']
 ['14' '17.882209979026378' 'present']
 ['23' '35.39807925013514' 'present']
 ['4' '47.650169535682764' 'present']
 ['16' '62.4845554717357' 'marauded']
 ['14' '62.77046843586823' 'presentdestroyed']
 ['2' '64.54142472879602' 'destroyed']
 ['14' '66.38336465387277' 'presentdestroyed']
 ['4' '71.54612377216556' 'present']
 ['23' '74.84962840094468' 'present']
 ['23' '81.34563147154324' 'present']
 ['22' '86.00290765230903' 'present']
 ['9' '87.9288448734307' 'present']
 ['4' '91.20710706449474' 'present']
 ['12' '95.1678934686124' 'present']
 ['22' '96.41754180765271' 'present']
 ['12' '108.26749184470653' 'present']
 ['22' '132.16872079631608' 'present']
 ['18' '133.8448081463684' 'present']
 ['14' '135.19023328863435' 'marauded']
 ['3' '136.29468856158368' 'presentdestroyed']
 ['2' '143.71585791491168' 'present']
 ['20' '146.8225470263847' 'present']
 ['5' '151.0220420567564' 'present']
 ['5' '156.4332703285488' 'present']
 ['7' '158.46366591711572' 'present']
 ['20' '164.73438152185273' 'present']
 ['16' '179.43135664237874' 'present']
 ['20' '182.43810705940527' 'present']
 ['3' '185.70811863408824' 'marauded']
 ['22' '190.1924933707905' 'presentdestroyed']
 ['7' '191.5225301933588' 'presentdestroyed']
 ['10' '193.800782920201' 'marauded']
 ['12' '194.03010642586557' 'presentdestroyed']
 ['13' '198.22969521959908' 'destroyed']
 ['14' '208.7195359149684' 'present']
 ['13' '218.4861665250505' 'present']
 ['8' '225.3949443346238' 'present']
 ['12' '238.74397632123888' 'marauded']
 ['11' '251.45744261711306' 'present']
 ['9' '253.98254402427133' 'present']
 ['6' '257.50775518071873' 'present']
 ['8' '261.8919112597594' 'present']
 ['10' '266.999999994885' 'present']
 ['9' '272.8561944230448' 'marauded']
 ['5' '286.0606556236631' 'present']
 ['5' '286.63569373163426' 'present']
 ['5' '290.29418262201665' 'marauded']
 ['20' '295.7383987970272' 'destroyed']
 ['14' '300.142100838565' 'present']
 ['21' '300.56714342238166' 'present']
 ['5' '301.5959800802058' 'present']
 ['16' '307.098010674986' 'present']
 ['21' '308.087592072123' 'marauded']
 ['6' '308.88370789667175' 'presentdestroyed']
 ['12' '310.92256498411257' 'presentdestroyed']
 ['2' '316.89324510586806' 'present']
 ['4' '317.99224698662437' 'marauded']
 ['14' '320.43204889455916' 'presentdestroyed']
 ['3' '333.50077267314765' 'present']
 ['10' '344.22061363481197' 'present']
 ['22' '349.64155584471035' 'present']
 ['11' '357.74088798938016' 'present']]","[['F100' '80.39249169749145' 'mated']
 ['F43' '84.19550550639259' 'mated']
 ['F178' '145.88275625068076' 'mated']
 ['F72' '162.92464823856375' 'mated']
 ['F214' '189.37824891191292' 'destroyed']
 ['F12' '228.09437537820807' 'mated']
 ['F78' '241.19915905760814' 'destroyed']
 ['F198' '247.736428363941' 'mated']
 ['F126' '277.8107495645389' 'destroyed']
 ['F47' '351.99761862466914' 'mated']
 ['F31' '355.7341440013056' 'mated']]",554.0,70.2866114599075,14.037879845100163,1311.0,228.5466672201314,50.43801146308764,372.0,61.24320238730483,12.959582020388345,0.0,0.0,0.0,0.0,0.0,0.0
20,0.054,16,360.66819950269274,"[['16' '1.0498204594907874' 'present']
 ['8' '1.652780458455328' 'marauded']
 ['4' '1.8408928417088157' 'presentdestroyed']
 ['13' '13.258057937939693' 'present']
 ['18' '13.329023329736488' 'present']
 ['4' '44.7613520772486' 'present']
 ['6' '55.05513608382809' 'present']
 ['7' '68.82700088150764' 'present']
 ['12' '72.74250854238171' 'present']
 ['18' '78.08684461286461' 'present']
 ['12' '98.47013971057993' 'present']
 ['3' '129.28153096813514' 'present']
 ['14' '132.20427449114666' 'present']
 ['9' '145.4419279973' 'present']
 ['18' '154.62217833497417' 'present']
 ['6' '154.8463386324835' 'marauded']
 ['18' '158.8241406626953' 'presentdestroyed']
 ['13' '161.89649864022348' 'presentdestroyed']
 ['4' '162.5194176841454' 'present']
 ['2' '168.9868247688614' 'present']
 ['4' '169.16732321715833' 'present']
 ['7' '171.31309138592195' 'present']
 ['6' '172.81053271172837' 'present']
 ['3' '177.40132471098178' 'present']
 ['4' '178.69567173587524' 'present']
 ['5' '190.5264029387204' 'present']
 ['4' '203.87849080493183' 'present']
 ['3' '209.4495301315389' 'present']
 ['21' '213.72295287589424' 'present']
 ['3' '217.03269915468317' 'marauded']
 ['23' '251.94127860869412' 'present']
 ['21' '265.2974364483126' 'present']
 ['4' '269.0711530284163' 'present']
 ['16' '279.1003578175218' 'present']
 ['12' '295.75732550641453' 'marauded']
 ['6' '297.11240109950666' 'presentdestroyed']
 ['4' '297.55225599426313' 'presentdestroyed']
 ['9' '298.5176621546307' 'presentdestroyed']
 ['5' '303.2528914056361' 'present']
 ['5' '307.9419218279205' 'present']
 ['23' '318.38710219640546' 'marauded']
 ['6' '325.75983766122175' 'presentdestroyed']
 ['10' '327.8455557102494' 'present']
 ['8' '334.6060953147628' 'marauded']
 ['6' '352.02379679378834' 'present']]","[['F32' '20.31605421529118' 'mated']
 ['F142' '63.24719710081648' 'mated']
 ['F90' '64.95608450188276' 'mated']
 ['F42' '65.50280002400915' 'mated']
 ['F113' '71.78189686632572' 'absent']
 ['F75' '75.55572858054808' 'mated']
 ['F148' '108.83811250881134' 'mated']
 ['F118' '115.54993929398725' 'mated']
 ['F79' '129.54442120490293' 'mated']
 ['F1' '150.3582300972313' 'mated']
 ['F214' '189.40139706006107' 'absent']
 ['F49' '190.4129249841836' 'mated']
 ['F161' '196.70002508078568' 'mated']
 ['F89' '207.15984144636943' 'mated']
 ['F194' '214.4822721755258' 'absent']
 ['F114' '216.84103685517383' 'mated']
 ['F215' '231.71884902946675' 'mated']
 ['F179' '248.43057224777968' 'mated']
 ['F10' '264.48821355743297' 'mated']]",571.0,69.07343945248832,13.90987628078982,1468.0,249.6136321353177,54.058399529032705,205.0,36.373177062836604,8.06006059236457,9.0,0.8999999999999999,0.09000000000000002,88.0,4.0740740740740735,0.18861454046639203
21,0.054,3,360.3066533782252,"[['3' '5.418966342001833' 'present']
 ['7' '5.966682419878424' 'marauded']
 ['3' '6.981531607140024' 'presentdestroyed']
 ['22' '9.93106732926465' 'presentdestroyed']
 ['16' '14.772198444071284' 'present']
 ['7' '14.804740003517386' 'present']
 ['22' '14.948861326496909' 'present']
 ['8' '15.982379220229195' 'present']
 ['18' '16.303012554017016' 'marauded']
 ['10' '24.117451700027726' 'present']
 ['23' '25.97754224904731' 'marauded']
 ['11' '26.216080315317118' 'presentdestroyed']
 ['16' '34.297168581001316' 'present']
 ['13' '34.71095775506583' 'present']
 ['7' '36.052218256808665' 'marauded']
 ['7' '36.19851455310496' 'destroyed']
 ['3' '40.259871042800064' 'presentdestroyed']
 ['14' '41.31900094708931' 'presentdestroyed']
 ['11' '42.55694725190161' 'presentdestroyed']
 ['3' '48.66295602698569' 'present']
 ['11' '57.13751892262641' 'present']
 ['12' '60.1591402173076' 'marauded']
 ['5' '68.72792742451729' 'present']
 ['6' '77.5837109880577' 'marauded']
 ['13' '83.3604670651783' 'presentdestroyed']
 ['10' '88.26164987379758' 'present']
 ['4' '89.7248636350994' 'present']
 ['10' '94.62929484487631' 'present']
 ['5' '95.74708951020033' 'marauded']
 ['20' '121.49944472993893' 'present']
 ['20' '129.49719899513286' 'present']
 ['10' '130.95648852429414' 'marauded']
 ['5' '155.1465510692714' 'present']
 ['5' '162.73114967883143' 'marauded']
 ['12' '166.38199106653192' 'presentdestroyed']
 ['16' '166.98809868308885' 'presentdestroyed']
 ['23' '169.80458094409607' 'destroyed']
 ['20' '171.71920101460518' 'present']
 ['22' '173.05181850760286' 'present']
 ['2' '173.36670901743122' 'present']
 ['9' '179.1355989354733' 'marauded']
 ['23' '191.8461317297169' 'present']
 ['20' '195.1212554412326' 'marauded']
 ['2' '196.4077349479932' 'presentdestroyed']
 ['5' '203.72944062541956' 'marauded']
 ['10' '204.12881519095797' 'presentdestroyed']
 ['7' '208.79445989651623' 'presentdestroyed']
 ['12' '210.51711301090384' 'presentdestroyed']
 ['20' '212.92488059166837' 'present']
 ['9' '216.86305161202645' 'present']
 ['10' '223.48649600743755' 'marauded']
 ['13' '224.86877571574385' 'destroyed']
 ['18' '226.05131249856174' 'presentdestroyed']
 ['7' '228.33934278414867' 'presentdestroyed']
 ['20' '234.7533139162079' 'present']
 ['10' '235.98676641164502' 'present']
 ['16' '236.89244083150314' 'marauded']
 ['12' '238.60421577194083' 'destroyed']
 ['13' '240.32342498367834' 'presentdestroyed']
 ['18' '254.85676569057304' 'present']
 ['2' '257.8486646071921' 'present']
 ['3' '267.6496937578582' 'marauded']
 ['13' '268.5818213107219' 'destroyed']
 ['6' '269.21253827294385' 'presentdestroyed']
 ['23' '269.5126305169139' 'presentdestroyed']
 ['13' '275.1092514659569' 'marauded']
 ['12' '281.87447467487743' 'presentdestroyed']
 ['3' '282.76361670677744' 'present']
 ['16' '285.1089324439016' 'present']
 ['2' '301.5798720078769' 'present']
 ['3' '307.05967213491255' 'present']
 ['5' '332.33357229675835' 'marauded']
 ['9' '336.1372807688835' 'destroyed']
 ['12' '337.4030274665135' 'presentdestroyed']
 ['9' '340.79634540714966' 'present']
 ['13' '345.9422566369253' 'present']
 ['12' '349.208894122661' 'present']
 ['8' '350.7641066483374' 'marauded']]","[['F90' '64.9329363537346' 'destroyed']
 ['F55' '73.20457282284869' 'absent']
 ['F145' '110.9739115372166' 'absent']
 ['F159' '127.30275432342125' 'absent']
 ['F164' '147.37075991754398' 'mated']
 ['F133' '186.41595931161785' '']
 ['F99' '190.2433342274175' 'absent']
 ['F50' '199.48813489658107' 'destroyed']
 ['F205' '211.13087934084598' 'mated']
 ['F203' '231.93082243947433' 'mated']]",575.0,72.11205674777285,15.723107924815059,1055.0,174.17963265558416,36.24282485999912,633.0,110.32539231272085,23.933079195196555,13.0,1.3,0.13000000000000006,51.0,2.3611111111111107,0.10931069958847742
22,0.054,19,359.6840509423972,"[['23' '17.00638931424722' 'present']
 ['4' '29.381082843236193' 'present']
 ['12' '34.60469030795516' 'present']
 ['4' '35.33926220787419' 'present']
 ['12' '54.73887331272984' 'marauded']
 ['4' '71.41622898294314' 'present']
 ['23' '78.8843574004766' 'present']
 ['3' '80.40614200598715' 'present']
 ['8' '89.58568607250842' 'present']
 ['11' '95.97505060558912' 'present']
 ['20' '99.11270908962157' 'present']
 ['23' '99.80158130236101' 'present']
 ['12' '108.31378814100283' 'present']
 ['12' '120.84683214524777' 'present']
 ['7' '128.9744209508699' 'present']
 ['18' '133.8911044426647' 'present']
 ['8' '134.0192313392219' 'marauded']
 ['12' '134.13407484706585' 'presentdestroyed']
 ['2' '134.63674484938434' 'presentdestroyed']
 ['4' '136.93094258069823' 'presentdestroyed']
 ['10' '140.92747269060476' 'presentdestroyed']
 ['5' '143.92305851264678' 'present']
 ['23' '147.44497367098188' 'present']
 ['14' '151.8694889803274' 'present']
 ['6' '166.65217215690183' 'present']
 ['18' '168.55709726677273' 'present']
 ['20' '171.62792963433193' 'present']
 ['6' '180.7229638681982' 'present']
 ['21' '187.68921657271318' 'present']
 ['10' '190.7494178701773' 'marauded']
 ['11' '209.37995769786093' 'marauded']
 ['12' '209.5300944181654' 'presentdestroyed']
 ['18' '214.3781980927757' 'presentdestroyed']
 ['5' '214.73550804074284' 'presentdestroyed']
 ['7' '216.9105034901637' 'marauded']
 ['3' '226.17999875161078' 'marauded']
 ['18' '234.58453766315523' 'present']
 ['16' '237.6938692268546' 'present']
 ['7' '247.01355886111742' 'present']
 ['4' '258.31465152035616' 'present']
 ['10' '259.27432946888973' 'present']
 ['10' '259.9165530123492' 'present']
 ['10' '266.5932026772865' 'marauded']
 ['3' '268.2173443770941' 'presentdestroyed']
 ['9' '291.3537799419572' 'present']
 ['20' '292.4880073661638' 'marauded']
 ['21' '293.37148847947435' 'presentdestroyed']
 ['21' '296.6039478597297' 'destroyed']
 ['10' '300.9356461190555' 'marauded']
 ['6' '306.8282082667628' 'presentdestroyed']
 ['5' '309.3023869557455' 'marauded']
 ['2' '315.9637475068547' 'presentdestroyed']
 ['23' '316.0022015156433' 'presentdestroyed']
 ['6' '316.0109884244344' 'presentdestroyed']
 ['2' '317.32179998567267' 'marauded']
 ['13' '338.6056768049559' 'present']
 ['11' '341.61257542080745' 'present']
 ['10' '345.8221235819324' 'present']
 ['10' '347.57814894300924' 'present']
 ['16' '348.72219276103203' 'present']]","[['F151' '56.3866751111465' 'destroyed']
 ['F36' '62.069449574636074' 'absent']
 ['F11' '63.546865146400656' 'mated']
 ['F212' '65.28406452262661' 'mated']
 ['F15' '73.41103334699781' 'mated']
 ['F145' '111.0202078335129' 'mated']
 ['F166' '126.14997870955497' 'mated']
 ['F197' '139.02611086797478' 'absentdestroyed']
 ['F208' '153.74605186119896' 'mated']
 ['F65' '154.52995776057497' 'mated']
 ['F191' '154.72852491578854' 'mated']
 ['F60' '162.9253641760199' 'mated']
 ['F87' '171.01678935100796' 'mated']
 ['F23' '173.35548209150056' 'mated']
 ['F133' '186.439107459766' 'mated']
 ['F155' '206.02546305621655' 'mated']
 ['F44' '217.30114909741377' 'destroyed']
 ['F203' '231.86137799502987' 'destroyed']
 ['F51' '233.8298179062905' 'absent']
 ['F168' '238.1331923906738' 'mated']
 ['F78' '241.24545535390445' 'mated']
 ['F28' '276.1013867495379' 'mated']
 ['F112' '286.9495541265891' 'mated']
 ['F170' '350.7274860574681' 'mated']
 ['F71' '357.8830899883851' 'mated']]",581.0,71.49271387041216,14.727188366168454,1296.0,217.90780774658103,46.54832173717197,400.0,66.53488704948104,14.061453483786332,8.0,0.7999999999999999,0.08000000000000002,74.0,3.425925925925925,0.1586076817558298
23,0.054,8,360.29713590541974,"[['21' '1.3950466696072845' 'present']
 ['6' '7.075607893506424' 'present']
 ['9' '9.265226537518751' 'marauded']
 ['5' '12.670497670162979' 'presentdestroyed']
 ['2' '14.609247561148537' 'presentdestroyed']
 ['22' '18.28179539409572' 'present']
 ['5' '22.29151367849315' 'present']
 ['16' '31.322761546404845' 'present']
 ['22' '37.84460184439485' 'present']
 ['4' '38.79523467191239' 'present']
 ['6' '46.62964749990117' 'present']
 ['2' '48.9141168824989' 'marauded']
 ['14' '54.288131164352194' 'presentdestroyed']
 ['20' '62.962213198597105' 'present']
 ['20' '63.57655633702057' 'present']
 ['16' '67.21226403491008' 'present']
 ['21' '91.23820144995504' 'present']
 ['12' '91.9036331656235' 'marauded']
 ['10' '100.37914756755899' 'present']
 ['5' '101.57503701649452' 'present']
 ['6' '103.09513413493659' 'present']
 ['4' '109.91917988428378' 'present']
 ['2' '129.35738638943573' 'present']
 ['5' '133.6115422128708' 'present']
 ['14' '137.3487050196266' 'present']
 ['2' '137.9254448954417' 'present']
 ['7' '138.71109375630812' 'present']
 ['12' '139.48502242033717' 'present']
 ['21' '145.4749175251884' 'present']
 ['21' '153.908155169206' 'present']
 ['5' '154.52435305572533' 'present']
 ['16' '157.39886568802442' 'marauded']
 ['4' '160.45388315967386' 'presentdestroyed']
 ['12' '170.8096470166082' 'marauded']
 ['22' '187.91484678580227' 'present']
 ['22' '190.14619707449418' 'present']
 ['21' '194.22698033919227' 'marauded']
 ['4' '194.98135547533136' 'presentdestroyed']
 ['20' '196.3251639275553' 'destroyed']
 ['14' '202.01245778506035' 'present']
 ['18' '212.98861438374854' 'present']
 ['13' '219.01921967223984' 'present']
 ['9' '219.50674222394449' 'marauded']
 ['4' '220.9008001298779' 'destroyed']
 ['16' '223.30800318240694' 'presentdestroyed']
 ['4' '228.7917874299416' 'present']
 ['9' '237.00462497894924' 'present']
 ['22' '239.63266297063834' 'present']
 ['21' '248.23042882075586' 'present']
 ['22' '252.50684555335272' 'present']
 ['4' '254.92256169688739' 'marauded']
 ['4' '257.23775545559096' 'presentdestroyed']
 ['10' '261.9800851086214' 'presentdestroyed']
 ['18' '262.72653897759545' 'present']
 ['9' '278.9740691137608' 'marauded']
 ['14' '280.52975758976055' 'presentdestroyed']
 ['9' '284.6242822236603' 'presentdestroyed']
 ['16' '298.111183144721' 'present']
 ['13' '299.4572826737466' 'present']
 ['16' '305.52790690703586' 'present']
 ['8' '322.5356246367152' 'present']
 ['7' '326.18969869319295' 'present']
 ['2' '332.18967944459615' 'present']
 ['4' '341.97825647755127' 'present']
 ['13' '345.0831234004349' 'marauded']
 ['13' '346.9562121442525' 'destroyed']
 ['7' '352.00974712133586' 'presentdestroyed']]","[['F201' '7.6757370213498985' 'mated']
 ['F61' '77.74374415005221' 'mated']
 ['F118' '115.5267911458391' 'absent']
 ['F95' '123.78539172253446' 'mated']
 ['F197' '139.04925901612293' 'mated']
 ['F54' '163.1853390586516' 'destroyed']
 ['F124' '216.18963339683245' 'mated']
 ['F101' '224.4176703759728' 'destroyed']
 ['F78' '241.2223072057563' 'absent']
 ['F198' '247.71328021579285' 'absent']
 ['F93' '261.68805959201666' 'absentdestroyed']
 ['F202' '277.90135054525695' 'mated']
 ['F163' '292.6436253046761' 'mated']
 ['F107' '292.9668371279356' 'mated']]",574.0,73.81607418914261,16.155839460260115,1307.0,220.1993551335765,46.67651342744118,358.0,60.71190268121885,13.158818566426747,15.0,1.5000000000000002,0.15000000000000008,82.0,3.7962962962962954,0.17575445816186536
