id,probability_maraud,successful_mating,next_foraging_time,mar_attempts,mate_attempts,foraging_events,foraging_hrs,foraging_sqhrs,staying_events,staying_hrs,staying_sqhrs,repairing_events,repairing_hrs,repairing_sqhrs,marauding_events,marauding_hrs,marauding_sqhrs,traveling_events,traveling_hrs,traveling_sqhrs
0,0.054,5,360.4490711383882,"[['6' '3.30574640514837' 'present']
 ['11' '3.9269878293379525' 'marauded']
 ['6' '36.08279627724119' 'marauded']
 ['10' '39.482424071328715' 'destroyed']
 ['22' '43.968674080965165' 'present']
 ['8' '56.170906443612296' 'present']
 ['5' '61.44560809803658' 'marauded']
 ['22' '76.61959938332596' 'present']
 ['15' '86.80764183441134' 'present']
 ['14' '88.43132669662809' 'present']
 ['16' '90.44500049128459' 'present']
 ['16' '90.96379630073857' 'present']
 ['17' '95.6107097051637' 'present']
 ['5' '97.57533113026241' 'present']
 ['17' '98.02047480809843' 'present']
 ['21' '101.51958595263814' 'present']
 ['12' '101.79867654270669' 'present']
 ['13' '101.92586876942357' 'present']
 ['2' '108.24005464210182' 'present']
 ['19' '112.27134766501608' 'present']
 ['3' '112.65984079712989' 'present']
 ['20' '113.58670083504254' 'present']
 ['16' '116.36422690137813' 'marauded']
 ['6' '118.44146940450104' 'presentdestroyed']
 ['10' '121.96685589769305' 'presentdestroyed']
 ['15' '122.77944881337149' 'presentdestroyed']
 ['21' '131.17920143149794' 'present']
 ['23' '136.181202122222' 'present']
 ['15' '142.11261198580482' 'marauded']
 ['15' '144.91325385283528' 'presentdestroyed']
 ['14' '156.36366937738936' 'present']
 ['7' '163.8887137824042' 'present']
 ['16' '170.66451936939117' 'present']
 ['22' '170.95248860327388' 'marauded']
 ['16' '173.95272823012363' 'presentdestroyed']
 ['23' '176.8905885973955' 'presentdestroyed']
 ['13' '176.90595168086705' 'presentdestroyed']
 ['9' '179.05000800750685' 'marauded']
 ['21' '180.03103661942959' 'presentdestroyed']
 ['9' '183.14489187020723' 'presentdestroyed']
 ['23' '187.2905279951089' 'present']
 ['23' '191.6774532405843' 'present']
 ['8' '195.47733175116653' 'marauded']
 ['8' '197.66788909160232' 'presentdestroyed']
 ['21' '204.18541405272626' 'marauded']
 ['21' '205.78337491314548' 'presentdestroyed']
 ['17' '208.92063833327722' 'presentdestroyed']
 ['17' '211.2928738988766' 'destroyed']
 ['12' '220.298084132876' 'present']
 ['13' '230.66600020520113' 'marauded']
 ['13' '230.77062983483074' 'presentdestroyed']
 ['16' '231.41163072793734' 'presentdestroyed']
 ['16' '233.08250277054677' 'presentdestroyed']
 ['3' '250.04839310920616' 'present']
 ['6' '252.8198888951294' 'marauded']
 ['20' '264.9720131977315' 'present']
 ['9' '270.82840963021795' 'present']
 ['16' '271.6087104995023' 'present']
 ['10' '288.86911034210607' 'present']
 ['7' '295.69661763909806' 'present']
 ['13' '298.12768386020906' 'present']
 ['22' '300.40845413370386' 'present']
 ['7' '301.89382075053226' 'present']
 ['12' '314.2738425821671' 'present']
 ['11' '330.3418704594515' 'present']
 ['10' '332.05985339558407' 'present']
 ['13' '337.2178299482812' 'present']
 ['19' '343.1322707647618' 'present']
 ['20' '346.52053699582933' 'present']
 ['7' '356.6406666604373' 'marauded']]","[['F206' '68.21837533223737' 'destroyed']
 ['F188' '102.56305569080719' 'mated']
 ['F44' '103.47591885539711' 'mated']
 ['F116' '153.93701992403845' 'mated']
 ['F106' '220.84395026197038' 'mated']
 ['F178' '254.28175279152993' 'absentdestroyed']
 ['F72' '276.1907963727189' 'mated']]",549.0,71.4981713694633,14.445344643823331,1263.0,217.54070968111225,47.51361369990246,409.0,69.88062102389414,14.825499084890748,8.0,0.7999999999999999,0.08000000000000002,73.0,0.3379629629629631,0.001564643347050753
1,0.0,8,359.59194339149394,"[['7' '8.254009563195476' 'marauded']
 ['5' '10.071430530627424' 'presentdestroyed']
 ['11' '11.30452768687395' 'presentdestroyed']
 ['15' '19.728214557748085' 'present']
 ['7' '22.753750492394495' 'present']
 ['3' '30.08715608737982' 'present']
 ['6' '34.483737417483546' 'marauded']
 ['7' '37.69291997798416' 'presentdestroyed']
 ['18' '37.828053395615626' 'presentdestroyed']
 ['23' '38.28603431554322' 'presentdestroyed']
 ['20' '48.83451974698358' 'present']
 ['12' '49.641859750123' 'present']
 ['7' '51.024042968805176' 'marauded']
 ['12' '56.471451034701715' 'presentdestroyed']
 ['2' '58.93022797278301' 'present']
 ['5' '85.73700953089205' 'present']
 ['5' '90.50319491648374' 'present']
 ['23' '91.1352018837229' 'present']
 ['18' '91.40630077894323' 'marauded']
 ['7' '98.26805106008466' 'presentdestroyed']
 ['13' '99.90376231741655' 'present']
 ['5' '101.19807761171491' 'marauded']
 ['18' '104.21045845459626' 'presentdestroyed']
 ['15' '105.10238586582084' 'presentdestroyed']
 ['10' '105.12669098277675' 'presentdestroyed']
 ['0' '108.10909468040975' 'presentdestroyed']
 ['16' '117.49321321064583' 'present']
 ['2' '117.52563996612828' 'present']
 ['16' '119.41986023864268' 'present']
 ['12' '129.92800573901155' 'present']
 ['15' '139.10520751317853' 'present']
 ['5' '143.732556071365' 'present']
 ['19' '144.7732052443649' 'present']
 ['14' '150.49509928840294' 'present']
 ['14' '151.20895104286404' 'present']
 ['13' '161.007774328655' 'present']
 ['12' '165.62394847173007' 'present']
 ['21' '166.92014150032048' 'present']
 ['3' '174.27723743100634' 'present']
 ['17' '180.6771819051197' 'present']
 ['9' '187.11764580840818' 'present']
 ['11' '193.73966064836083' 'present']
 ['10' '210.78475809368237' 'present']
 ['7' '216.97047536122082' 'marauded']
 ['9' '222.9353655479079' 'presentdestroyed']
 ['0' '225.56747681065886' 'present']
 ['20' '226.61101015006238' 'present']
 ['10' '228.12832558397568' 'present']
 ['12' '230.87516662991078' 'present']
 ['2' '231.2993543966059' 'present']
 ['16' '231.7524565340574' 'present']
 ['8' '239.32238893764918' 'marauded']
 ['18' '241.22506247804532' 'presentdestroyed']
 ['15' '244.04094003257163' 'presentdestroyed']
 ['6' '247.51614958167147' 'present']
 ['22' '252.8338291974564' 'marauded']
 ['5' '262.1672847917051' 'marauded']
 ['7' '269.3586346122302' 'presentdestroyed']
 ['9' '276.6381446313134' 'marauded']
 ['2' '285.4004956912264' 'present']
 ['11' '288.1637218419182' 'present']
 ['18' '296.50724936257114' 'present']
 ['9' '309.41556258145954' 'present']
 ['21' '312.74986077585334' 'present']
 ['17' '312.89374821507676' 'present']
 ['23' '315.12641263872774' 'present']
 ['23' '319.8917395077644' 'present']
 ['23' '320.86272844880045' 'present']
 ['21' '321.4393653637151' 'marauded']
 ['6' '323.6305131717219' 'presentdestroyed']
 ['3' '352.35080484457427' 'present']]","[['F28' '12.101642160302424' 'absentdestroyed']
 ['F32' '25.188585058053892' 'mated']
 ['F204' '85.32982467740509' 'absent']
 ['F84' '95.51206884223711' 'destroyed']
 ['F46' '163.6330394783623' 'mated']
 ['F71' '177.775438069035' 'mated']
 ['F141' '186.88749890700933' 'mated']
 ['F154' '194.88529787832078' 'mated']
 ['F140' '230.22547653484617' 'mated']
 ['F97' '314.2557001084466' 'mated']
 ['F73' '348.9996257558313' 'mated']
 ['F14' '349.81904952026116' 'absent']]",564.0,70.9787691462322,15.125903160964269,1283.0,222.11682846324638,48.55547303873091,405.0,66.91459770596748,14.251171162550067,0.0,0.0,0.0,0.0,0.0,0.0
2,0.054,11,360.3174410357764,"[['16' '7.798834718143297' 'present']
 ['9' '14.10684294316611' 'present']
 ['15' '20.231868620769845' 'present']
 ['22' '23.637341865997566' 'present']
 ['23' '29.501399451597525' 'present']
 ['8' '30.875986100189827' 'present']
 ['17' '32.88189248603699' 'present']
 ['10' '34.64408593814001' 'present']
 ['19' '35.6450972100432' 'present']
 ['8' '37.345293849866145' 'present']
 ['7' '39.73681965784184' 'present']
 ['22' '47.279452761240584' 'present']
 ['23' '48.915173813570696' 'present']
 ['6' '49.681321417857035' 'marauded']
 ['3' '55.84125002250062' 'presentdestroyed']
 ['11' '57.10912469742375' 'presentdestroyed']
 ['13' '64.5178426089162' 'present']
 ['17' '71.91775111108889' 'present']
 ['18' '72.79136893133845' 'marauded']
 ['6' '73.72890242181059' 'destroyed']
 ['13' '76.91028461169397' 'presentdestroyed']
 ['21' '83.80887755770489' 'marauded']
 ['8' '84.73419789107203' 'destroyed']
 ['8' '84.73882752070165' 'destroyed']
 ['5' '93.8775246625822' 'present']
 ['15' '104.28374489919564' 'present']
 ['10' '107.82193077921414' 'present']
 ['23' '110.70226534064798' 'present']
 ['8' '116.22973639550358' 'present']
 ['16' '127.53410515127817' 'present']
 ['19' '132.02842702666558' 'present']
 ['0' '133.89752817133726' 'marauded']
 ['15' '139.34895048972106' 'destroyed']
 ['10' '148.5998285754375' 'present']
 ['11' '155.380511241248' 'present']
 ['7' '165.53414530105937' 'present']
 ['20' '165.7200687252486' 'marauded']
 ['12' '168.6560434952403' 'destroyed']
 ['5' '174.1648237766781' 'present']
 ['21' '176.23942298481913' 'present']
 ['9' '178.9691889260155' 'present']
 ['9' '179.04537837787723' 'present']
 ['13' '186.073156588744' 'present']
 ['16' '192.34904490304163' 'present']
 ['10' '196.20688500646347' 'present']
 ['8' '207.93534719316165' 'present']
 ['11' '210.35294135812572' 'present']
 ['14' '213.6653905462321' 'present']
 ['22' '215.56152100704935' 'present']
 ['15' '216.98144141521297' 'present']
 ['9' '219.19270403949653' 'present']
 ['15' '220.47585953092167' 'present']
 ['3' '220.4932943063418' 'present']
 ['0' '221.3060281563555' 'present']
 ['19' '222.77643105904187' 'marauded']
 ['5' '225.40529734998324' 'presentdestroyed']
 ['9' '234.95502245443967' 'marauded']
 ['7' '241.42438219523711' 'presentdestroyed']
 ['16' '250.82890829427294' 'present']
 ['8' '251.96350920092524' 'present']
 ['8' '255.0784218589699' 'present']
 ['20' '256.03502901433274' 'present']
 ['8' '258.30840546733526' 'marauded']
 ['22' '266.04950835224275' 'present']
 ['6' '270.0213859780386' 'present']
 ['5' '272.75886743705036' 'present']
 ['23' '273.5562806899974' 'present']
 ['7' '274.886858595751' 'marauded']
 ['5' '284.260294905681' 'present']
 ['13' '296.6834566392714' 'present']
 ['18' '297.4997087566064' 'present']
 ['6' '299.41532041004615' 'present']
 ['10' '303.6158619082787' 'present']
 ['10' '309.43915750328614' 'marauded']
 ['14' '313.0102513455453' 'presentdestroyed']
 ['22' '321.3317183028854' 'marauded']
 ['16' '323.6909381069737' 'destroyed']
 ['20' '325.25372390824054' 'presentdestroyed']
 ['19' '338.20560297657664' 'present']
 ['16' '344.15239815026587' 'present']
 ['18' '347.3399686578398' 'marauded']
 ['15' '351.3408461882539' 'presentdestroyed']]","[['F159' '93.6555217479685' 'mated']
 ['F173' '149.0626401308577' 'mated']
 ['F95' '163.98909415590856' 'mated']
 ['F111' '174.89155163888708' 'mated']
 ['F141' '186.88518409219452' 'absent']
 ['F8' '188.3139918038199' 'mated']
 ['F55' '194.7943413441432' 'mated']
 ['F49' '205.5674059462554' 'mated']
 ['F76' '212.25260417246614' 'mated']
 ['F183' '213.43858131755937' 'mated']
 ['F172' '303.05419462668647' 'mated']
 ['F97' '314.2510704788169' 'destroyed']
 ['F209' '337.7095817447818' 'mated']
 ['F14' '349.8167347054463' 'destroyed']
 ['F14' '349.821364335076' 'destroyed']]",556.0,68.69075987832008,14.99567978016573,1313.0,217.06314926847156,45.82511851848792,430.0,73.30918803594271,15.510885242258183,7.0,0.7,0.07,69.0,0.3194444444444445,0.0014789094650205748
3,0.054,8,360.1407994650676,"[['6' '5.4395656704173' 'present']
 ['17' '8.48957758699817' 'present']
 ['0' '25.57556419807198' 'present']
 ['11' '26.73548496471353' 'present']
 ['9' '44.715816941993175' 'present']
 ['18' '49.96735585840536' 'present']
 ['17' '50.10318870562848' 'present']
 ['8' '73.72073957440497' 'marauded']
 ['14' '79.93508448231863' 'presentdestroyed']
 ['14' '81.26083111150253' 'present']
 ['19' '84.45041345559636' 'present']
 ['21' '86.17574078981372' 'present']
 ['14' '89.74751810306756' 'present']
 ['5' '90.50782454611335' 'present']
 ['19' '95.58492935288061' 'present']
 ['5' '96.91431657884547' 'present']
 ['16' '104.55305225359821' 'present']
 ['19' '119.8019105425623' 'present']
 ['13' '126.05876028017452' 'present']
 ['17' '127.57312263500413' 'present']
 ['11' '132.80672317878646' 'present']
 ['15' '135.25622607330214' 'present']
 ['7' '137.56859508314722' 'present']
 ['17' '137.64782774583438' 'present']
 ['9' '139.54846694333332' 'present']
 ['22' '144.49276635490682' 'present']
 ['12' '151.94253925428063' 'present']
 ['14' '155.8424437309355' 'present']
 ['7' '159.74198485016225' 'marauded']
 ['8' '171.9839675380717' 'present']
 ['6' '175.24019837819804' 'present']
 ['18' '179.12511196520472' 'marauded']
 ['21' '182.47930411723704' 'presentdestroyed']
 ['10' '184.8203857312772' 'presentdestroyed']
 ['18' '186.5002810682947' 'present']
 ['5' '186.91514068119616' 'present']
 ['9' '187.0972789420473' 'present']
 ['8' '190.95669582163575' 'present']
 ['14' '198.9763671817449' 'marauded']
 ['10' '203.0336800963393' 'presentdestroyed']
 ['14' '203.95978973630727' 'presentdestroyed']
 ['7' '210.2917149826291' 'present']
 ['6' '216.17404421012395' 'present']
 ['13' '221.67234184478045' 'present']
 ['23' '222.2907411575918' 'present']
 ['5' '223.78962401967001' 'present']
 ['15' '231.61966676347998' 'present']
 ['17' '235.22717575453925' 'present']
 ['0' '241.53128627823182' 'present']
 ['19' '243.95341648855046' 'present']
 ['7' '246.59976630376005' 'present']
 ['0' '270.49291258299405' 'present']
 ['7' '270.5254693445323' 'present']
 ['22' '285.0435906742852' 'present']
 ['9' '292.7714473667211' 'present']
 ['10' '296.5076617374823' 'marauded']
 ['9' '297.2807730974794' 'destroyed']
 ['19' '298.78009782976966' 'presentdestroyed']
 ['12' '306.2831708636601' 'present']
 ['0' '319.054233034632' 'present']
 ['5' '323.05872821443586' 'marauded']
 ['7' '323.8093195036332' 'presentdestroyed']
 ['17' '324.97110304930163' 'destroyed']
 ['18' '335.2491168091295' 'marauded']
 ['17' '338.3296078604485' 'destroyed']
 ['0' '349.45646517982595' 'present']
 ['12' '351.61289545976445' 'present']
 ['13' '354.9306709494034' 'marauded']
 ['2' '357.1812242218406' 'destroyed']]","[['F197' '103.58888356969022' 'mated']
 ['F215' '109.47490077331393' 'mated']
 ['F213' '110.21531178379969' 'mated']
 ['F147' '111.35897999596538' 'absent']
 ['F101' '175.26992673505592' 'mated']
 ['F150' '175.86013174828818' 'mated']
 ['F39' '184.67735706288738' 'destroyed']
 ['F50' '187.8276120112139' 'mated']
 ['F49' '205.5650911314406' 'destroyed']
 ['F157' '252.5179473531771' 'mated']
 ['F214' '283.5261518245766' 'absent']
 ['F189' '303.2884510579349' 'destroyed']
 ['F182' '317.5524648487418' 'mated']
 ['F27' '325.02904881536284' 'absentdestroyed']]",570.0,71.71700419091377,14.72544288885934,1402.0,239.82061729814913,52.34506012611063,274.0,46.95913260277378,10.183193044982186,12.0,1.2,0.12000000000000005,76.0,0.351851851851852,0.0016289437585733867
4,0.0,10,359.8131540500676,"[['19' '2.9040911686182316' 'present']
 ['17' '4.335005029654132' 'present']
 ['3' '14.852751366453743' 'marauded']
 ['8' '22.023827364035288' 'presentdestroyed']
 ['2' '33.10670878829753' 'marauded']
 ['12' '40.743574004871114' 'present']
 ['15' '47.95270998915851' 'present']
 ['16' '48.43552666216624' 'present']
 ['20' '48.99224773602155' 'present']
 ['16' '50.862465988262215' 'present']
 ['17' '53.88166820471631' 'present']
 ['12' '56.47608066433135' 'marauded']
 ['23' '62.53252337767323' 'presentdestroyed']
 ['13' '73.15362354893146' 'present']
 ['9' '75.81229438543643' 'present']
 ['19' '80.43649327998132' 'present']
 ['19' '80.77877409776173' 'present']
 ['15' '82.36920661987875' 'present']
 ['12' '82.75155059558654' 'present']
 ['0' '88.24666242438464' 'marauded']
 ['16' '90.63824264408524' 'presentdestroyed']
 ['18' '92.9591150387266' 'presentdestroyed']
 ['7' '93.81630497571946' 'presentdestroyed']
 ['14' '95.03687364272147' 'present']
 ['16' '103.39953838783593' 'present']
 ['11' '109.17483355246654' 'present']
 ['18' '111.71109755698293' 'present']
 ['19' '112.4376945783186' 'present']
 ['3' '112.490130536633' 'present']
 ['17' '115.06944886208701' 'marauded']
 ['16' '116.35959727174851' 'destroyed']
 ['13' '125.96665898076832' 'present']
 ['11' '128.99178625896795' 'present']
 ['14' '130.61502493351594' 'present']
 ['5' '132.05633065431587' 'present']
 ['16' '132.1102561989611' 'present']
 ['10' '135.09555992229943' 'present']
 ['9' '143.69458429096784' 'present']
 ['5' '155.5844864922231' 'present']
 ['5' '160.3753922561511' 'present']
 ['20' '160.68182621774392' 'present']
 ['19' '167.6486820305475' 'present']
 ['23' '170.27925607798082' 'marauded']
 ['2' '174.83290300033465' 'presentdestroyed']
 ['18' '178.5863302133762' 'present']
 ['12' '185.67653812475854' 'present']
 ['18' '186.3650943711379' 'present']
 ['13' '192.76112930379975' 'present']
 ['2' '198.85171339203643' 'present']
 ['10' '202.12451182920444' 'present']
 ['21' '208.28872381627232' 'present']
 ['9' '210.52218996090198' 'marauded']
 ['7' '212.37057696589682' 'destroyed']
 ['17' '219.40720681596076' 'present']
 ['15' '223.626002345979' 'marauded']
 ['11' '228.08008022209134' 'destroyed']
 ['12' '230.33378885806547' 'presentdestroyed']
 ['5' '231.02344848973294' 'presentdestroyed']
 ['17' '234.36679163818343' 'marauded']
 ['17' '243.65158308181128' 'present']
 ['0' '245.21635022753904' 'present']
 ['21' '246.10887970386412' 'present']
 ['2' '252.20249827237222' 'marauded']
 ['8' '255.87263874635616' 'destroyed']
 ['22' '259.09847089728447' 'presentdestroyed']
 ['15' '270.46990201318073' 'marauded']
 ['9' '273.17303247353897' 'destroyed']
 ['6' '277.0815193889341' 'destroyed']
 ['16' '278.2496154753607' 'present']
 ['10' '282.36619684154726' 'present']
 ['13' '287.67665934252017' 'present']
 ['20' '288.8491612427074' 'marauded']
 ['23' '293.0307806286301' 'presentdestroyed']
 ['11' '303.4591794893985' 'present']
 ['6' '304.36137823502736' 'present']
 ['7' '304.63204576867366' 'present']
 ['19' '310.46265749285266' 'present']
 ['17' '310.70184926366886' 'present']
 ['16' '315.1698661698885' 'present']
 ['2' '318.51992177582514' 'present']
 ['12' '327.86706265577084' 'present']
 ['14' '336.31626284505876' 'present']
 ['12' '340.1372222353791' 'marauded']
 ['15' '340.32490796107277' 'destroyed']
 ['0' '340.3318905044993' 'destroyed']
 ['2' '341.39354205942624' 'presentdestroyed']
 ['0' '342.46202431169235' 'presentdestroyed']
 ['18' '347.23888517499734' 'present']
 ['15' '349.3246053858354' 'present']
 ['15' '350.6948050098137' 'present']
 ['9' '352.924613970781' 'present']]","[['F162' '15.55913549469808' 'destroyed']
 ['F159' '93.65089211833889' 'absentdestroyed']
 ['F67' '133.5798124333762' 'mated']
 ['F107' '141.6136885004889' 'mated']
 ['F94' '146.26201263356208' 'mated']
 ['F87' '150.0935235845433' 'mated']
 ['F118' '150.63554242166458' 'mated']
 ['F101' '175.2676119202411' 'destroyed']
 ['F129' '187.89857458912522' 'mated']
 ['F105' '207.09769335511308' 'mated']
 ['F103' '212.32953589642628' 'destroyed']
 ['F205' '234.13070836803797' 'mated']
 ['F138' '241.90168108759562' '']
 ['F125' '242.4441936185676' 'mated']
 ['F78' '278.0687917601519' 'mated']
 ['F21' '295.3381049258516' 'destroyed']
 ['F35' '352.8664099056048' 'absent']
 ['F70' '354.17140334752804' 'absent']]",561.0,70.30893627089849,15.014328545951956,1220.0,209.75810192363357,45.189588931369286,459.0,79.93965386684133,17.658768163094248,0.0,0.0,0.0,0.0,0.0,0.0
5,0.054,9,359.9941425370791,"[['2' '0.0023148148148148147' 'present']
 ['23' '0.06489654347691436' 'present']
 ['15' '11.354671115230598' 'present']
 ['12' '13.09862064295309' 'marauded']
 ['19' '15.281534474613418' 'presentdestroyed']
 ['14' '18.08929698695539' 'presentdestroyed']
 ['23' '29.396769821967897' 'marauded']
 ['16' '40.41905674556157' 'present']
 ['12' '40.8878419935054' 'present']
 ['12' '55.16082474039088' 'present']
 ['12' '58.159336322698465' 'present']
 ['15' '61.904182740641524' 'present']
 ['18' '63.480831947289' 'present']
 ['21' '67.34590312163715' 'present']
 ['21' '70.73426043454288' 'marauded']
 ['19' '100.24252084166125' 'present']
 ['3' '101.28291715229983' 'marauded']
 ['2' '102.00824590896278' 'presentdestroyed']
 ['14' '102.11598408465315' 'presentdestroyed']
 ['23' '105.90871740197083' 'presentdestroyed']
 ['12' '127.5112701861894' 'present']
 ['22' '127.8830371058711' 'present']
 ['2' '147.24794352430587' 'marauded']
 ['17' '147.51147368188688' 'presentdestroyed']
 ['23' '152.7771594478386' 'destroyed']
 ['10' '165.74528169006558' 'present']
 ['8' '174.11021672259983' 'present']
 ['8' '176.74334991884652' 'present']
 ['21' '179.2647735108813' 'present']
 ['10' '182.6714387817236' 'present']
 ['18' '183.13476438692808' 'present']
 ['8' '185.01279367606125' 'present']
 ['16' '186.3837492261829' 'present']
 ['20' '191.39779474345698' 'marauded']
 ['22' '191.57880473780025' 'presentdestroyed']
 ['10' '197.14452423148575' 'presentdestroyed']
 ['17' '204.63906172912505' 'present']
 ['21' '209.57444539273484' 'present']
 ['14' '210.93842124080905' 'present']
 ['13' '211.89179222050348' 'present']
 ['13' '211.9010514797627' 'present']
 ['13' '215.5417104460386' 'present']
 ['13' '232.56805579289315' 'present']
 ['11' '240.60617703717332' 'present']
 ['19' '244.81647849856049' 'present']
 ['15' '247.07541610770951' 'present']
 ['3' '251.38488427575595' 'present']
 ['12' '254.6694654998061' 'marauded']
 ['8' '257.2815392194429' 'presentdestroyed']
 ['8' '275.34230397796676' 'marauded']
 ['7' '278.654355591023' 'destroyed']
 ['7' '278.65898522065265' 'destroyed']
 ['13' '281.46178179873243' 'presentdestroyed']
 ['9' '284.77654307435233' 'present']
 ['2' '285.8838086582645' 'present']
 ['9' '289.7582270600215' 'present']
 ['23' '291.2725140685454' 'present']
 ['0' '292.8887052412267' 'present']
 ['2' '295.4308936303889' 'present']
 ['10' '306.17294283729143' 'marauded']
 ['15' '319.1592711419488' 'present']
 ['20' '328.8133092692479' 'present']
 ['0' '331.0670400575589' 'marauded']
 ['11' '336.5959580169203' 'presentdestroyed']
 ['19' '340.24293382544454' 'present']
 ['3' '347.3428192433372' 'present']
 ['14' '349.46783593557547' 'marauded']
 ['22' '350.36925934852604' 'presentdestroyed']
 ['0' '351.84368055225247' 'destroyed']
 ['22' '357.3557515960749' 'present']]","[['F184' '43.47750896154225' 'mated']
 ['F13' '92.19109193708965' 'mated']
 ['F207' '100.75412282236785' 'mated']
 ['F16' '129.29268904828015' 'mated']
 ['F181' '172.35801147636977' 'absent']
 ['F19' '178.05811475557556' 'mated']
 ['F18' '204.2407924684745' 'mated']
 ['F170' '208.51163988565855' 'mated']
 ['F103' '212.3364803408707' 'mated']
 ['F193' '237.95148101288606' 'mated']]",557.0,75.87670002995164,16.511940307767734,1263.0,215.74601819972446,46.09038936392736,387.0,66.8959654639876,14.269668744923074,12.0,1.2,0.12000000000000005,79.0,0.365740740740741,0.0016932441700960204
6,0.054,11,360.40909341690553,"[['19' '3.4380027737389485' 'present']
 ['9' '3.781174507699871' 'present']
 ['7' '4.183413904001029' 'present']
 ['15' '11.350041485600968' 'present']
 ['15' '15.15432767172531' 'marauded']
 ['2' '19.510667512576735' 'presentdestroyed']
 ['3' '25.029082814146975' 'present']
 ['15' '36.99870523607588' 'present']
 ['10' '37.80494861682748' 'present']
 ['5' '48.04217691115092' 'present']
 ['13' '56.04541214357211' 'marauded']
 ['8' '56.80452238149742' 'presentdestroyed']
 ['21' '61.52014792538786' 'presentdestroyed']
 ['2' '71.78865032668139' 'present']
 ['3' '73.25297072420537' 'present']
 ['13' '108.46824484061986' 'present']
 ['11' '111.71400039955401' 'present']
 ['16' '116.64897494347649' 'present']
 ['21' '119.169342539988' 'present']
 ['14' '120.0593672946767' 'present']
 ['14' '134.2020866464952' 'present']
 ['15' '150.80576360348942' 'marauded']
 ['13' '160.41462352339738' 'present']
 ['13' '164.0060147317954' 'present']
 ['15' '166.29864960546115' 'present']
 ['23' '167.97436542561053' 'present']
 ['16' '169.92753288036' 'present']
 ['22' '171.0571182329035' 'present']
 ['11' '177.0445400826358' 'marauded']
 ['23' '180.31920078843055' 'presentdestroyed']
 ['3' '193.64746119431328' 'present']
 ['17' '195.116899317919' 'present']
 ['2' '202.17241306287474' 'present']
 ['9' '202.42166357533122' 'marauded']
 ['10' '203.77038637115118' 'presentdestroyed']
 ['18' '207.96253636982476' 'presentdestroyed']
 ['22' '216.5849541799561' 'present']
 ['8' '218.8164182296551' 'present']
 ['10' '219.41511749167387' 'marauded']
 ['2' '230.0499005695913' 'present']
 ['21' '230.12525204941113' 'present']
 ['5' '243.58163132911886' 'present']
 ['23' '244.77813648334077' 'present']
 ['16' '245.0615871313026' 'present']
 ['22' '260.0603683809587' 'present']
 ['22' '261.4590841368033' 'present']
 ['9' '272.7884843940474' 'present']
 ['23' '274.3281144135128' 'present']
 ['19' '286.2863838931961' 'marauded']
 ['9' '286.62723297429585' 'presentdestroyed']
 ['3' '287.3068224350826' 'presentdestroyed']
 ['20' '287.32881889438585' 'presentdestroyed']
 ['3' '290.9660458179319' 'destroyed']
 ['15' '293.4923607943287' 'present']
 ['10' '307.3511003124036' 'present']
 ['18' '307.84122620135224' 'marauded']
 ['15' '315.6898045345381' 'present']
 ['14' '319.3449817715601' 'present']
 ['9' '329.82322036868396' 'present']
 ['12' '332.2623189091915' 'marauded']
 ['2' '335.46467388675916' 'presentdestroyed']
 ['12' '343.01189945180323' 'present']
 ['12' '345.08140978672924' 'present']
 ['3' '348.2467033357273' 'present']
 ['0' '356.63987392763875' 'present']]","[['F133' '25.83123446982211' 'mated']
 ['F22' '39.13945091726371' 'mated']
 ['F2' '47.64142422504219' 'mated']
 ['F104' '66.31021313487517' 'mated']
 ['F204' '85.3321394922199' 'mated']
 ['F168' '105.15811759696471' 'mated']
 ['F180' '128.86727738974534' 'absent']
 ['F173' '149.06032531604288' 'absent']
 ['F82' '158.48339033419234' 'absentdestroyed']
 ['F39' '184.67504224807257' '']
 ['F143' '214.23579382614926' 'mated']
 ['F186' '220.7737607281043' 'destroyed']
 ['F139' '234.98358770114012' 'mated']
 ['F124' '235.5317181818371' 'mated']
 ['F89' '255.68917078318097' 'absent']
 ['F158' '281.8889862798131' 'mated']
 ['F27' '325.0336784449925' 'mated']]",574.0,71.70839417227457,14.88383895650656,1391.0,232.1531257538449,48.53847769714905,341.0,55.05204845935624,11.429153332122734,10.0,0.9999999999999999,0.10000000000000003,61.0,0.2824074074074073,0.0013074417009602184
7,0.054,12,360.2333122631184,"[['15' '0.9749755576663374' 'present']
 ['14' '2.2666932802918534' 'present']
 ['2' '13.406175158261743' 'present']
 ['2' '17.791428938690423' 'present']
 ['16' '23.92224584395022' 'present']
 ['2' '34.90993772896275' 'present']
 ['16' '43.029262307067036' 'present']
 ['20' '50.38417181042128' 'present']
 ['18' '52.52643169099538' 'present']
 ['3' '68.93162643580956' 'present']
 ['12' '69.26670636173556' 'present']
 ['0' '78.87085211694348' 'marauded']
 ['19' '82.08743303721867' 'presentdestroyed']
 ['6' '83.07762165361846' 'presentdestroyed']
 ['0' '87.25458858648086' 'present']
 ['16' '90.63361301445562' 'present']
 ['3' '95.54863732015774' 'present']
 ['22' '100.34886408044622' 'marauded']
 ['15' '104.45084998331602' 'presentdestroyed']
 ['18' '106.44218176246464' 'presentdestroyed']
 ['10' '110.96199122733965' 'present']
 ['17' '133.8680678822564' 'present']
 ['19' '135.0719286100807' 'present']
 ['3' '140.0374679918791' 'present']
 ['2' '146.2478849032024' 'present']
 ['14' '148.134412540632' 'present']
 ['14' '176.1089913378656' 'present']
 ['14' '177.31927793610043' 'marauded']
 ['9' '179.87843401496625' 'presentdestroyed']
 ['16' '183.70631873757733' 'presentdestroyed']
 ['15' '184.41137422695255' 'presentdestroyed']
 ['19' '185.79103573633822' 'present']
 ['3' '186.32671197751853' 'present']
 ['6' '187.44379773676073' 'present']
 ['16' '189.04535728495227' 'present']
 ['6' '193.4886980666585' 'marauded']
 ['16' '194.03521601661626' 'presentdestroyed']
 ['2' '196.5814882414261' 'destroyed']
 ['11' '197.38618887006157' 'presentdestroyed']
 ['16' '201.87903623437435' 'marauded']
 ['14' '202.76942183243074' 'presentdestroyed']
 ['13' '206.9704569935746' 'presentdestroyed']
 ['10' '209.95061432717645' 'present']
 ['12' '215.00598751482843' 'present']
 ['15' '216.89656828023985' 'present']
 ['18' '227.26184887597125' 'present']
 ['3' '228.92019951192515' 'marauded']
 ['12' '229.8615284597084' 'presentdestroyed']
 ['20' '232.49944878345997' 'presentdestroyed']
 ['19' '243.95804611818008' 'present']
 ['17' '249.57407506598113' 'present']
 ['22' '249.72938747703233' 'present']
 ['12' '249.93602743665613' 'marauded']
 ['13' '257.2782533145309' 'presentdestroyed']
 ['5' '265.56214309966583' 'present']
 ['14' '275.8063002351667' 'present']
 ['18' '296.679740182864' 'present']
 ['22' '300.44844044969784' 'present']
 ['16' '313.14588836764824' 'present']
 ['11' '315.6216835997211' 'present']
 ['10' '326.92292869306516' 'present']
 ['0' '331.90044610342034' 'present']
 ['5' '341.2933774033663' 'marauded']
 ['21' '342.71959606949173' 'presentdestroyed']
 ['5' '347.64957576364174' 'presentdestroyed']]","[['F54' '14.256503827620474' 'mated']
 ['F91' '47.03929710406582' 'mated']
 ['F66' '124.40110984712885' 'absent']
 ['F37' '126.21504186629335' 'mated']
 ['F195' '127.43493056745652' 'mated']
 ['F1' '149.45683646677452' 'mated']
 ['F200' '149.63617535106152' 'mated']
 ['F82' '158.48570514900715' 'absent']
 ['F161' '163.33848765935574' 'mated']
 ['F183' '213.43395168792975' 'absent']
 ['F29' '242.53184996309992' 'mated']
 ['F135' '247.60178387639897' 'mated']
 ['F100' '267.47801487566767' 'mated']
 ['F110' '282.508841138784' 'mated']
 ['F25' '286.2557105129373' 'mated']
 ['F167' '346.6801581946251' 'destroyed']]",587.0,70.89172783056748,14.927317967350497,1437.0,239.12960221335658,50.196332098678404,290.0,48.645053149938526,10.469433488164377,12.0,1.2,0.12000000000000005,84.0,0.38888888888888923,0.0018004115226337432
8,0.054,8,360.5723915795521,"[['0' '3.8279232656104396' 'marauded']
 ['11' '5.27354064246919' 'presentdestroyed']
 ['18' '11.153181270407714' 'marauded']
 ['22' '13.049638751211004' 'presentdestroyed']
 ['23' '14.424560649628125' 'presentdestroyed']
 ['22' '23.064726788254433' 'marauded']
 ['13' '24.928668219460125' 'presentdestroyed']
 ['5' '43.56131627374435' 'present']
 ['6' '45.37009640135919' 'present']
 ['3' '61.4381125362124' 'present']
 ['9' '62.881407970660575' 'present']
 ['3' '63.18683268525878' 'present']
 ['19' '63.951405251074576' 'marauded']
 ['20' '71.06449648052349' 'present']
 ['0' '81.5099653299483' 'present']
 ['22' '87.59165728811098' 'present']
 ['14' '97.81287807839136' 'present']
 ['12' '99.8505946591998' 'marauded']
 ['18' '103.35639140684674' 'presentdestroyed']
 ['23' '106.05867934884733' 'presentdestroyed']
 ['3' '110.71908481411447' 'present']
 ['12' '121.3462659321432' 'present']
 ['22' '130.58138604031802' 'present']
 ['14' '133.09666092484298' 'marauded']
 ['12' '139.49540273866901' 'presentdestroyed']
 ['7' '139.88955278435088' 'presentdestroyed']
 ['10' '145.06654485374787' 'present']
 ['21' '150.99286457811922' 'present']
 ['5' '173.53199104696867' 'present']
 ['6' '197.69797952081746' 'present']
 ['23' '201.25467386586237' 'present']
 ['22' '209.87680895484402' 'marauded']
 ['9' '218.80013113793277' 'present']
 ['9' '219.19733366912615' 'marauded']
 ['20' '230.98192983750565' 'present']
 ['23' '233.07566849359037' 'present']
 ['22' '243.95758387344952' 'present']
 ['20' '247.3487877990142' 'present']
 ['10' '249.49004334218242' 'present']
 ['20' '256.0396586439624' 'present']
 ['11' '259.4784922276962' 'present']
 ['17' '260.78028744967' 'present']
 ['15' '262.45124843386185' 'present']
 ['13' '265.3919536214749' 'present']
 ['10' '265.51501079237323' 'present']
 ['19' '275.37588197635887' 'marauded']
 ['23' '286.42606733870207' 'present']
 ['5' '300.4245178891292' 'present']
 ['3' '307.768253865602' 'present']
 ['16' '312.4581273124764' 'present']
 ['5' '319.71754512118304' 'present']
 ['14' '321.38382552917744' 'present']
 ['6' '321.4082771410766' 'present']
 ['3' '321.63298825863' 'present']
 ['16' '322.36092951625926' 'marauded']
 ['19' '326.093352584715' 'presentdestroyed']
 ['14' '331.79390419051407' 'present']
 ['15' '335.0075896093356' 'present']
 ['11' '338.2559936847243' 'marauded']
 ['22' '340.4862351267873' 'presentdestroyed']
 ['17' '348.9398238747856' 'marauded']
 ['14' '349.4632063059458' 'presentdestroyed']
 ['22' '349.7303409624303' 'presentdestroyed']
 ['0' '351.04642150701835' 'destroyed']]","[['F65' '36.02875451141754' 'mated']
 ['F69' '106.88808587324219' 'mated']
 ['F68' '133.18088695509326' 'destroyed']
 ['F30' '147.13045629138097' 'mated']
 ['F82' '170.48801996382196' 'mated']
 ['F212' '194.25775151740515' 'mated']
 ['F64' '204.1172057784938' 'mated']
 ['F103' '212.3341655260559' 'absentdestroyed']
 ['F171' '242.82561804933022' 'mated']
 ['F178' '254.28406760634473' 'mated']]",564.0,68.24158400155319,13.768609925252619,1312.0,217.0887616501455,45.16835909309188,427.0,72.9661937536738,15.610198729422674,14.0,1.4000000000000001,0.14000000000000007,72.0,0.3333333333333334,0.0015432098765432085
9,0.054,9,360.8474395723259,"[['18' '18.9736900957219' 'present']
 ['12' '22.0717652566137' 'marauded']
 ['14' '31.7171149159178' 'present']
 ['16' '33.1300622438687' 'present']
 ['10' '34.0864627835321' 'present']
 ['15' '39.1882878238454' 'present']
 ['5' '43.82283887834643' 'present']
 ['3' '46.45006676220611' 'marauded']
 ['7' '66.44592950080028' 'present']
 ['11' '67.79377262130546' 'present']
 ['14' '68.73177687228807' 'present']
 ['17' '71.70088902892766' 'present']
 ['13' '82.4765732075779' 'marauded']
 ['18' '82.89688056240885' 'presentdestroyed']
 ['14' '83.49459080949876' 'presentdestroyed']
 ['20' '84.9801462455761' 'presentdestroyed']
 ['16' '90.628983384826' 'present']
 ['6' '101.29383584915162' 'present']
 ['16' '104.74315611596987' 'present']
 ['5' '118.76931632166537' 'present']
 ['3' '127.33737706252337' 'marauded']
 ['12' '128.17812149971738' 'presentdestroyed']
 ['16' '130.19972279689128' 'presentdestroyed']
 ['15' '159.4936100078298' 'marauded']
 ['23' '159.6074499356148' 'presentdestroyed']
 ['5' '159.7067852306358' 'presentdestroyed']
 ['18' '170.31358607134155' 'present']
 ['14' '176.90329347876275' 'present']
 ['19' '182.99152639393986' 'present']
 ['13' '183.11998271586342' 'present']
 ['5' '191.07009116479313' 'present']
 ['23' '192.14388155614805' 'marauded']
 ['2' '194.62502032187544' 'presentdestroyed']
 ['10' '199.19914475457367' 'destroyed']
 ['5' '202.4843246851927' 'marauded']
 ['14' '208.80739676137796' 'presentdestroyed']
 ['6' '210.19423070835444' 'present']
 ['0' '216.1101230404378' 'present']
 ['21' '216.2675060105519' 'present']
 ['0' '218.0092320206217' 'present']
 ['17' '230.71877309523074' 'present']
 ['15' '245.2083264662873' 'present']
 ['21' '251.14429620796048' 'present']
 ['23' '255.13982780241167' 'present']
 ['13' '256.63113506277386' 'marauded']
 ['17' '258.4299496982699' 'presentdestroyed']
 ['20' '264.13286421863864' 'present']
 ['7' '271.4151240632391' 'present']
 ['21' '277.43606901801223' 'present']
 ['18' '298.04441929180524' 'present']
 ['13' '301.21110494046576' 'marauded']
 ['10' '308.0265759828376' 'presentdestroyed']
 ['21' '310.59466123614214' 'marauded']
 ['13' '311.7172449394954' 'presentdestroyed']
 ['11' '312.68736356000176' 'presentdestroyed']
 ['23' '313.8501754890053' 'presentdestroyed']
 ['19' '320.44011343610987' 'marauded']
 ['12' '321.12750393795767' 'presentdestroyed']
 ['22' '334.18080160995424' 'present']
 ['12' '334.18472193072904' 'present']
 ['18' '338.3228839832851' 'marauded']
 ['17' '338.93008297299383' 'presentdestroyed']
 ['14' '341.37050360844125' 'presentdestroyed']
 ['17' '355.16311921809734' 'present']]","[['F34' '1.1939671991861527' 'mated']
 ['F119' '27.045126470156887' 'destroyed']
 ['F9' '50.7096477017951' 'destroyed']
 ['F96' '81.09765366647584' 'absent']
 ['F75' '122.05217536536152' 'mated']
 ['F42' '129.13525199521501' 'absentdestroyed']
 ['F66' '136.41731355083252' 'mated']
 ['F24' '137.12338261632837' 'mated']
 ['F51' '140.76200191895387' 'mated']
 ['F208' '154.82722082589345' 'mated']
 ['F123' '162.0713730020466' 'absentdestroyed']
 ['F186' '220.7760755429191' 'mated']
 ['F106' '220.84163544715557' 'absent']
 ['F122' '266.4321010525311' 'mated']
 ['F152' '281.9012678213058' 'absent']
 ['F108' '356.52770817595854' 'mated']]",565.0,70.66345300339506,14.994235705570842,1287.0,215.22192526086394,45.93053007347651,423.0,73.55020790268645,16.23954834808241,7.0,0.7,0.07,77.0,0.3564814814814817,0.0016503772290809313
10,0.054,7,360.3481273665046,"[['3' '3.3240782613742685' 'marauded']
 ['2' '11.875598321700018' 'present']
 ['20' '12.787607081993587' 'present']
 ['15' '18.249464133385082' 'marauded']
 ['2' '24.803966640330266' 'presentdestroyed']
 ['3' '29.815376634218996' 'present']
 ['13' '35.626312686389916' 'present']
 ['20' '41.35396510178893' 'present']
 ['13' '45.23847193529214' 'present']
 ['9' '45.598981444501106' 'present']
 ['14' '49.65139316677943' 'marauded']
 ['21' '55.21337246973935' 'presentdestroyed']
 ['23' '60.91912670604423' 'present']
 ['9' '66.41073070090074' 'present']
 ['0' '70.20322652042432' 'present']
 ['18' '71.52035401033467' 'present']
 ['13' '83.20324402949498' 'present']
 ['0' '83.66412736306661' 'present']
 ['2' '93.8680872777809' 'present']
 ['17' '94.03022887240273' 'marauded']
 ['17' '101.14361274594756' 'present']
 ['5' '111.07018511396211' 'present']
 ['8' '111.32453910688551' 'present']
 ['22' '113.18682985919386' 'present']
 ['13' '126.06338990980414' 'present']
 ['21' '128.9838099009838' 'present']
 ['17' '136.30681732002807' 'marauded']
 ['11' '137.15790877109643' 'destroyed']
 ['20' '139.43180080520716' 'presentdestroyed']
 ['20' '145.22813198489695' 'present']
 ['2' '153.48075489723865' 'present']
 ['11' '160.315503223425' 'present']
 ['15' '161.54121396690596' 'present']
 ['5' '162.66213911098308' 'present']
 ['0' '166.98305370874218' 'present']
 ['3' '171.19383759803566' 'present']
 ['3' '173.73354872030072' 'present']
 ['9' '179.0407487482476' 'present']
 ['23' '187.13915246793542' 'marauded']
 ['13' '192.76575893342937' 'presentdestroyed']
 ['2' '195.22062996896486' 'presentdestroyed']
 ['18' '199.83773548071866' 'present']
 ['22' '210.06433109267348' 'present']
 ['16' '210.13473426457858' 'present']
 ['13' '210.52062909177135' 'present']
 ['23' '219.76624230327488' 'present']
 ['15' '220.2492070133035' 'present']
 ['16' '223.6549375631358' 'present']
 ['17' '230.41203224238203' 'marauded']
 ['8' '231.83531994351964' 'presentdestroyed']
 ['15' '240.12318160178134' 'marauded']
 ['15' '250.17053290196247' 'present']
 ['3' '250.6080321529654' 'present']
 ['2' '251.4043737375716' 'present']
 ['16' '257.2065675215413' 'present']
 ['3' '259.7106916627716' 'present']
 ['0' '271.0187246801507' 'present']
 ['11' '271.9440030611969' 'present']
 ['17' '272.0779961998293' 'marauded']
 ['16' '281.67165225023894' 'present']
 ['7' '282.2627137896734' 'present']
 ['0' '285.6239882874303' 'present']
 ['0' '299.4493618207456' 'present']
 ['19' '311.75370882054546' 'present']
 ['19' '315.02027266606615' 'present']
 ['5' '324.4039836675188' 'present']
 ['7' '329.5546967596148' 'present']
 ['9' '329.8324796279433' 'present']
 ['18' '336.53614822241605' 'marauded']
 ['11' '338.0125975536605' 'destroyed']
 ['16' '341.16228701198537' 'presentdestroyed']
 ['18' '349.7910264878832' 'present']
 ['11' '350.45435630759107' 'present']
 ['12' '351.50826583013475' 'marauded']
 ['21' '356.09553324912116' 'presentdestroyed']
 ['5' '357.68577621968006' 'presentdestroyed']]","[['F145' '121.93503531955014' 'mated']
 ['F42' '129.13756681002982' 'mated']
 ['F12' '163.73017233190382' 'absent']
 ['F8' '188.3116769890051' 'destroyed']
 ['F36' '206.8152539948002' 'mated']
 ['F170' '208.50932507084374' 'absent']
 ['F103' '212.3318507112411' 'absent']
 ['F140' '230.22316172003136' 'absent']
 ['F166' '239.38063124731275' 'mated']
 ['F89' '255.69148559799578' 'mated']
 ['F62' '267.23601251824465' 'mated']
 ['F21' '295.34041974066645' 'mated']]",563.0,75.29336193367841,17.008777446148702,1295.0,216.4640125199421,45.91404584437824,381.0,67.02319866907546,14.937219017921079,10.0,0.9999999999999999,0.10000000000000003,79.0,0.365740740740741,0.0016932441700960204
11,0.054,9,360.55005822873426,"[['19' '35.27755559323755' 'present']
 ['8' '36.83533980272708' 'marauded']
 ['9' '39.22581801364609' 'presentdestroyed']
 ['18' '40.26805009685431' 'presentdestroyed']
 ['6' '49.17361942002562' 'present']
 ['23' '60.777648082374704' 'present']
 ['17' '62.6911810252045' 'present']
 ['13' '64.25306011619818' 'present']
 ['3' '65.95406866588365' 'present']
 ['15' '67.3776146284006' 'present']
 ['18' '67.83828026448926' 'present']
 ['21' '72.24329452741229' 'present']
 ['6' '74.12390943214271' 'present']
 ['10' '77.74161296902162' 'present']
 ['8' '78.02246997059424' 'marauded']
 ['13' '84.86676952498745' 'destroyed']
 ['15' '87.28180137752165' 'marauded']
 ['8' '88.01738466371239' 'presentdestroyed']
 ['7' '91.34540365676405' 'destroyed']
 ['17' '92.51495311732641' 'presentdestroyed']
 ['16' '110.07335856840946' 'present']
 ['22' '110.61331641406788' 'present']
 ['23' '120.62265085279226' 'marauded']
 ['10' '123.54706444140209' 'presentdestroyed']
 ['7' '123.5785197689968' 'presentdestroyed']
 ['10' '124.31240339851607' 'presentdestroyed']
 ['7' '129.90457976847324' 'present']
 ['7' '137.10609673380782' 'present']
 ['16' '138.7326413715061' 'present']
 ['8' '140.96784147803217' 'present']
 ['2' '143.24175377404254' 'present']
 ['21' '162.80194928419326' 'present']
 ['10' '168.5854258099935' 'present']
 ['3' '174.7215254733191' 'present']
 ['20' '175.0488609093534' 'present']
 ['20' '179.7989364479556' 'present']
 ['21' '181.44060435803183' 'present']
 ['16' '188.4746763627818' 'present']
 ['14' '193.43482192288863' 'present']
 ['10' '196.9434627214272' 'present']
 ['17' '198.24089166736' 'present']
 ['17' '200.23372717785836' 'present']
 ['7' '201.54347532208283' 'present']
 ['5' '204.17966410822063' 'present']
 ['2' '213.29604384918122' 'present']
 ['23' '214.76031642790215' 'marauded']
 ['12' '220.4504470165745' 'presentdestroyed']
 ['13' '224.1395085603614' 'present']
 ['8' '237.55193059166703' 'present']
 ['7' '239.84596832870733' 'present']
 ['21' '251.72289626645423' 'marauded']
 ['15' '259.19722497331423' 'destroyed']
 ['21' '266.429883446994' 'present']
 ['9' '273.17766210316864' 'present']
 ['0' '281.3948908818588' 'present']
 ['7' '284.4774767292441' 'present']
 ['7' '291.6659467265717' 'marauded']
 ['7' '299.47633212200617' 'present']
 ['18' '312.3491514388579' 'present']
 ['19' '317.50115297099484' 'marauded']
 ['0' '324.47145892071006' 'presentdestroyed']
 ['22' '325.9453970163256' 'present']
 ['0' '348.41414913939775' 'present']
 ['21' '352.7209701941016' 'marauded']
 ['16' '354.94982537120495' 'presentdestroyed']]","[['F162' '15.561450309512894' 'mated']
 ['F187' '18.1324166786408' 'mated']
 ['F77' '99.00695600361338' 'mated']
 ['F149' '106.83869548164266' 'mated']
 ['F66' '124.41036910638809' 'destroyed']
 ['F151' '140.40289753665942' 'mated']
 ['F82' '158.47876070456272' 'absent']
 ['F19' '178.05348512594594' 'absent']
 ['F126' '208.69140285740718' 'mated']
 ['F199' '231.55593566606237' 'absent']
 ['F128' '232.65936816123178' 'mated']
 ['F120' '233.7536824869329' 'mated']
 ['F172' '303.05187981187163' 'absent']
 ['F189' '303.2953955023794' 'mated']
 ['F108' '356.5253933611437' 'destroyed']]",574.0,74.64180642791705,16.895820088199702,1350.0,230.1639782920063,49.97992966032118,318.0,54.24009439202764,11.489582551741574,7.0,0.7,0.07,64.0,0.2962962962962962,0.001371742112482852
12,0.054,8,360.0375193255129,"[['7' '0.843742625831133' 'present']
 ['21' '2.146968403095405' 'present']
 ['22' '3.822386200931725' 'marauded']
 ['3' '26.79774180291244' 'marauded']
 ['14' '29.384815434522004' 'presentdestroyed']
 ['0' '30.54522665385903' 'presentdestroyed']
 ['15' '32.14332929019365' 'presentdestroyed']
 ['17' '35.436531302274425' 'present']
 ['22' '40.648970259651165' 'present']
 ['11' '61.85085991904528' 'present']
 ['9' '63.5292589832595' 'present']
 ['19' '69.40914151333982' 'present']
 ['15' '75.98480917814214' 'present']
 ['22' '78.520576159993' 'present']
 ['19' '79.16389726518291' 'present']
 ['9' '92.68651760588256' 'present']
 ['15' '108.25714540533535' 'present']
 ['18' '111.93696856697538' 'present']
 ['3' '121.49176321515677' 'present']
 ['8' '122.45288212181822' 'present']
 ['19' '126.9265015046739' 'present']
 ['6' '127.19625438714645' 'present']
 ['19' '130.39531291921207' 'present']
 ['19' '130.5087884556465' 'present']
 ['9' '138.29390023192195' 'present']
 ['16' '138.504822440504' 'present']
 ['21' '140.26616682412111' 'present']
 ['8' '140.4521405737232' 'marauded']
 ['9' '145.02192196997743' 'presentdestroyed']
 ['5' '145.28702819943584' 'presentdestroyed']
 ['22' '146.757639591546' 'destroyed']
 ['9' '149.77923170484223' 'present']
 ['20' '156.65852104921598' 'present']
 ['6' '166.82099573136594' 'present']
 ['11' '170.1083464433178' 'present']
 ['21' '171.71186413736447' 'marauded']
 ['3' '173.73817834993034' 'presentdestroyed']
 ['14' '179.47641697288725' 'present']
 ['11' '181.31575113474574' 'present']
 ['19' '182.8704401066341' 'present']
 ['22' '184.2395861681591' 'present']
 ['11' '187.74484855604507' 'marauded']
 ['21' '189.49891662227876' 'destroyed']
 ['18' '191.30002174086235' 'presentdestroyed']
 ['17' '193.08078248928672' 'presentdestroyed']
 ['18' '203.79535393904507' 'marauded']
 ['3' '208.08384007034175' 'presentdestroyed']
 ['13' '208.6357275144438' 'destroyed']
 ['11' '210.17478026252738' 'presentdestroyed']
 ['10' '211.5937247775367' 'present']
 ['3' '213.42295925104645' 'present']
 ['6' '217.4809889110051' 'present']
 ['15' '221.02742882891644' 'present']
 ['19' '224.40232820213322' 'present']
 ['5' '226.02992605499963' 'present']
 ['6' '229.1911933367668' 'present']
 ['20' '231.13436035561907' 'present']
 ['8' '241.814291747725' 'present']
 ['23' '242.7550572720764' 'present']
 ['19' '242.9937309975447' 'present']
 ['6' '252.81525926549978' 'present']
 ['8' '257.49460545273274' 'marauded']
 ['18' '268.7927266130465' 'present']
 ['11' '271.52341927747864' 'present']
 ['9' '274.67316573941633' 'present']
 ['21' '277.3253919756675' 'present']
 ['13' '283.9403361870292' 'present']
 ['13' '287.2497563250793' 'marauded']
 ['20' '292.5135380237704' 'destroyed']
 ['20' '293.72543665789755' 'presentdestroyed']
 ['22' '297.3229681164311' 'present']
 ['10' '299.6045851546426' 'present']
 ['11' '305.2277703848578' 'present']
 ['8' '305.25595297175573' 'present']
 ['3' '307.7636242359723' 'present']
 ['0' '310.1478396289022' 'present']
 ['10' '312.27743683383966' 'present']
 ['13' '319.2884574726705' 'present']
 ['14' '319.80527519206674' 'present']
 ['21' '329.56751652963396' 'present']
 ['0' '340.0495296541603' 'present']
 ['20' '343.1962309358897' 'present']
 ['19' '345.6657074615309' 'present']]","[['F119' '27.04049684052726' 'destroyed']
 ['F83' '66.6411662104653' 'mated']
 ['F15' '88.89031603104277' 'mated']
 ['F80' '90.31931531980877' 'mated']
 ['F123' '162.07831744649104' 'mated']
 ['F198' '165.8317713842239' 'mated']
 ['F148' '173.35680168079014' 'destroyed']
 ['F19' '178.05579994076075' 'destroyed']
 ['F52' '184.14890644796944' 'mated']
 ['F176' '205.13465418234586' 'absentdestroyed']
 ['F183' '213.43626650274456' 'absent']
 ['F98' '276.3283934572712' 'mated']
 ['F142' '281.184403944561' 'mated']
 ['F156' '316.9029220261829' 'absent']]",554.0,72.9056734940822,15.734660220837439,1399.0,237.11615924890225,50.4017670983803,284.0,48.786241694617736,10.42637496686866,11.0,1.0999999999999999,0.11000000000000004,68.0,0.3148148148148148,0.0014574759945130303
13,0.054,8,360.47467318430176,"[['6' '0.6601333767287588' 'present']
 ['3' '0.840936578375376' 'present']
 ['8' '1.1133246336392988' 'present']
 ['21' '2.759898336168197' 'marauded']
 ['21' '3.7209192868758647' 'presentdestroyed']
 ['20' '4.664023486163903' 'presentdestroyed']
 ['11' '8.098239912132057' 'presentdestroyed']
 ['23' '19.301075831634975' 'present']
 ['2' '22.259636949180813' 'present']
 ['15' '22.723129781661047' 'present']
 ['23' '25.70562079801525' 'present']
 ['7' '25.815248586010508' 'marauded']
 ['2' '28.591212357731468' 'presentdestroyed']
 ['23' '40.02875317067331' 'present']
 ['7' '41.48983829066675' 'present']
 ['17' '54.89289294453248' 'present']
 ['22' '55.208761347395324' 'present']
 ['8' '56.809152011127054' 'marauded']
 ['16' '64.89895457123242' 'marauded']
 ['23' '70.7977514511559' 'presentdestroyed']
 ['12' '76.91311357693782' 'present']
 ['6' '82.81177393343275' 'present']
 ['10' '86.0928691806852' 'present']
 ['16' '90.95916667110895' 'present']
 ['16' '97.67278953906123' 'present']
 ['3' '102.73602428459836' 'present']
 ['7' '108.2828844687642' 'present']
 ['15' '109.53485749487776' 'present']
 ['7' '117.23415733284877' 'present']
 ['19' '132.35319755989897' 'present']
 ['21' '132.8708806340118' 'present']
 ['7' '133.09290009683534' 'present']
 ['17' '133.24184826566764' 'present']
 ['6' '138.92756394951914' 'present']
 ['5' '139.79885814009074' 'present']
 ['9' '145.87179406999945' 'present']
 ['14' '159.61043745241255' 'present']
 ['12' '159.6477798177896' 'present']
 ['17' '164.1231382362995' 'present']
 ['5' '164.79403828034978' 'marauded']
 ['18' '169.3703405464661' 'presentdestroyed']
 ['22' '178.75396594893064' 'present']
 ['22' '181.36369617074493' 'present']
 ['5' '186.23579272537003' 'present']
 ['23' '187.05665836328183' 'present']
 ['10' '198.57262167513642' 'marauded']
 ['19' '200.31165075619379' 'presentdestroyed']
 ['10' '203.1779490164277' 'destroyed']
 ['3' '214.58199026430043' 'present']
 ['9' '218.12410017753058' 'present']
 ['2' '233.640073821911' 'marauded']
 ['3' '233.9046366491429' 'presentdestroyed']
 ['19' '237.7982644568442' 'destroyed']
 ['0' '242.81423179200476' 'marauded']
 ['21' '243.27459648596073' 'presentdestroyed']
 ['8' '245.5479847029363' 'destroyed']
 ['11' '250.92695717494976' 'present']
 ['17' '251.12916150361082' 'present']
 ['20' '257.0968432959319' 'present']
 ['2' '266.8515117180203' 'present']
 ['14' '269.1688338821185' 'present']
 ['5' '269.34282271885354' 'marauded']
 ['14' '269.6212292251196' 'presentdestroyed']
 ['21' '274.71580031111927' 'presentdestroyed']
 ['16' '276.93327789727965' 'present']
 ['0' '277.88896755181116' 'present']
 ['17' '282.3496834686321' 'present']
 ['0' '298.98853171005123' 'present']
 ['18' '312.23527560677' 'present']
 ['16' '320.9760500199653' 'marauded']
 ['18' '323.49481214775165' 'presentdestroyed']
 ['5' '342.6826062077767' 'marauded']
 ['5' '344.64181143447155' 'presentdestroyed']
 ['8' '345.9056101233643' 'presentdestroyed']
 ['22' '346.5544528148806' 'destroyed']
 ['10' '350.0364215043363' 'presentdestroyed']]","[['F60' '51.65120704881108' 'absent']
 ['F165' '52.433863020777146' 'mated']
 ['F53' '59.36481253111743' 'destroyed']
 ['F83' '66.63885139565049' 'destroyed']
 ['F3' '130.37264173061126' 'mated']
 ['F127' '155.85297247100758' 'absent']
 ['F185' '161.00359230518944' 'mated']
 ['F7' '164.61067274043913' 'mated']
 ['F181' '172.35569666155496' 'destroyed']
 ['F114' '205.17798551485504' 'destroyed']
 ['F136' '215.87653095390985' 'mated']
 ['F81' '219.08726296713536' 'mated']
 ['F193' '237.94916619807125' 'destroyed']
 ['F201' '250.32807759212702' 'mated']
 ['F142' '281.18208912974615' 'absent']
 ['F17' '318.75518180537665' 'mated']]",566.0,71.6509768385784,14.95212954957432,1312.0,219.8252245119822,46.82789988387898,385.0,66.7885795518387,14.62416427173284,15.0,1.5000000000000002,0.15000000000000008,87.0,0.4027777777777782,0.0018647119341563768
14,0.054,11,360.6455794606144,"[['17' '20.974589128533992' 'present']
 ['13' '34.7830708512908' 'marauded']
 ['23' '37.05481037250543' 'presentdestroyed']
 ['15' '37.742493281504295' 'presentdestroyed']
 ['8' '45.69739426180254' 'present']
 ['17' '50.642229347217544' 'marauded']
 ['3' '51.612493813368495' 'presentdestroyed']
 ['0' '54.96271232334954' 'presentdestroyed']
 ['17' '62.40638420519303' 'present']
 ['12' '79.59974869335599' 'present']
 ['12' '79.60437832298561' 'present']
 ['19' '82.09206266684829' 'present']
 ['8' '87.41014554624427' 'present']
 ['0' '99.97966877018595' 'present']
 ['2' '100.816599993048' 'present']
 ['15' '106.15156552572276' 'present']
 ['8' '113.43864754287348' 'present']
 ['8' '123.05835297620493' 'marauded']
 ['18' '123.96226056133162' 'presentdestroyed']
 ['13' '125.75207146931622' 'presentdestroyed']
 ['23' '128.47882980568127' 'destroyed']
 ['23' '134.44476667239843' 'present']
 ['11' '139.58781302586848' 'present']
 ['20' '141.42883843089274' 'present']
 ['21' '142.13820480942042' 'present']
 ['19' '144.48021548790794' 'present']
 ['13' '145.4736505307178' 'present']
 ['15' '167.0811180191647' 'present']
 ['8' '170.7540576268969' 'present']
 ['8' '175.3732398860569' 'present']
 ['2' '199.50923009615468' 'present']
 ['5' '200.54991618032315' 'present']
 ['10' '201.2708481470304' 'present']
 ['0' '203.58112241259596' 'present']
 ['6' '219.3284446181461' 'marauded']
 ['7' '224.19422172223807' 'presentdestroyed']
 ['11' '224.72305440308125' 'presentdestroyed']
 ['19' '227.1194684012209' 'marauded']
 ['20' '227.40868562173148' 'presentdestroyed']
 ['12' '227.72515522106679' 'presentdestroyed']
 ['16' '228.12992607618784' 'presentdestroyed']
 ['17' '228.7296004308962' 'presentdestroyed']
 ['0' '230.1320181435168' 'presentdestroyed']
 ['19' '231.66879208359555' 'presentdestroyed']
 ['11' '233.01082691082692' 'presentdestroyed']
 ['9' '234.51650707598364' 'presentdestroyed']
 ['17' '247.87394056455443' 'marauded']
 ['16' '253.5026989712638' 'destroyed']
 ['15' '262.2674250980851' 'marauded']
 ['5' '262.8152303144729' 'presentdestroyed']
 ['7' '276.56143914006725' 'present']
 ['21' '276.7112008184411' 'present']
 ['7' '284.9060056081217' 'present']
 ['19' '286.2817542635664' 'present']
 ['17' '291.37699444471156' 'present']
 ['3' '291.4647212331234' 'present']
 ['16' '297.4062139229545' 'marauded']
 ['8' '299.01655377961345' 'destroyed']
 ['6' '319.5130874804882' 'present']
 ['20' '330.47763563508494' 'present']
 ['3' '330.67703827611183' 'present']
 ['16' '335.1094194064649' 'present']]","[['F119' '27.0474412849717' 'mated']
 ['F192' '45.15809451733035' 'mated']
 ['F66' '124.40805429157328' 'absentdestroyed']
 ['F155' '193.76908518298214' 'mated']
 ['F11' '194.3808783619116' 'mated']
 ['F56' '197.34830156045635' 'mated']
 ['F176' '205.13696899716066' 'mated']
 ['F45' '206.58511261969545' 'mated']
 ['F211' '242.1734428608964' 'mated']
 ['F23' '274.22141996444697' 'mated']
 ['F210' '307.9322529029187' 'mated']
 ['F35' '352.8710395352345' 'mated']]",572.0,70.05071929321278,14.549876762983676,1402.0,239.7079452459392,51.94620337240559,284.0,48.6879751070892,10.297117636668677,14.0,1.4000000000000001,0.14000000000000007,83.0,0.3842592592592596,0.0017789780521261986
15,0.054,7,360.0625345500966,"[['0' '12.026005435707173' 'present']
 ['9' '20.687440826712802' 'present']
 ['11' '27.369302213838026' 'present']
 ['3' '30.321819912055307' 'present']
 ['16' '46.815898886912684' 'present']
 ['12' '48.37155148609838' 'present']
 ['8' '62.479222623172326' 'present']
 ['16' '64.75175287179538' 'present']
 ['5' '66.3663843212025' 'present']
 ['5' '66.42554170647627' 'present']
 ['23' '67.9247187048144' 'marauded']
 ['10' '68.99268753799844' 'presentdestroyed']
 ['9' '70.9719474621755' 'presentdestroyed']
 ['7' '71.98486263557598' 'presentdestroyed']
 ['12' '73.46436258927886' 'presentdestroyed']
 ['8' '74.08387869027172' 'presentdestroyed']
 ['18' '84.72118368129043' 'present']
 ['8' '88.37407090954561' 'marauded']
 ['20' '97.01963228954989' 'marauded']
 ['17' '99.37051603442649' 'destroyed']
 ['12' '101.1802062955431' 'presentdestroyed']
 ['3' '121.65864106545699' 'present']
 ['5' '122.62831464701011' 'present']
 ['19' '129.07700428973246' 'present']
 ['12' '129.73751585517758' 'present']
 ['22' '132.08051337725593' 'present']
 ['10' '132.13457445343786' 'present']
 ['14' '135.4641938861787' 'present']
 ['19' '141.17986880266068' 'present']
 ['5' '141.48308067940593' 'present']
 ['17' '147.50684405225726' 'present']
 ['17' '148.8673410230824' 'present']
 ['13' '152.04030741691102' 'marauded']
 ['18' '155.83605935928946' 'presentdestroyed']
 ['18' '168.45581068310355' 'present']
 ['18' '168.80556542304586' 'marauded']
 ['3' '175.5698993921217' 'presentdestroyed']
 ['19' '182.63249070129507' 'present']
 ['21' '187.33121629361636' 'present']
 ['23' '192.90043734239947' 'marauded']
 ['2' '210.9790039489469' 'present']
 ['2' '211.73888620089878' 'present']
 ['14' '218.42449483796207' 'present']
 ['13' '226.6080439206249' 'present']
 ['8' '228.47308971222904' 'present']
 ['19' '235.28426304401037' 'present']
 ['14' '238.0767214737681' 'present']
 ['17' '239.6370133063135' 'present']
 ['8' '243.2451344775122' 'present']
 ['22' '258.2197621749297' 'present']
 ['3' '263.72641784159526' 'present']
 ['6' '280.64097486636604' 'marauded']
 ['19' '283.50073660781254' 'destroyed']
 ['16' '286.2364714525863' 'presentdestroyed']
 ['8' '288.2624413179726' 'destroyed']
 ['21' '293.6691810909972' 'present']
 ['10' '293.74487424735725' 'present']
 ['3' '304.3589947077348' 'marauded']
 ['19' '315.84597168317526' 'present']
 ['20' '317.4496618713174' 'present']
 ['19' '318.41921488933104' 'present']
 ['9' '320.30367908518457' 'present']
 ['21' '321.07094180276937' 'marauded']
 ['12' '323.7885273684676' 'destroyed']
 ['7' '353.0258387604921' 'present']
 ['14' '354.02623042288127' 'marauded']
 ['9' '355.61173695328864' 'presentdestroyed']
 ['2' '358.47405900678126' 'presentdestroyed']]","[['F54' '14.254189012805659' 'absent']
 ['F99' '76.00944801083396' 'mated']
 ['F80' '90.31700050499396' 'destroyed']
 ['F84' '95.51438365705192' 'destroyed']
 ['F190' '132.30043698083338' 'mated']
 ['F131' '144.21650010645826' 'mated']
 ['F127' '155.85528728582239' 'destroyed']
 ['F198' '165.8294565694091' 'absent']
 ['F26' '187.92210332547532' 'mated']
 ['F177' '191.90088552859407' 'mated']
 ['F6' '201.70488538431675' 'mated']
 ['F191' '206.63233728515021' 'mated']
 ['F110' '282.5065263239692' 'destroyed']
 ['F97' '314.2487556640021' 'absent']
 ['F70' '354.1737181623429' 'destroyed']]",567.0,65.20933237608888,12.056455633192279,1393.0,233.61186305023793,49.582104601314136,346.0,59.322615799186146,12.87428587932116,16.0,1.6000000000000003,0.1600000000000001,89.0,0.4120370370370375,0.001907578875171466
16,0.054,10,360.31777842945036,"[['19' '6.966851339625859' 'present']
 ['3' '9.618448623914626' 'present']
 ['22' '13.054268380840634' 'present']
 ['15' '13.219472645777108' 'marauded']
 ['9' '14.349999663922032' 'presentdestroyed']
 ['15' '26.044611422052398' 'present']
 ['15' '36.83651968044116' 'present']
 ['9' '42.75791569819914' 'present']
 ['21' '43.903348769876445' 'present']
 ['9' '44.17108516199468' 'present']
 ['15' '49.13238960475591' 'present']
 ['14' '50.16913085287498' 'present']
 ['9' '53.66493303095751' 'present']
 ['23' '56.80475269108235' 'present']
 ['17' '65.76262615557336' 'marauded']
 ['14' '72.02577181789577' 'presentdestroyed']
 ['19' '85.0574743712233' 'present']
 ['23' '106.06330897847695' 'present']
 ['11' '107.87823319696858' 'present']
 ['19' '111.0952759898955' 'present']
 ['14' '112.05693296031528' 'present']
 ['18' '116.22316731656521' 'present']
 ['13' '116.61358071685346' 'present']
 ['12' '122.431418670778' 'present']
 ['5' '132.14656530937785' 'present']
 ['9' '139.98677786371428' 'present']
 ['3' '140.83192511559835' 'present']
 ['13' '142.37326620825095' 'present']
 ['7' '144.31246847711512' 'present']
 ['21' '147.7414807657689' 'marauded']
 ['7' '148.113405950948' 'presentdestroyed']
 ['23' '152.09316503249147' 'presentdestroyed']
 ['23' '153.2666039667589' 'presentdestroyed']
 ['23' '156.3166768746916' 'present']
 ['20' '156.99859089510406' 'marauded']
 ['7' '170.88498446192426' 'present']
 ['2' '175.7281194565258' 'marauded']
 ['9' '175.97778666407245' 'presentdestroyed']
 ['13' '215.5463400756682' 'present']
 ['10' '220.13470669958' 'present']
 ['11' '235.70900317750144' 'present']
 ['6' '235.81741248516173' 'present']
 ['9' '236.88991675245956' 'marauded']
 ['2' '253.24866120180067' 'present']
 ['14' '256.76667831993547' 'present']
 ['21' '261.4209180496223' 'present']
 ['22' '262.8002030705393' 'present']
 ['18' '263.3601829461069' 'marauded']
 ['5' '266.92311530183497' 'destroyed']
 ['9' '270.1867225012247' 'presentdestroyed']
 ['0' '277.8843379221815' 'present']
 ['0' '297.7996635314659' 'present']
 ['3' '304.66936585624484' 'present']
 ['8' '315.5583315712002' 'present']
 ['14' '317.25801858746973' 'present']
 ['13' '319.42159462438315' 'present']
 ['22' '326.1955797900791' 'marauded']
 ['10' '328.86362035331354' 'presentdestroyed']
 ['17' '333.31720144521836' 'presentdestroyed']
 ['15' '340.60025869598417' 'present']
 ['15' '349.0664845690375' 'present']]","[['F187' '18.13010186382599' 'absentdestroyed']
 ['F134' '95.25775160937272' 'mated']
 ['F90' '98.46435969068995' 'mated']
 ['F47' '107.48685135856317' 'mated']
 ['F147' '111.3612948107802' 'mated']
 ['F196' '122.65889219035208' 'mated']
 ['F37' '126.21272705147854' 'absent']
 ['F10' '147.7070051582327' 'mated']
 ['F127' '155.8576021006372' 'mated']
 ['F82' '158.4764458897479' 'destroyed']
 ['F123' '162.07368781686142' 'destroyed']
 ['F92' '185.79647812914195' 'mated']
 ['F163' '189.9410336476006' 'mated']
 ['F41' '276.4537831183741' 'mated']
 ['F35' '352.86872472041966' 'absent']]",555.0,69.09713860891023,13.989741240998313,1417.0,241.43144817415433,52.388147674367474,286.0,48.38504205618394,10.474178187176497,9.0,0.8999999999999999,0.09000000000000002,88.0,0.40740740740740783,0.0018861454046639214
17,0.054,8,360.5203494362027,"[['5' '0.21587087072384242' 'present']
 ['5' '11.517561188918075' 'present']
 ['7' '11.93130317729468' 'present']
 ['13' '23.725297026704663' 'marauded']
 ['15' '25.732875247689453' 'presentdestroyed']
 ['0' '33.64273708760564' 'present']
 ['6' '35.50646418337759' 'present']
 ['10' '40.07919814910608' 'marauded']
 ['6' '40.67947163050745' 'presentdestroyed']
 ['20' '43.98398499260822' 'presentdestroyed']
 ['16' '48.95254354573485' 'present']
 ['6' '49.16898979039598' 'present']
 ['3' '62.236671226265194' 'present']
 ['12' '72.94175449754866' 'present']
 ['22' '76.62422901295558' 'present']
 ['13' '79.22666956570922' 'present']
 ['19' '86.53405292206133' 'present']
 ['23' '93.65014735864828' 'present']
 ['13' '96.87838446543323' 'present']
 ['13' '105.96157447852161' 'marauded']
 ['0' '106.38583499933019' 'presentdestroyed']
 ['8' '112.70582179552103' 'presentdestroyed']
 ['6' '115.25155640241317' 'marauded']
 ['2' '116.44201665356417' 'presentdestroyed']
 ['21' '119.17397216961761' 'presentdestroyed']
 ['9' '127.06873080239939' 'present']
 ['22' '131.3672717095939' 'present']
 ['6' '132.80542460916223' 'present']
 ['23' '135.72426896456602' 'present']
 ['8' '150.41925443821802' 'marauded']
 ['6' '150.48165567733966' 'destroyed']
 ['8' '151.76156237843023' 'presentdestroyed']
 ['0' '159.3809968605145' 'present']
 ['14' '166.2755560762168' 'present']
 ['7' '170.88961409155388' 'marauded']
 ['22' '172.31436539201027' 'presentdestroyed']
 ['10' '203.17331938679808' 'present']
 ['18' '211.52247773277213' 'marauded']
 ['2' '217.69701583170632' 'destroyed']
 ['16' '222.32072973476335' 'present']
 ['7' '223.36498489103002' 'present']
 ['7' '225.78661012565829' 'present']
 ['0' '226.03483076474453' 'present']
 ['22' '228.88621287382134' 'present']
 ['5' '235.00918045139858' 'present']
 ['20' '247.3534174286438' 'present']
 ['9' '249.48835193378625' 'present']
 ['11' '250.6114398200127' 'present']
 ['20' '259.0919691315149' 'present']
 ['18' '261.79684887671243' 'present']
 ['5' '268.4906862764075' 'present']
 ['15' '272.68658500298767' 'present']
 ['22' '282.81530859511025' 'marauded']
 ['10' '293.7495038769869' 'marauded']
 ['16' '301.092147117734' 'marauded']
 ['14' '305.93563000434347' 'presentdestroyed']
 ['18' '316.59679029934796' 'marauded']
 ['20' '324.1340292272799' 'presentdestroyed']
 ['23' '327.19432245655736' 'present']
 ['8' '333.6652486130761' 'present']
 ['12' '353.0570385791109' 'present']
 ['6' '357.0032339094888' 'present']]","[['F28' '12.106271789932054' 'mated']
 ['F164' '76.93034688756764' 'mated']
 ['F146' '110.84679691317103' 'destroyed']
 ['F147' '111.35666518115057' 'destroyed']
 ['F4' '113.57182085156735' 'mated']
 ['F196' '122.65657737553727' '']
 ['F102' '130.28912621483803' 'mated']
 ['F85' '147.76418774404158' 'mated']
 ['F116' '153.93470510922364' 'absentdestroyed']
 ['F59' '177.81144555209417' 'absentdestroyed']
 ['F114' '205.18030032966985' 'absent']
 ['F74' '238.54207432738545' 'mated']
 ['F152' '281.90358263612063' 'mated']
 ['F189' '303.2907658727497' 'destroyed']
 ['F70' '354.1760329771577' 'mated']]",571.0,67.79343738476312,13.033186212533861,1350.0,223.26082638952113,46.7120008112851,399.0,67.36930448594504,14.112657168559364,13.0,1.3,0.13000000000000006,76.0,0.351851851851852,0.0016289437585733867
18,0.054,12,359.953063790284,"[['5' '2.230881063217684' 'present']
 ['17' '16.94888169790671' 'present']
 ['14' '21.84781034739609' 'marauded']
 ['22' '26.362170548384505' 'presentdestroyed']
 ['3' '28.286030688021985' 'destroyed']
 ['10' '30.767534690676552' 'marauded']
 ['2' '38.409108020704075' 'present']
 ['10' '45.38571897701509' 'present']
 ['3' '50.406825137611946' 'present']
 ['23' '51.83526522978608' 'present']
 ['21' '59.272633929257466' 'present']
 ['0' '60.82978135445139' 'present']
 ['14' '70.38817673075484' 'present']
 ['13' '76.90565498206435' 'present']
 ['13' '82.58120283720751' 'present']
 ['21' '88.39028687406642' 'present']
 ['0' '91.9764166590982' 'present']
 ['0' '104.629422068268' 'present']
 ['2' '105.6033107154947' 'present']
 ['12' '107.80409895887226' 'present']
 ['22' '112.22131205775203' 'present']
 ['5' '112.51036203778348' 'present']
 ['11' '115.79110916059459' 'present']
 ['15' '124.8622456626001' 'marauded']
 ['16' '129.70572669598897' 'presentdestroyed']
 ['17' '135.06112617785712' 'present']
 ['5' '135.65041237477334' 'marauded']
 ['6' '135.83431709579938' 'presentdestroyed']
 ['11' '143.67059337184475' 'marauded']
 ['10' '147.33452432003614' 'destroyed']
 ['22' '156.09668031015727' 'present']
 ['5' '156.6656719140958' 'marauded']
 ['21' '175.04700160428206' 'present']
 ['23' '187.1345228383058' 'present']
 ['9' '191.36422423070192' 'present']
 ['20' '203.4247284806782' 'present']
 ['15' '208.43905606271747' 'present']
 ['21' '211.58781223651948' 'marauded']
 ['2' '214.6855152117281' 'presentdestroyed']
 ['12' '215.01061714445805' 'presentdestroyed']
 ['0' '218.12347840096285' 'destroyed']
 ['10' '224.62833219466427' 'present']
 ['10' '225.91040419900867' 'present']
 ['23' '231.28178351225353' 'marauded']
 ['6' '232.39796044865113' 'presentdestroyed']
 ['11' '236.1911063057525' 'presentdestroyed']
 ['12' '236.73998743872355' 'destroyed']
 ['23' '239.4926976280039' 'present']
 ['14' '241.98398015355724' 'marauded']
 ['7' '243.61841492388768' 'destroyed']
 ['0' '248.15363120893934' 'presentdestroyed']
 ['21' '250.58850750426004' 'marauded']
 ['13' '259.3255986834315' 'present']
 ['15' '267.6018662193015' 'present']
 ['9' '274.8401831359102' 'present']
 ['10' '283.82823136869393' 'marauded']
 ['13' '298.02095633944333' 'present']
 ['20' '307.6541799174348' 'present']
 ['10' '310.2314493830874' 'present']
 ['22' '317.4223189904868' 'present']
 ['5' '324.4288424064902' 'present']
 ['17' '325.855337122124' 'marauded']
 ['7' '328.8438801011056' 'presentdestroyed']
 ['7' '328.84850973073526' 'presentdestroyed']
 ['5' '329.1239053568815' 'presentdestroyed']
 ['9' '329.82784999831364' 'presentdestroyed']
 ['5' '329.87331143317766' 'presentdestroyed']
 ['13' '330.1506005263861' 'presentdestroyed']
 ['12' '332.2576892795618' 'presentdestroyed']
 ['7' '338.9943530012835' 'present']
 ['6' '341.69737643700677' 'present']
 ['17' '342.4495982187668' 'present']
 ['14' '346.4386137402165' 'present']
 ['2' '355.9775676011699' 'marauded']]","[['F119' '27.038182025712448' 'absentdestroyed']
 ['F79' '115.17685898232367' 'mated']
 ['F180' '128.86496257493053' 'destroyed']
 ['F42' '129.1329371804002' 'destroyed']
 ['F68' '133.18320176990807' 'mated']
 ['F66' '136.4126839212029' 'destroyed']
 ['F117' '166.41416964946603' 'mated']
 ['F137' '167.32744061243034' 'mated']
 ['F174' '174.45351907827026' 'mated']
 ['F59' '177.81376036690898' 'mated']
 ['F39' '184.6796718777022' 'mated']
 ['F114' '205.17567070004023' 'absent']
 ['F88' '210.89898379406745' 'mated']
 ['F128' '232.65705334641697' 'destroyed']
 ['F211' '242.17112804608158' 'absentdestroyed']
 ['F178' '254.27943797671512' 'absentdestroyed']
 ['F5' '268.90498487352573' 'mated']
 ['F63' '281.6350865960215' 'mated']
 ['F43' '283.04665391878' 'mated']
 ['F112' '337.54735026631243' 'mated']]",558.0,72.92908256621041,16.397494028954537,1246.0,208.2386515605441,44.06635829917032,473.0,76.97773423138972,15.709783276819953,17.0,1.7000000000000004,0.1700000000000001,67.0,0.3101851851851852,0.0014360425240054857
19,0.054,9,360.48034108400424,"[['11' '6.2750562201192315' 'present']
 ['12' '15.769777523009349' 'present']
 ['9' '21.502905941306405' 'present']
 ['13' '22.784652059599072' 'marauded']
 ['6' '22.79688094113598' 'destroyed']
 ['5' '25.290088294761794' 'presentdestroyed']
 ['2' '35.655575369669855' 'present']
 ['3' '40.44953559039756' 'marauded']
 ['17' '48.4282419959441' 'present']
 ['8' '56.16627681398266' 'present']
 ['18' '58.07661726831745' 'present']
 ['7' '70.3923387551615' 'marauded']
 ['5' '97.94762932756159' 'present']
 ['17' '100.53700742800925' 'present']
 ['20' '100.91195559115643' 'marauded']
 ['22' '100.98339554563273' 'destroyed']
 ['9' '104.9426694583972' 'presentdestroyed']
 ['13' '111.82153503269126' 'present']
 ['6' '115.87464326922385' 'present']
 ['10' '117.05785056208475' 'present']
 ['16' '119.767120892902' 'present']
 ['3' '128.07845881404373' 'present']
 ['3' '132.11416964960807' 'present']
 ['21' '133.27106785053056' 'present']
 ['20' '137.6878617521815' 'present']
 ['13' '145.60421855483025' 'marauded']
 ['14' '146.32798731274283' 'destroyed']
 ['3' '151.04840550334262' 'presentdestroyed']
 ['0' '159.1081927259447' 'present']
 ['21' '159.5171078744246' 'marauded']
 ['8' '160.6160146381438' 'presentdestroyed']
 ['23' '160.77570389292868' 'presentdestroyed']
 ['10' '161.21431044655222' 'destroyed']
 ['10' '165.5598291758967' 'presentdestroyed']
 ['23' '170.2746264483512' 'present']
 ['14' '171.64875192020125' 'marauded']
 ['3' '172.016578499038' 'presentdestroyed']
 ['0' '188.64516474268302' 'marauded']
 ['14' '190.97807215933884' 'presentdestroyed']
 ['22' '195.39958181065586' 'presentdestroyed']
 ['23' '197.7311882183155' 'present']
 ['2' '198.2917374440974' 'present']
 ['14' '200.71581030106137' 'marauded']
 ['22' '202.88093215404913' 'presentdestroyed']
 ['14' '206.13457319370255' 'presentdestroyed']
 ['5' '210.11734131192932' 'present']
 ['22' '210.62029007074668' 'marauded']
 ['15' '214.01092415375345' 'destroyed']
 ['3' '214.7855108940237' 'presentdestroyed']
 ['23' '227.7677655240594' 'present']
 ['2' '230.05453019922092' 'present']
 ['5' '234.87909576296593' 'present']
 ['11' '237.71675306313296' 'present']
 ['7' '248.41252111825435' 'present']
 ['18' '250.10923760013753' 'marauded']
 ['13' '264.1604701743397' 'marauded']
 ['8' '269.7039519326938' 'destroyed']
 ['23' '273.5516510603677' 'present']
 ['18' '299.6020520910947' 'marauded']
 ['2' '299.7773741329576' 'presentdestroyed']
 ['13' '300.3441622627587' 'presentdestroyed']
 ['10' '303.59805621161' 'presentdestroyed']
 ['16' '313.0246858253413' 'present']
 ['12' '316.06016431759605' 'present']
 ['7' '318.7326770877622' 'present']
 ['13' '318.7421999569931' 'present']
 ['5' '318.78426664761423' 'present']
 ['8' '320.8686915210776' 'present']
 ['22' '327.86542900998796' 'present']
 ['10' '329.8147982639329' 'present']
 ['23' '331.48116892805126' 'present']
 ['16' '340.08495048588276' 'present']
 ['22' '350.3738889781557' 'marauded']
 ['22' '351.67843428877165' 'destroyed']
 ['9' '354.57561988574' 'presentdestroyed']]","[['F119' '27.042811655342074' 'absentdestroyed']
 ['F38' '51.45013024092413' 'mated']
 ['F60' '51.6535218636259' 'mated']
 ['F20' '57.48045904751829' 'mated']
 ['F86' '81.94871038732913' 'mated']
 ['F84' '95.51669847186673' 'mated']
 ['F94' '146.25969781874727' 'destroyed']
 ['F85' '147.76187292922677' 'destroyed']
 ['F173' '149.05801050122807' 'destroyed']
 ['F93' '159.02357570500374' 'mated']
 ['F12' '163.73248714671863' 'destroyed']
 ['F141' '186.8828692773797' 'absent']
 ['F132' '226.0191971581188' 'mated']
 ['F153' '237.1634413562522' 'mated']
 ['F130' '282.54598208871556' 'mated']
 ['F27' '325.0313636301777' 'absent']]",572.0,68.87161399342992,13.942183400965433,1207.0,203.7047406323602,44.3001082672573,514.0,86.16785500035846,18.562256733918428,10.0,0.9999999999999999,0.10000000000000003,77.0,0.3564814814814817,0.0016503772290809313
20,0.054,9,360.1728288512635,"[['6' '0.1586883791780452' 'present']
 ['16' '1.6867242241563118' 'present']
 ['15' '2.354263836470494' 'present']
 ['7' '16.71417567704465' 'present']
 ['14' '18.093926616585016' 'marauded']
 ['7' '25.810618956380882' 'present']
 ['2' '31.023166641640593' 'present']
 ['11' '32.9367529222407' 'present']
 ['16' '33.942383520198035' 'marauded']
 ['6' '37.42363381556892' 'presentdestroyed']
 ['15' '41.551357250924795' 'present']
 ['21' '54.437884252519716' 'present']
 ['14' '63.18647636093181' 'marauded']
 ['7' '63.543364275414795' 'presentdestroyed']
 ['14' '74.05851771809631' 'present']
 ['15' '82.4499028340524' 'present']
 ['19' '86.53868255169095' 'present']
 ['0' '97.6542043730184' 'present']
 ['14' '100.11792076088543' 'present']
 ['5' '100.2704033220746' 'present']
 ['11' '100.80754156403594' 'present']
 ['21' '101.35302065924412' 'marauded']
 ['13' '102.84128263707655' 'presentdestroyed']
 ['9' '104.62215527685687' 'presentdestroyed']
 ['23' '111.97438264070082' 'present']
 ['22' '112.3051538678695' 'present']
 ['0' '114.65790709961843' 'present']
 ['19' '118.21807015416779' 'marauded']
 ['6' '121.04565236835109' 'destroyed']
 ['15' '121.93900598517378' 'presentdestroyed']
 ['23' '128.94445957777683' 'present']
 ['23' '129.31284711466725' 'present']
 ['11' '130.37834253582093' 'present']
 ['0' '131.61439645735908' 'present']
 ['14' '141.53028822576772' 'present']
 ['23' '155.50837485832483' 'present']
 ['13' '160.0243405364241' 'present']
 ['12' '167.46356250053074' 'present']
 ['10' '172.24277031248647' 'present']
 ['23' '191.57282361095469' 'marauded']
 ['16' '193.5980374000839' 'presentdestroyed']
 ['22' '198.9111290613079' 'presentdestroyed']
 ['8' '201.0563345916261' 'present']
 ['2' '208.42761862401346' 'marauded']
 ['5' '210.33236568812637' 'presentdestroyed']
 ['3' '213.41832962141683' 'destroyed']
 ['16' '216.7650559867469' 'present']
 ['0' '223.86998913108908' 'present']
 ['17' '224.76804668634838' 'present']
 ['12' '232.27383122689065' 'present']
 ['2' '232.88035852974485' 'present']
 ['19' '235.28889267364' 'present']
 ['5' '241.9354626283632' 'present']
 ['7' '243.61378529425807' 'present']
 ['15' '247.84015346473825' 'marauded']
 ['7' '265.85735146845013' 'present']
 ['8' '266.51815569874464' 'marauded']
 ['6' '284.71720541430295' 'present']
 ['19' '286.73652549089525' 'present']
 ['19' '288.14652663000584' 'present']
 ['22' '292.20136242937366' 'present']
 ['23' '312.37621877278883' 'present']
 ['23' '313.63953195258233' 'present']
 ['14' '314.4029141446244' 'present']
 ['16' '314.4376434049944' 'present']
 ['0' '321.4736974904733' 'present']
 ['23' '323.9693837812286' 'present']
 ['19' '335.1618170989289' 'marauded']
 ['0' '348.2255100175264' 'present']
 ['3' '349.7910253155465' 'marauded']
 ['11' '350.45898593722075' 'presentdestroyed']]","[['F40' '50.26631111607271' 'mated']
 ['F53' '59.367127345932246' 'mated']
 ['F96' '81.09996848129065' 'mated']
 ['F179' '97.0168085923858' 'mated']
 ['F149' '106.83406585201304' 'destroyed']
 ['F66' '124.40573947675847' 'destroyed']
 ['F175' '139.75440112147274' 'mated']
 ['F82' '158.48107551937753' 'absent']
 ['F202' '187.31691422599567' 'mated']
 ['F57' '204.97741487183853' 'mated']
 ['F114' '205.18261514448466' 'mated']
 ['F143' '214.23347901133445' 'absentdestroyed']
 ['F58' '224.2782166598416' 'mated']
 ['F132' '226.016882343304' 'absent']
 ['F5' '268.90035524389606' 'destroyed']
 ['F73' '348.99731094101645' 'absent']]",579.0,72.64433861730916,14.30876723981664,1324.0,218.58421173655873,45.874747365897754,400.0,67.48157935595344,14.278989214530693,10.0,0.9999999999999999,0.10000000000000003,63.0,0.2916666666666666,0.0013503086419753075
21,0.054,5,359.7457195189029,"[['10' '2.3137126826933314' 'present']
 ['2' '10.972357534293616' 'present']
 ['13' '11.289506667685236' 'marauded']
 ['7' '12.448277702789335' 'presentdestroyed']
 ['22' '22.554952312306263' 'present']
 ['11' '25.246608880304954' 'marauded']
 ['23' '27.14411211708453' 'presentdestroyed']
 ['6' '33.88414783147484' 'marauded']
 ['3' '42.544761353761274' 'present']
 ['13' '43.93720834694606' 'present']
 ['22' '44.26461688801407' 'marauded']
 ['13' '45.233842305662506' 'presentdestroyed']
 ['8' '48.516650151803134' 'presentdestroyed']
 ['20' '50.05303490937803' 'presentdestroyed']
 ['0' '50.81994352293295' 'presentdestroyed']
 ['19' '51.37428351187097' 'presentdestroyed']
 ['8' '52.12774601535019' 'present']
 ['23' '62.53715300730286' 'present']
 ['10' '65.50975692188617' 'present']
 ['22' '75.83889518349763' 'present']
 ['17' '105.80803721232407' 'marauded']
 ['11' '109.16376205651977' 'presentdestroyed']
 ['23' '121.12320286160136' 'marauded']
 ['9' '123.7106310310319' 'presentdestroyed']
 ['15' '128.02922870749424' 'presentdestroyed']
 ['15' '128.91541825321133' 'present']
 ['17' '138.81737649987795' 'present']
 ['8' '145.46565544141885' 'present']
 ['23' '148.58876378941457' 'present']
 ['11' '151.99353008312426' 'marauded']
 ['2' '155.72094732253657' 'presentdestroyed']
 ['13' '157.67356799321453' 'presentdestroyed']
 ['20' '158.90538100558294' 'destroyed']
 ['13' '174.84773292650235' 'present']
 ['2' '185.66889397797712' 'present']
 ['20' '191.13570495557815' 'marauded']
 ['14' '216.44305122847393' 'marauded']
 ['13' '220.07129817030926' 'presentdestroyed']
 ['9' '220.31126268455765' 'presentdestroyed']
 ['13' '224.36873272633238' 'present']
 ['9' '227.9093214190791' 'present']
 ['15' '230.87506643548602' 'marauded']
 ['17' '251.76520207122726' 'marauded']
 ['2' '252.54098444712864' 'destroyed']
 ['16' '254.58986926804963' 'presentdestroyed']
 ['15' '258.04690778149325' 'presentdestroyed']
 ['18' '265.3926169564135' 'present']
 ['5' '284.1556652760513' 'marauded']
 ['23' '290.30953830977' 'presentdestroyed']
 ['16' '292.63277365446845' 'present']
 ['20' '292.7937086526398' 'present']
 ['0' '296.4833481711961' 'present']
 ['18' '296.6843698124937' 'marauded']
 ['18' '298.5629889350092' 'presentdestroyed']
 ['15' '303.39730408552896' 'presentdestroyed']
 ['22' '305.72116580422505' 'present']
 ['13' '317.1502979933143' 'present']
 ['18' '318.5867854264088' 'present']
 ['14' '321.37919589954777' 'present']
 ['16' '324.50212146682105' 'present']
 ['20' '327.51639085911046' 'present']
 ['9' '330.44295710349513' 'present']
 ['11' '341.97769571442393' 'present']
 ['7' '350.26903459186775' 'present']]","[['F28' '12.103956975117239' 'destroyed']
 ['F162' '15.556820679883264' 'destroyed']
 ['F9' '50.711962516609915' 'destroyed']
 ['F33' '67.06226958147359' 'mated']
 ['F160' '72.3503129669455' 'mated']
 ['F149' '106.83638066682785' 'destroyed']
 ['F146' '110.84448209835622' 'destroyed']
 ['F194' '118.84820186459913' 'mated']
 ['F12' '163.73480196153344' 'mated']
 ['F19' '178.05117031113113' 'absent']
 ['F105' '207.09537854029827' 'absent']
 ['F14' '349.82367914989084' 'mated']]",565.0,70.1903276242202,14.915060723689898,1234.0,208.55090999817196,44.77556164852224,473.0,79.44122055909004,17.018922741473837,15.0,1.5000000000000002,0.15000000000000008,69.0,0.3194444444444445,0.0014789094650205748
22,0.054,9,360.27611250135,"[['6' '14.092413492361358' 'marauded']
 ['12' '19.988107187444538' 'presentdestroyed']
 ['20' '32.749527359678076' 'marauded']
 ['7' '50.73289444954878' 'present']
 ['8' '52.132375644979824' 'present']
 ['0' '56.91156404329017' 'present']
 ['15' '58.365105376962426' 'present']
 ['14' '61.11184338465216' 'present']
 ['15' '62.74279197174287' 'marauded']
 ['21' '65.11233783833683' 'presentdestroyed']
 ['12' '67.49553574444423' 'presentdestroyed']
 ['19' '67.83097763912865' 'presentdestroyed']
 ['19' '68.80637519792546' 'presentdestroyed']
 ['18' '71.51572438070505' 'present']
 ['14' '72.25065253411704' 'present']
 ['23' '77.83422553871831' 'present']
 ['7' '78.79915934297684' 'marauded']
 ['20' '92.0409866907385' 'marauded']
 ['7' '94.18752825130238' 'presentdestroyed']
 ['7' '98.26342143045504' 'presentdestroyed']
 ['2' '99.96933691753594' 'present']
 ['11' '114.91784676426596' 'present']
 ['18' '116.10711907765108' 'present']
 ['6' '118.2270031084947' 'present']
 ['7' '124.7182870425433' 'present']
 ['17' '128.86928420246664' 'present']
 ['15' '135.56698291989582' 'marauded']
 ['11' '138.82499258541287' 'destroyed']
 ['7' '144.31709810674474' 'present']
 ['9' '146.9516538857673' 'present']
 ['10' '148.49519894580789' 'marauded']
 ['12' '159.67774433433382' 'marauded']
 ['11' '162.35257753906475' 'presentdestroyed']
 ['12' '165.6285781013597' 'presentdestroyed']
 ['11' '168.57139631166802' 'present']
 ['10' '181.76041312897212' 'present']
 ['14' '197.4084832007203' 'present']
 ['15' '203.42371242460368' 'present']
 ['17' '206.0439113972983' 'present']
 ['13' '211.8964218501331' 'present']
 ['21' '214.36130114028472' 'present']
 ['10' '225.46070737393399' 'present']
 ['15' '228.6170386985686' 'present']
 ['3' '231.1793724462414' 'marauded']
 ['11' '233.0061972811973' 'presentdestroyed']
 ['3' '237.22065875911377' 'destroyed']
 ['23' '239.06283890120628' 'presentdestroyed']
 ['8' '241.72567414241436' 'present']
 ['20' '243.99833606798683' 'present']
 ['9' '248.73297986987646' 'present']
 ['0' '262.36985599822697' 'present']
 ['21' '273.3012513654533' 'present']
 ['0' '278.9418525361113' 'present']
 ['23' '289.7465351990544' 'present']
 ['2' '290.0818940624996' 'present']
 ['14' '313.8736157320515' 'present']
 ['2' '320.92259632248977' 'present']
 ['8' '330.6002552993176' 'present']
 ['6' '331.9249006994811' 'present']
 ['8' '334.14249671610895' 'present']
 ['18' '335.8307453185951' 'present']
 ['0' '339.60419086545164' 'present']
 ['20' '344.22506308835307' 'present']
 ['16' '351.7232404362455' 'present']]","[['F0' '55.558948871541254' 'mated']
 ['F48' '72.22238756756423' 'mated']
 ['F15' '88.88800121622796' 'absent']
 ['F159' '93.6532069331537' 'destroyed']
 ['F61' '107.82334694446455' 'mated']
 ['F146' '110.84911172798584' 'mated']
 ['F66' '124.40342466194366' 'absent']
 ['F113' '127.01266352177733' 'mated']
 ['F180' '128.86959220456015' 'mated']
 ['F66' '136.4149987360177' 'absentdestroyed']
 ['F151' '140.40058272184461' 'destroyed']
 ['F208' '154.82490601107864' 'destroyed']
 ['F123' '162.07600263167623' 'destroyed']
 ['F148' '173.35911649560495' 'mated']
 ['F205' '234.12839355322316' 'destroyed']
 ['F138' '241.90399590241043' 'absent']
 ['F109' '300.230717424532' 'mated']
 ['F167' '346.68247300943995' 'mated']]",588.0,71.8008772936218,15.010864837703611,1357.0,231.37282493538922,49.85888321930728,319.0,55.20013271975587,11.900691614676788,13.0,1.3,0.13000000000000006,76.0,0.351851851851852,0.0016289437585733867
23,0.054,13,360.36983092528055,"[['0' '3.1438875392594916' 'marauded']
 ['21' '5.096394122807479' 'presentdestroyed']
 ['20' '8.126100300497473' 'presentdestroyed']
 ['6' '14.087783862731728' 'present']
 ['7' '28.183712757560347' 'present']
 ['15' '30.079555897629376' 'present']
 ['18' '30.766933553788252' 'present']
 ['7' '34.886427679645855' 'present']
 ['10' '35.08998115295004' 'present']
 ['7' '36.019739932072945' 'present']
 ['19' '49.538626872879846' 'present']
 ['7' '57.35845537468325' 'present']
 ['16' '76.16026128484114' 'present']
 ['13' '77.15589113965812' 'present']
 ['13' '84.87139915461707' 'present']
 ['3' '94.08463922245416' 'marauded']
 ['12' '102.75638532264331' 'present']
 ['10' '111.03251728112207' 'present']
 ['16' '116.18322608494738' 'present']
 ['16' '116.84044775777485' 'present']
 ['3' '118.31298860015231' 'present']
 ['10' '131.08242465181354' 'present']
 ['0' '152.91958368361233' 'present']
 ['19' '154.94400692276903' 'present']
 ['20' '156.43692556068908' 'present']
 ['5' '174.20031313843347' 'present']
 ['2' '185.67352360760674' 'present']
 ['20' '187.98954184294928' 'present']
 ['2' '201.77221422017269' 'present']
 ['16' '204.8998032312213' 'marauded']
 ['9' '210.28091225302867' 'presentdestroyed']
 ['14' '212.34033173367143' 'destroyed']
 ['10' '240.12286574135402' 'present']
 ['20' '246.03530003599352' 'marauded']
 ['20' '246.99756684992025' 'presentdestroyed']
 ['14' '247.2142756785635' 'presentdestroyed']
 ['7' '264.8949232911718' 'marauded']
 ['6' '266.2272177512396' 'presentdestroyed']
 ['14' '270.1994058918296' 'destroyed']
 ['3' '275.93078065471354' 'present']
 ['17' '277.53044488245877' 'present']
 ['9' '279.0223319343658' 'present']
 ['0' '290.4716840488342' 'present']
 ['22' '298.671103526949' 'marauded']
 ['16' '299.9110882251424' 'presentdestroyed']
 ['6' '304.2902716130453' 'presentdestroyed']
 ['5' '305.25020604201904' 'presentdestroyed']
 ['19' '338.10097334694694' 'marauded']
 ['12' '347.84630837539993' 'marauded']
 ['17' '354.4549164082373' 'presentdestroyed']
 ['14' '356.01822906647556' 'marauded']]","[['F144' '1.9377078881226506' 'mated']
 ['F9' '50.71427733142473' 'mated']
 ['F206' '68.22069014705218' 'mated']
 ['F121' '110.10356423350024' 'mated']
 ['F31' '139.31691733327597' 'mated']
 ['F203' '166.54081447379016' 'mated']
 ['F169' '169.56034773419012' 'mated']
 ['F181' '172.36032629118458' 'mated']
 ['F115' '180.1498009075384' 'mated']
 ['F105' '207.09306372548346' 'destroyed']
 ['F103' '212.32722108161147' 'absentdestroyed']
 ['F199' '231.55825048087718' 'mated']
 ['F138' '241.90631071722524' 'mated']
 ['F5' '268.9026700587109' 'destroyed']
 ['F214' '283.5284666393914' 'mated']
 ['F189' '303.29308068756455' 'absentdestroyed']
 ['F97' '314.25338529363177' 'absent']
 ['F156' '316.90523684099776' 'mated']]",577.0,69.61743168197489,14.283101451788669,1407.0,236.8293689299035,50.60930045388772,301.0,52.103055006477696,11.379426167096295,11.0,1.0999999999999999,0.11000000000000004,86.0,0.39814814814814853,0.0018432784636488323
