id,probability_maraud,successful_mating,next_foraging_time,mar_attempts,mate_attempts,foraging_events,foraging_hrs,foraging_sqhrs,staying_events,staying_hrs,staying_sqhrs,repairing_events,repairing_hrs,repairing_sqhrs,marauding_events,marauding_hrs,marauding_sqhrs,traveling_events,traveling_hrs,traveling_sqhrs
0,0.054,10,360.2504663387869,"[['11' '0.20108434703634268' 'marauded']
 ['2' '0.7044571477435978' 'presentdestroyed']
 ['22' '0.9929625367683769' 'presentdestroyed']
 ['9' '2.04354736070445' 'presentdestroyed']
 ['19' '13.330192391681353' 'present']
 ['11' '17.441443072651108' 'present']
 ['22' '18.320562335036364' 'present']
 ['7' '26.1018968611174' 'marauded']
 ['1' '35.580674988462974' 'present']
 ['11' '41.17847452184194' 'marauded']
 ['21' '57.39015081310482' 'marauded']
 ['4' '64.21447433942524' 'presentdestroyed']
 ['20' '70.60906125907411' 'present']
 ['13' '73.50277086751572' 'present']
 ['3' '78.45469377495041' 'present']
 ['9' '81.26017631649371' 'present']
 ['7' '85.95589006496681' 'marauded']
 ['19' '87.0762688782745' 'presentdestroyed']
 ['9' '88.3790526162439' 'presentdestroyed']
 ['16' '90.37811243329168' 'presentdestroyed']
 ['14' '93.88266982956073' 'present']
 ['2' '100.81583420456796' 'present']
 ['7' '101.29550691001546' 'present']
 ['15' '101.50492918633617' 'marauded']
 ['22' '109.4128070543319' 'present']
 ['18' '123.95254315429372' 'present']
 ['13' '128.91890399576926' 'marauded']
 ['21' '129.2377100962641' 'presentdestroyed']
 ['15' '129.4044481402679' 'presentdestroyed']
 ['18' '130.4716190756092' 'presentdestroyed']
 ['14' '132.58219691741303' 'presentdestroyed']
 ['3' '132.86427288263855' 'destroyed']
 ['8' '135.03719206276128' 'presentdestroyed']
 ['11' '138.91050851658247' 'present']
 ['15' '146.27977503971593' 'marauded']
 ['11' '162.9429348204794' 'present']
 ['23' '171.21563038044388' 'present']
 ['15' '173.0593215520026' 'present']
 ['22' '176.39936814829974' 'present']
 ['19' '189.73984913558257' 'present']
 ['7' '194.9285226718602' 'marauded']
 ['22' '197.32109963901726' 'presentdestroyed']
 ['7' '220.58085753170445' 'present']
 ['10' '233.56378326820717' 'present']
 ['15' '246.2307534263658' 'present']
 ['17' '246.67618509385872' 'marauded']
 ['12' '250.88798832686263' 'presentdestroyed']
 ['11' '252.55838814484142' 'presentdestroyed']
 ['12' '269.1294562008501' 'marauded']
 ['1' '269.73643201470475' 'presentdestroyed']
 ['11' '274.30330854659167' 'presentdestroyed']
 ['23' '278.30910186631945' 'present']
 ['13' '282.69252582112114' 'present']
 ['13' '283.9456041333942' 'present']
 ['4' '287.9562976817006' 'present']
 ['21' '290.4269033565545' 'present']
 ['4' '292.9823345700618' 'present']
 ['2' '296.9950253051554' 'present']
 ['10' '305.1605096099022' 'present']
 ['16' '307.5328535991799' 'present']
 ['8' '316.06850050442915' 'marauded']
 ['11' '343.8999993323737' 'present']
 ['21' '351.5815725784428' 'marauded']
 ['2' '354.28018104630166' 'presentdestroyed']
 ['20' '354.90793054110446' 'presentdestroyed']
 ['21' '359.47883615995676' 'present']]","[['F13' '51.21068491358998' 'mated']
 ['F58' '66.06098313270954' 'mated']
 ['F184' '123.75458989237846' 'absent']
 ['F125' '148.4992923797857' 'destroyed']
 ['F68' '174.7523417163599' 'absent']
 ['F149' '175.09639753868086' 'mated']
 ['F84' '192.0705796691885' 'mated']
 ['F127' '203.55644617661093' 'mated']
 ['F11' '215.7795740428902' 'absent']
 ['F88' '256.81201908915585' 'mated']
 ['F9' '256.81727981230296' 'mated']
 ['F185' '300.9223682461919' 'mated']
 ['F66' '303.61557354374753' 'mated']
 ['F187' '315.9929116802496' 'mated']
 ['F190' '341.1030128236075' 'absent']]",554.0,68.38415132201831,13.894661068058213,1249.0,211.81110602149658,45.65951947152808,469.0,79.11284321971299,16.82505413258569,5.0,0.5,0.05000000000000001,68.0,0.3148148148148148,0.0014574759945130303
1,0.054,18,360.4332582016361,"[['4' '3.2698002367198677' 'present']
 ['18' '4.213469130608573' 'marauded']
 ['13' '25.565311044256877' 'present']
 ['9' '26.39376956078224' 'present']
 ['15' '29.76512683033121' 'present']
 ['18' '31.435018503551547' 'present']
 ['12' '34.4933775119716' 'present']
 ['17' '41.36673940518446' 'present']
 ['10' '45.911107034149424' 'present']
 ['16' '48.495774840498136' 'present']
 ['15' '49.0947796158207' 'present']
 ['8' '50.04921351452136' 'present']
 ['17' '53.53876283871669' 'present']
 ['15' '56.37078000795508' 'present']
 ['19' '64.4133646096394' 'present']
 ['9' '64.60360441232834' 'present']
 ['19' '68.67606972282452' 'present']
 ['18' '77.13216721931109' 'present']
 ['4' '77.96060186535512' 'present']
 ['3' '80.24176652851386' 'present']
 ['22' '81.68227031700711' 'present']
 ['20' '88.98160265545143' 'marauded']
 ['22' '92.37480894308412' 'presentdestroyed']
 ['17' '93.3706916173078' 'presentdestroyed']
 ['23' '108.56391506366587' 'present']
 ['16' '109.8041764884956' 'marauded']
 ['0' '110.53671796116915' 'presentdestroyed']
 ['20' '125.83499994927284' 'present']
 ['18' '128.913449577781' 'present']
 ['17' '140.95924968187958' 'present']
 ['3' '144.46136348863425' 'present']
 ['16' '148.7501963213669' 'present']
 ['23' '160.11052955547353' 'present']
 ['11' '160.33321413211166' 'present']
 ['4' '160.8487053378153' 'present']
 ['10' '163.07561729892333' 'present']
 ['14' '163.38225420111849' 'present']
 ['17' '171.53512145918305' 'present']
 ['0' '179.1901981897797' 'present']
 ['19' '180.61369871867518' 'present']
 ['16' '183.46435049330117' 'present']
 ['22' '199.58751891584924' 'present']
 ['14' '200.4679790737547' 'present']
 ['2' '203.02219150547302' 'present']
 ['12' '205.34884474767267' 'present']
 ['19' '206.28372975571034' 'marauded']
 ['8' '209.7749975741419' 'presentdestroyed']
 ['17' '211.7854987369518' 'presentdestroyed']
 ['18' '216.62092407789683' 'present']
 ['17' '217.08985331987503' 'present']
 ['12' '221.4046363142213' 'present']
 ['3' '224.98287534589662' 'present']
 ['16' '238.22689462284987' 'present']
 ['18' '241.28959234979897' 'present']
 ['16' '253.39712092693742' 'present']
 ['23' '268.3617158550495' 'present']
 ['9' '274.46739098519396' 'present']
 ['23' '280.6415158693234' 'present']
 ['18' '285.40628487654845' 'present']
 ['0' '288.28549620074483' 'present']
 ['15' '293.29363565047356' 'present']
 ['22' '295.9850252796953' 'present']
 ['10' '299.6642652289176' 'present']
 ['23' '304.3860510194274' 'present']
 ['16' '305.1426301892713' 'present']
 ['21' '321.9056908522698' 'present']
 ['17' '328.469625004459' 'present']
 ['14' '331.56903239340943' 'marauded']
 ['2' '335.76326754509233' 'presentdestroyed']
 ['13' '345.5518263099069' 'present']
 ['23' '351.3712360706769' 'present']
 ['15' '351.74170539613294' 'marauded']
 ['8' '355.0815004250909' 'presentdestroyed']
 ['22' '355.8152088142498' 'presentdestroyed']
 ['12' '356.0033715711165' 'destroyed']]","[['F122' '33.057556209593805' 'mated']
 ['F181' '113.2418520150364' 'destroyed']
 ['F147' '128.44943988565296' 'mated']
 ['F154' '129.26797582592405' 'mated']
 ['F102' '131.42947327197237' 'mated']
 ['F79' '163.14613877364638' 'mated']
 ['F167' '175.00467192765728' 'mated']
 ['F67' '175.95706722890762' 'mated']
 ['F169' '185.62762891336538' 'mated']
 ['F115' '205.77604453048772' 'mated']
 ['F20' '205.88005326780137' 'mated']
 ['F11' '215.781888857705' 'absent']
 ['F73' '233.56843630196218' 'mated']
 ['F3' '233.64805657913328' 'mated']
 ['F143' '252.11998384444544' 'mated']
 ['F1' '301.9650009288556' 'mated']
 ['F33' '325.9464530264116' 'mated']
 ['F206' '328.50838088080326' 'mated']
 ['F126' '340.24505405680003' 'mated']
 ['F123' '346.94190474652476' 'mated']]",571.0,67.92925982898655,13.556911558426187,1475.0,254.76495754072087,54.855547458059775,217.0,36.30234789334082,7.563729600262223,7.0,0.7,0.07,68.0,0.3148148148148148,0.0014574759945130303
2,0.054,10,360.0345574937594,"[['13' '0.5099134489813317' 'present']
 ['8' '3.083971884670113' 'marauded']
 ['10' '3.4254380419980546' 'presentdestroyed']
 ['3' '3.4588365213412375' 'presentdestroyed']
 ['22' '5.653899880663191' 'presentdestroyed']
 ['7' '9.729280120257826' 'presentdestroyed']
 ['11' '19.250793582380272' 'present']
 ['17' '37.92547695684325' 'present']
 ['14' '39.372403962306194' 'present']
 ['18' '50.367057115656124' 'present']
 ['19' '51.03292845548546' 'marauded']
 ['7' '55.4739030323132' 'presentdestroyed']
 ['20' '68.54762426241108' 'present']
 ['14' '68.87536129508344' 'present']
 ['23' '69.23925450017369' 'present']
 ['7' '71.31799456897211' 'present']
 ['8' '83.62395933718557' 'marauded']
 ['1' '100.76036084360638' 'present']
 ['20' '105.3766719396818' 'present']
 ['8' '109.44497514224469' 'present']
 ['22' '123.43576102792491' 'present']
 ['15' '131.016538645236' 'present']
 ['14' '132.77741921420846' 'present']
 ['3' '137.1368616356037' 'present']
 ['3' '138.8284814082332' 'marauded']
 ['14' '140.35178292159503' 'destroyed']
 ['9' '141.6304022808436' 'presentdestroyed']
 ['20' '142.148672917986' 'presentdestroyed']
 ['20' '143.0349530131621' 'presentdestroyed']
 ['9' '148.38682433318556' 'present']
 ['13' '155.84151662235294' 'present']
 ['18' '160.8232349202767' 'present']
 ['16' '178.22169406533945' 'present']
 ['20' '179.6251248763227' 'present']
 ['19' '191.94930890938758' 'present']
 ['11' '198.44212752092588' 'present']
 ['17' '202.02062129566687' 'present']
 ['4' '205.74979997920568' 'marauded']
 ['15' '212.85982508528824' 'presentdestroyed']
 ['20' '215.7719365519994' 'present']
 ['3' '222.43233492776196' 'marauded']
 ['11' '233.11154612742732' 'present']
 ['18' '238.66412922970105' 'present']
 ['15' '239.33190082753595' 'present']
 ['12' '250.89261795649224' 'present']
 ['10' '255.56963909648584' 'present']
 ['4' '275.5463803354377' 'present']
 ['20' '279.4766239939615' 'marauded']
 ['1' '280.0117798938102' 'destroyed']
 ['0' '286.2248400570725' 'presentdestroyed']
 ['14' '291.57594139559177' 'present']
 ['8' '292.33013064479985' 'present']
 ['7' '297.9451234254043' 'present']
 ['17' '302.1649591711353' 'present']
 ['20' '313.83373941908275' 'marauded']
 ['7' '325.6236078615506' 'present']
 ['16' '328.88856400031034' 'present']
 ['13' '341.1183017008957' 'present']
 ['9' '343.3383148994311' 'present']]","[['F82' '33.292557694074056' 'mated']
 ['F81' '46.710127133117346' 'mated']
 ['F209' '116.98626419340904' 'mated']
 ['F57' '126.84981420241344' 'mated']
 ['F41' '182.31932399932145' 'mated']
 ['F12' '198.5237407895843' 'mated']
 ['F180' '201.56869408086177' 'mated']
 ['F93' '234.85721544842806' 'mated']
 ['F55' '299.44368175242533' 'mated']
 ['F190' '341.10532763842235' 'mated']]",587.0,70.09897151966986,14.549326419112308,1394.0,239.51908225932186,52.34706410596399,297.0,49.00927288019088,10.626318707339806,10.0,0.9999999999999999,0.10000000000000003,86.0,0.39814814814814853,0.0018432784636488323
3,0.054,11,360.23158660749476,"[['10' '3.434697301257314' 'present']
 ['22' '4.875137316328258' 'marauded']
 ['18' '10.87820641460952' 'presentdestroyed']
 ['21' '13.778773096017924' 'present']
 ['2' '31.5894101442521' 'present']
 ['16' '31.688741675801246' 'marauded']
 ['10' '34.628147834731564' 'destroyed']
 ['10' '38.33378177158062' 'presentdestroyed']
 ['0' '38.83981427597989' 'presentdestroyed']
 ['4' '41.18057748057901' 'present']
 ['10' '41.71268086929611' 'present']
 ['4' '50.3389742107779' 'present']
 ['17' '51.16604938693545' 'present']
 ['11' '55.14201057165768' 'present']
 ['10' '65.67190947308076' 'present']
 ['18' '66.63598799848454' 'present']
 ['23' '67.07342365025951' 'present']
 ['14' '70.29719859226095' 'present']
 ['15' '72.889044213727' 'present']
 ['21' '75.44494391561071' 'present']
 ['8' '81.2275940267973' 'present']
 ['13' '87.53434674551686' 'marauded']
 ['7' '88.3954001424156' 'presentdestroyed']
 ['12' '95.1037448055772' 'destroyed']
 ['17' '96.3522556094164' 'present']
 ['7' '97.70258712268723' 'marauded']
 ['15' '107.15355040288519' 'present']
 ['17' '121.83668972190412' 'present']
 ['7' '124.12277024157557' 'marauded']
 ['8' '126.05721793249066' 'presentdestroyed']
 ['20' '128.982134284038' 'presentdestroyed']
 ['4' '143.92111805888496' 'present']
 ['1' '148.74621883463774' 'present']
 ['20' '150.071288386798' 'present']
 ['9' '150.09288741861735' 'present']
 ['2' '154.22084624187067' 'present']
 ['17' '163.3396923728504' 'present']
 ['7' '164.42162328390188' 'present']
 ['13' '167.03726767299446' 'present']
 ['22' '167.12962542720405' 'marauded']
 ['1' '171.3573052073994' 'presentdestroyed']
 ['14' '172.53797419766923' 'presentdestroyed']
 ['20' '179.62049524669308' 'present']
 ['21' '189.7994100064914' 'marauded']
 ['22' '214.00169574714423' 'marauded']
 ['22' '216.35329317561462' 'presentdestroyed']
 ['14' '219.43622376205425' 'destroyed']
 ['12' '221.40926594385093' 'presentdestroyed']
 ['18' '223.51573670570372' 'present']
 ['17' '234.769158024064' 'present']
 ['2' '238.21070498169408' 'present']
 ['14' '247.266315840438' 'present']
 ['1' '251.1670221301704' 'present']
 ['19' '251.2042236238833' 'present']
 ['13' '254.85504506638475' 'present']
 ['15' '257.21387214881753' 'present']
 ['12' '264.3201533617283' 'present']
 ['17' '271.9606381413491' 'present']
 ['9' '274.47202061482363' 'present']
 ['21' '275.65612600825716' 'present']
 ['14' '280.5209412086094' 'marauded']
 ['14' '284.20546671226566' 'presentdestroyed']
 ['19' '288.7369894516604' 'presentdestroyed']
 ['22' '296.2254821857036' 'present']
 ['7' '297.3399211219319' 'marauded']
 ['17' '297.92280870449963' 'presentdestroyed']
 ['15' '298.8005483388272' 'presentdestroyed']
 ['1' '301.01545623322477' 'presentdestroyed']
 ['10' '305.77214777175925' 'present']
 ['10' '312.1886329419119' 'present']
 ['8' '327.8825022240834' 'present']
 ['21' '329.74736880340373' 'present']
 ['18' '333.3543297986247' 'present']
 ['0' '336.2794597950083' 'present']
 ['0' '344.71453273190326' 'present']
 ['22' '355.70872462957726' 'present']]","[['F128' '56.78302354563552' 'mated']
 ['F32' '79.50171663777311' 'mated']
 ['F162' '111.33926302894118' 'mated']
 ['F181' '113.24416682985121' 'mated']
 ['F104' '125.97472587423135' 'destroyed']
 ['F16' '126.47311310301819' 'destroyed']
 ['F108' '143.43495092729069' 'mated']
 ['F125' '148.5016071946005' 'mated']
 ['F59' '170.6892918264976' 'absentdestroyed']
 ['F197' '172.00484397280755' 'destroyed']
 ['F169' '185.62531409855058' 'absent']
 ['F114' '201.44733965074414' 'absent']
 ['F10' '208.50580625797804' 'mated']
 ['F43' '210.72773699177336' 'mated']
 ['F175' '226.51751954258162' 'mated']
 ['F171' '268.994164176326' 'mated']
 ['F71' '271.9782787112179' 'mated']
 ['F132' '282.09799160358455' 'destroyed']
 ['F100' '297.9624456964541' 'absentdestroyed']]",582.0,73.74685499223976,15.916695632781602,1331.0,223.63628317919523,47.892938237232926,356.0,60.85559549113278,12.994693506152617,14.0,1.4000000000000001,0.14000000000000007,80.0,0.3703703703703706,0.001714677640603565
4,0.054,6,360.31100366505956,"[['13' '1.9584570503166474' 'present']
 ['19' '5.072908937695405' 'present']
 ['13' '7.017158148002586' 'present']
 ['0' '13.861445449782963' 'present']
 ['3' '18.388998860783804' 'present']
 ['17' '25.6239340050424' 'present']
 ['19' '33.664457765553784' 'present']
 ['22' '49.20876034819729' 'present']
 ['13' '51.17537626218792' 'present']
 ['23' '54.10673919651687' 'present']
 ['23' '55.99035898497697' 'marauded']
 ['18' '67.12821371315238' 'present']
 ['3' '78.87585723771168' 'marauded']
 ['0' '79.94799906312808' 'destroyed']
 ['7' '93.75858931214465' 'present']
 ['12' '94.71662494146175' 'present']
 ['2' '98.22662011378243' 'present']
 ['8' '107.88600137976111' 'present']
 ['2' '107.96098839324421' 'present']
 ['10' '113.50969176300252' 'present']
 ['3' '118.07757559135658' 'present']
 ['22' '123.11644267858036' 'present']
 ['19' '126.365855015876' 'present']
 ['2' '134.50581778948217' 'present']
 ['10' '138.65909863184814' 'present']
 ['3' '162.83827251262468' 'present']
 ['2' '167.9792864939822' 'present']
 ['15' '177.48627553391657' 'marauded']
 ['21' '180.04985848962457' 'presentdestroyed']
 ['2' '180.67599117710662' 'presentdestroyed']
 ['23' '185.90001481469454' 'present']
 ['7' '194.9238930422306' 'present']
 ['12' '210.92302865756298' 'present']
 ['8' '213.35337803312092' 'present']
 ['8' '221.41080300523245' 'present']
 ['15' '223.71917239635144' 'present']
 ['11' '225.9507899725254' 'present']
 ['15' '233.41609789082432' 'marauded']
 ['20' '233.8431557034007' 'presentdestroyed']
 ['2' '238.2153346113237' 'presentdestroyed']
 ['16' '245.26574144724432' 'present']
 ['11' '245.7174368720967' 'present']
 ['9' '255.40429644057414' 'marauded']
 ['3' '269.3760193213909' 'present']
 ['1' '271.82297627576236' 'present']
 ['18' '278.8427386493626' 'present']
 ['0' '280.39910378773584' 'present']
 ['21' '281.1088173164135' 'present']
 ['19' '281.85219960825503' 'present']
 ['0' '283.0267013878008' 'present']
 ['21' '297.63871003875227' 'present']
 ['8' '301.0357837835451' 'present']
 ['14' '302.1748336513555' 'present']
 ['13' '304.54133735178135' 'present']
 ['1' '312.56488722126034' 'present']
 ['13' '321.90175138792193' 'present']
 ['2' '323.15215784007074' 'present']
 ['0' '325.7601745625927' 'present']
 ['1' '331.279380415676' 'present']
 ['18' '332.15426561635735' 'present']
 ['17' '339.7643518299983' 'present']
 ['18' '342.2288786834886' 'present']
 ['19' '352.1468645797939' 'present']
 ['22' '355.71335425920694' 'present']]","[['F163' '25.90074161868623' 'mated']
 ['F195' '31.97467836108428' 'mated']
 ['F17' '57.36263660478152' 'destroyed']
 ['F134' '136.08605107057411' 'mated']
 ['F130' '169.6369708252857' 'mated']
 ['F30' '179.41304281749618' 'absentdestroyed']
 ['F155' '231.9015713615756' 'mated']
 ['F132' '282.1003064183994' 'mated']
 ['F185' '300.9200534313771' 'absent']]",563.0,71.47372899082124,14.746654807604559,1507.0,256.5385413692096,55.36047419199067,172.0,30.41690681678149,6.776134175001968,13.0,1.3,0.13000000000000006,76.0,0.351851851851852,0.0016289437585733867
5,0.0,4,359.9660261965742,"[['20' '2.799896750575172' 'present']
 ['13' '3.440218356430323' 'present']
 ['17' '5.290054121012007' 'present']
 ['15' '5.313654027130692' 'present']
 ['14' '11.505684275032642' 'present']
 ['8' '14.904675582697806' 'marauded']
 ['14' '15.695777444694665' 'presentdestroyed']
 ['8' '16.782710284182528' 'presentdestroyed']
 ['15' '19.61890043918669' 'presentdestroyed']
 ['1' '22.95935922903667' 'present']
 ['10' '22.998392893103475' 'present']
 ['7' '26.206526490747027' 'present']
 ['9' '29.910898448231826' 'marauded']
 ['21' '40.236719042943314' 'present']
 ['14' '44.46358358986992' 'present']
 ['7' '50.3534296917148' 'marauded']
 ['7' '52.78964344306135' 'destroyed']
 ['19' '55.377918499801545' 'presentdestroyed']
 ['22' '62.39723823901378' 'present']
 ['21' '74.23350796580743' 'present']
 ['12' '79.33800624471313' 'present']
 ['18' '80.34814216250653' 'marauded']
 ['21' '84.92928706830591' 'presentdestroyed']
 ['20' '88.0028546461205' 'present']
 ['10' '96.30090808053099' 'present']
 ['20' '107.99558096533168' 'present']
 ['2' '110.27944221263657' 'marauded']
 ['12' '114.54114302015176' 'destroyed']
 ['10' '119.82317667050047' 'present']
 ['16' '122.52255661551979' 'marauded']
 ['13' '123.90297016507625' 'presentdestroyed']
 ['2' '130.67904577259628' 'present']
 ['9' '133.9657456458222' 'present']
 ['10' '136.5964296735713' 'present']
 ['17' '137.9954913569877' 'present']
 ['0' '140.6293322198382' 'present']
 ['17' '143.14984335707805' 'present']
 ['3' '148.37826932303662' 'marauded']
 ['16' '148.5568999131697' 'destroyed']
 ['14' '148.9193982001845' 'destroyed']
 ['10' '149.56648761570509' 'presentdestroyed']
 ['8' '150.13184629887877' 'destroyed']
 ['1' '151.7995866779083' 'destroyed']
 ['19' '152.9209173809095' 'presentdestroyed']
 ['4' '159.26553231542033' 'present']
 ['4' '160.8533349674449' 'present']
 ['22' '161.08568189924475' 'present']
 ['8' '168.37339096467434' 'present']
 ['14' '169.65567567878827' 'present']
 ['8' '182.0009700168355' 'present']
 ['18' '182.7143686135009' 'present']
 ['10' '183.43100178795748' 'present']
 ['7' '191.0824339408171' 'marauded']
 ['15' '205.33041601103176' 'present']
 ['3' '209.27344846029513' 'present']
 ['16' '210.0977572262854' 'present']
 ['1' '215.39871205845708' 'present']
 ['7' '221.24326563578308' 'present']
 ['15' '224.7742317625597' 'present']
 ['10' '238.11744258814736' 'present']
 ['11' '240.81436512869547' 'present']
 ['1' '250.5309558065541' 'present']
 ['13' '254.75041543675513' 'marauded']
 ['2' '258.9831300130423' 'destroyed']
 ['16' '267.04070251373156' 'present']
 ['22' '275.33475060727307' 'present']
 ['23' '276.39350119486227' 'present']
 ['21' '280.3367013352575' 'present']
 ['18' '286.6116532155934' 'marauded']
 ['10' '288.9642272330189' 'presentdestroyed']
 ['3' '291.6370699710882' 'presentdestroyed']
 ['7' '291.84789919528674' 'presentdestroyed']
 ['12' '292.58697840002463' 'presentdestroyed']
 ['4' '299.7780420001235' 'present']
 ['11' '304.88376707608353' 'present']
 ['3' '319.0589951581052' 'present']
 ['0' '323.86307741475656' 'present']
 ['4' '324.91769482290874' 'present']
 ['23' '340.382590511399' 'present']
 ['11' '343.18275186306306' 'marauded']
 ['9' '343.8543324747571' 'presentdestroyed']
 ['18' '358.6260874188126' 'present']]","[['F158' '93.4928696854563' 'mated']
 ['F174' '103.71665527987132' 'mated']
 ['F184' '123.75227507756365' 'destroyed']
 ['F31' '152.94201300987228' 'destroyed']
 ['F197' '172.00715878762236' 'absent']
 ['F47' '178.30435526208026' 'mated']
 ['F210' '182.69423302313024' 'mated']
 ['F80' '256.0992691290776' 'absentdestroyed']
 ['F183' '292.4768398088219' 'destroyed']
 ['F61' '300.42347338961974' 'absent']]",548.0,69.76795369383225,15.145360476725287,1284.0,223.06423402322508,48.880544595135675,385.0,67.22388005860464,14.930808535312739,0.0,0.0,0.0,0.0,0.0,0.0
6,0.0,10,360.2521907871497,"[['15' '1.8132285935909542' 'present']
 ['8' '5.557080166552082' 'present']
 ['7' '5.689663469909061' 'present']
 ['19' '17.851543112989226' 'present']
 ['18' '18.730209942141133' 'present']
 ['3' '28.42746009161232' 'present']
 ['22' '30.755091384435087' 'present']
 ['23' '31.538468466324947' 'marauded']
 ['20' '38.69652638260787' 'presentdestroyed']
 ['2' '49.019843201428685' 'present']
 ['21' '51.05948810878758' 'present']
 ['21' '57.136100124163' 'marauded']
 ['10' '59.84651359478737' 'presentdestroyed']
 ['19' '62.25007978347506' 'presentdestroyed']
 ['19' '64.96450603557575' 'present']
 ['0' '66.4244391989993' 'present']
 ['12' '68.41210327397557' 'present']
 ['10' '68.93527630534183' 'present']
 ['21' '71.21035460205405' 'present']
 ['3' '73.75909895694768' 'marauded']
 ['18' '80.76160185564804' 'present']
 ['17' '86.53825411216435' 'present']
 ['14' '86.72208824195505' 'present']
 ['21' '87.31131844221939' 'present']
 ['17' '89.40129846309075' 'present']
 ['20' '99.76525862633368' 'present']
 ['12' '101.68874513193163' 'present']
 ['20' '109.45412590846823' 'present']
 ['15' '115.12520153727702' 'present']
 ['17' '116.28462620033758' 'marauded']
 ['0' '116.94201515639185' 'presentdestroyed']
 ['2' '117.38276861178139' 'presentdestroyed']
 ['13' '118.753577222991' 'presentdestroyed']
 ['7' '122.71635930819615' 'presentdestroyed']
 ['18' '124.50044170491962' 'present']
 ['20' '131.16476600710013' 'present']
 ['7' '134.99085920387105' 'present']
 ['10' '137.32960957646006' 'present']
 ['4' '137.62754110702593' 'present']
 ['0' '144.28834860196562' 'present']
 ['23' '144.65980155548752' 'marauded']
 ['11' '146.0656415469759' 'presentdestroyed']
 ['21' '147.7022202076821' 'destroyed']
 ['17' '151.22783645268686' 'presentdestroyed']
 ['18' '161.451448129867' 'present']
 ['18' '166.12347177276365' 'marauded']
 ['0' '168.4678822888039' 'presentdestroyed']
 ['3' '176.3165865942779' 'present']
 ['18' '182.21932300169203' 'present']
 ['0' '190.71988980868286' 'present']
 ['0' '194.23116046507047' 'present']
 ['7' '203.07520334360638' 'present']
 ['3' '212.72254748777826' 'present']
 ['1' '237.10660095575352' 'present']
 ['23' '239.93097683166673' 'present']
 ['1' '242.92079586348945' 'present']
 ['2' '259.78354512612503' 'present']
 ['11' '267.921338212307' 'present']
 ['19' '271.09301772870424' 'present']
 ['9' '274.14466181281193' 'marauded']
 ['10' '277.86022704659524' 'destroyed']
 ['0' '289.5152875920525' 'present']
 ['18' '317.6362022874355' 'present']
 ['15' '325.78387232425456' 'present']
 ['22' '326.46480290364224' 'present']
 ['19' '329.6236653273253' 'present']
 ['7' '332.11237197002146' 'marauded']
 ['7' '333.4920813412865' 'destroyed']
 ['7' '335.0748957321426' 'presentdestroyed']
 ['3' '335.7173816385448' 'presentdestroyed']
 ['17' '339.3708830592814' 'present']
 ['17' '343.36763142090535' 'present']
 ['15' '348.81167569178905' 'present']
 ['18' '355.03156256200566' 'present']]","[['F192' '81.45589033155179' 'mated']
 ['F2' '88.5579093825768' 'mated']
 ['F152' '111.68818216540522' 'mated']
 ['F108' '143.43263611247588' 'absent']
 ['F34' '148.88643811867624' 'destroyed']
 ['F119' '165.75931324875955' 'mated']
 ['F59' '170.6916066413124' 'absentdestroyed']
 ['F194' '175.85425494792918' 'mated']
 ['F30' '179.4176724471258' 'mated']
 ['F39' '188.2790709885673' 'absent']
 ['F198' '235.358438621048' 'mated']
 ['F137' '255.52567280629412' 'mated']
 ['F29' '290.28244113174645' 'mated']
 ['F14' '297.993424789823' 'mated']]",561.0,66.41872819781712,13.676142867573416,1417.0,244.74076278573355,52.90284613501056,290.0,48.86108652942364,10.417726682335532,0.0,0.0,0.0,0.0,0.0,0.0
7,0.054,10,360.25518111279666,"[['22' '7.752780019411323' 'present']
 ['23' '11.443401577340847' 'present']
 ['1' '18.02357497923409' 'marauded']
 ['15' '21.050256119253763' 'destroyed']
 ['16' '42.282573369189976' 'marauded']
 ['10' '44.3852032299718' 'presentdestroyed']
 ['19' '64.05932601324405' 'present']
 ['17' '65.84976363448189' 'present']
 ['12' '87.3616910847506' 'present']
 ['10' '88.60660245378355' 'present']
 ['12' '90.47036589855686' 'present']
 ['0' '99.34354207365823' 'present']
 ['1' '103.12106869151496' 'present']
 ['23' '105.83492047799753' 'present']
 ['11' '106.78158297228505' 'present']
 ['11' '109.64086992687437' 'marauded']
 ['20' '114.65938807004383' 'presentdestroyed']
 ['20' '115.9015110968663' 'destroyed']
 ['4' '118.27537426140563' 'present']
 ['10' '120.01358311782803' 'present']
 ['2' '125.01321366869007' 'marauded']
 ['18' '128.8070069841445' 'presentdestroyed']
 ['15' '144.89803359836677' 'marauded']
 ['8' '145.6941589717561' 'destroyed']
 ['20' '160.60049793535006' 'present']
 ['14' '172.54260382729885' 'present']
 ['20' '174.79362935225527' 'present']
 ['18' '187.97822086606703' 'present']
 ['1' '194.2909801425925' 'present']
 ['12' '199.99383107701203' 'present']
 ['4' '206.08490430405993' 'present']
 ['15' '206.2963073183892' 'marauded']
 ['23' '207.25720553712594' 'destroyed']
 ['10' '227.83054000168434' 'marauded']
 ['8' '229.96943592977684' 'presentdestroyed']
 ['15' '232.16517785058784' 'presentdestroyed']
 ['2' '235.88028260256888' 'marauded']
 ['21' '238.3571273372334' 'presentdestroyed']
 ['0' '240.19130006094733' 'presentdestroyed']
 ['23' '245.01689529474254' 'marauded']
 ['21' '251.35539209798975' 'presentdestroyed']
 ['4' '252.69570882065486' 'destroyed']
 ['12' '260.50241510507794' 'present']
 ['2' '264.17883924083606' 'marauded']
 ['10' '269.1137947971509' 'presentdestroyed']
 ['19' '274.2435527863589' 'present']
 ['11' '278.33614413963153' 'present']
 ['1' '280.8332548471487' 'present']
 ['20' '283.76745555264586' 'present']
 ['18' '300.5166563105984' 'marauded']
 ['20' '301.2542679419883' 'presentdestroyed']
 ['21' '306.76553357919386' 'presentdestroyed']
 ['3' '308.20258988916447' 'present']
 ['18' '313.016793811583' 'present']
 ['14' '322.2284281472779' 'present']
 ['8' '322.2997251996168' 'present']
 ['2' '336.13619580070406' 'present']
 ['13' '337.1288504016732' 'present']
 ['3' '338.35528729704913' 'present']
 ['11' '343.41630204778676' 'present']
 ['18' '343.4756129483916' 'present']
 ['18' '347.72778946435324' 'marauded']
 ['11' '351.0104650406379' 'presentdestroyed']
 ['22' '353.70980253690226' 'presentdestroyed']
 ['10' '356.50779266009164' 'present']
 ['22' '358.6825837960505' 'present']]","[['F205' '69.96731281635343' 'mated']
 ['F85' '72.02523030763217' 'absent']
 ['F131' '79.33495990428234' 'mated']
 ['F95' '99.2045986173852' 'mated']
 ['F138' '112.90574226261553' 'destroyed']
 ['F191' '121.71150664904567' 'mated']
 ['F49' '144.63774611570219' 'mated']
 ['F207' '165.53960724045095' 'mated']
 ['F68' '174.7546565311747' 'mated']
 ['F26' '182.24012189416885' 'mated']
 ['F3' '233.64111213468885' 'destroyed']
 ['F80' '256.1015839438924' 'mated']
 ['F110' '322.14827719919' 'mated']]",571.0,73.63458763173325,15.840287885707149,1269.0,210.96857355048627,44.78051914670879,416.0,73.73435666862598,16.192696332310753,15.0,1.5000000000000002,0.15000000000000008,73.0,0.3379629629629631,0.001564643347050753
8,0.054,15,360.18324340473674,"[['15' '16.626348129701174' 'present']
 ['19' '46.43601921181035' 'present']
 ['0' '49.71553468523949' 'present']
 ['21' '54.784419391381746' 'present']
 ['20' '58.58035619326744' 'present']
 ['3' '64.1844538891304' 'present']
 ['19' '64.85987640594614' 'marauded']
 ['13' '71.52353406481714' 'presentdestroyed']
 ['20' '76.12012977872858' 'present']
 ['17' '85.01552046363737' 'present']
 ['16' '93.58670081895015' 'present']
 ['13' '94.27298500353535' 'present']
 ['21' '95.3868092512594' 'present']
 ['4' '101.52653570737726' 'present']
 ['23' '109.76726161574335' 'marauded']
 ['0' '124.73358915895105' 'present']
 ['19' '134.68614967024962' 'present']
 ['17' '136.44162588076267' 'present']
 ['9' '146.48370915381395' 'present']
 ['3' '150.20553338451597' 'present']
 ['0' '157.42673158099612' 'present']
 ['10' '168.34606255426007' 'present']
 ['11' '171.85172979460535' 'marauded']
 ['22' '176.25836826747178' 'presentdestroyed']
 ['19' '180.60673472174417' 'present']
 ['23' '186.53051220310314' 'present']
 ['15' '211.03163895314333' 'present']
 ['10' '213.19236852736594' 'present']
 ['12' '217.74269609806478' 'present']
 ['10' '237.15476109898316' 'present']
 ['12' '247.50137825465418' 'present']
 ['14' '249.8553311469679' 'present']
 ['3' '250.86170184653358' 'present']
 ['16' '258.1209835719983' 'marauded']
 ['2' '260.37179122989454' 'presentdestroyed']
 ['7' '263.05975896643656' 'presentdestroyed']
 ['20' '264.71238018598257' 'presentdestroyed']
 ['11' '273.1812574521911' 'marauded']
 ['14' '274.96452553980646' 'presentdestroyed']
 ['23' '278.7276585601248' 'destroyed']
 ['9' '280.91146954148314' 'present']
 ['7' '282.54739427668306' 'marauded']
 ['12' '286.1368475745366' 'destroyed']
 ['10' '291.4489655556239' 'present']
 ['19' '293.93503547141466' 'present']
 ['2' '294.9876770850588' 'present']
 ['2' '298.2664669345803' 'present']
 ['17' '298.3351236521178' 'present']
 ['10' '309.93587164206843' 'present']
 ['20' '316.4797467393593' 'present']
 ['14' '318.70147696411925' 'present']
 ['11' '331.5652543639102' 'marauded']
 ['4' '342.9394817718039' 'marauded']
 ['11' '353.3867987973338' 'present']
 ['2' '357.0507031544408' 'present']]","[['F140' '57.62824740237763' 'mated']
 ['F63' '58.563318059405965' 'mated']
 ['F116' '87.23579850243287' 'mated']
 ['F97' '118.19780206284872' 'mated']
 ['F121' '118.9345707332876' 'mated']
 ['F37' '151.25007186943515' 'mated']
 ['F119' '165.75699843394474' 'absent']
 ['F144' '170.27652471385463' 'mated']
 ['F178' '179.95226497578184' 'mated']
 ['F215' '198.54059706557845' 'mated']
 ['F141' '201.52628897478226' 'mated']
 ['F180' '201.56406445123216' 'absent']
 ['F25' '208.1827380746964' 'mated']
 ['F48' '221.4995918061287' 'mated']
 ['F21' '225.80866095117923' 'mated']
 ['F64' '243.41730101622' 'mated']
 ['F160' '282.5144112688933' 'absent']
 ['F61' '300.4257882044346' 'absent']
 ['F112' '308.3803227136016' 'mated']]",566.0,73.18882367893593,15.775992039146974,1436.0,236.61657106358066,49.449330443800015,287.0,48.814967261093486,10.250505830906912,12.0,1.2,0.12000000000000005,65.0,0.3009259259259259,0.0013931755829903966
9,0.054,10,360.4350571136502,"[['13' '3.4309590971710633' 'present']
 ['18' '6.0658112040793135' 'marauded']
 ['0' '16.574368296187135' 'present']
 ['14' '33.52209085551642' 'present']
 ['2' '35.81288633144155' 'present']
 ['1' '36.568195255204344' 'present']
 ['15' '39.153682539091115' 'marauded']
 ['15' '44.93716267521532' 'presentdestroyed']
 ['2' '47.84574139128359' 'marauded']
 ['12' '49.26161944762463' 'destroyed']
 ['3' '52.635973137560335' 'presentdestroyed']
 ['7' '57.1712007111341' 'present']
 ['11' '57.70804298391583' 'present']
 ['17' '61.095066330638' 'present']
 ['2' '64.6931114172723' 'present']
 ['3' '65.1899500851902' 'marauded']
 ['17' '65.48691345887228' 'presentdestroyed']
 ['10' '69.85935309099895' 'presentdestroyed']
 ['11' '85.42452809163585' 'present']
 ['14' '90.55523705965214' 'present']
 ['23' '99.05976873630105' 'present']
 ['22' '103.68177186448477' 'marauded']
 ['2' '111.57517072100137' 'present']
 ['13' '111.58006001428528' 'present']
 ['4' '121.54482668208516' 'present']
 ['13' '131.93273481216394' 'present']
 ['7' '137.82161853441795' 'present']
 ['11' '138.9151381462121' 'present']
 ['10' '151.0587457374429' 'present']
 ['10' '157.9011870124435' 'present']
 ['21' '162.3586854940849' 'present']
 ['21' '163.2517289347234' 'present']
 ['2' '164.33948829299604' 'present']
 ['13' '164.41746830566973' 'present']
 ['15' '166.1449801127648' 'marauded']
 ['11' '170.73104994750193' 'presentdestroyed']
 ['3' '174.79780912605332' 'present']
 ['16' '175.7284396941536' 'marauded']
 ['22' '178.93676335494678' 'presentdestroyed']
 ['17' '181.5643987974909' 'presentdestroyed']
 ['15' '185.84761716458803' 'present']
 ['10' '200.5057935610566' 'present']
 ['0' '208.16038581136812' 'present']
 ['18' '211.119997125061' 'marauded']
 ['20' '217.8855845358522' 'presentdestroyed']
 ['4' '222.63362462987135' 'present']
 ['7' '223.04209208744857' 'present']
 ['23' '224.04671989685346' 'present']
 ['3' '228.2430316429533' 'marauded']
 ['8' '237.03103269748013' 'present']
 ['14' '239.61451433416497' 'present']
 ['14' '243.82457933953938' 'marauded']
 ['2' '248.9619294149071' 'presentdestroyed']
 ['23' '252.9709387572064' 'present']
 ['12' '252.98575127515778' 'present']
 ['17' '258.4814888682559' 'present']
 ['0' '263.3470779707335' 'marauded']
 ['21' '267.3268873520769' 'destroyed']
 ['17' '268.4864230282057' 'presentdestroyed']
 ['12' '271.00945128350304' 'present']
 ['4' '277.39398783631924' 'present']
 ['11' '278.32353223749277' 'present']
 ['16' '278.3633041408332' 'present']
 ['18' '285.10288549300543' 'marauded']
 ['23' '287.71173570211397' 'presentdestroyed']
 ['1' '305.4355451058045' 'present']
 ['4' '314.01312728448914' 'marauded']
 ['17' '315.7033868342812' 'presentdestroyed']
 ['2' '337.3954249694676' 'present']
 ['12' '343.9850977014055' 'present']
 ['17' '347.33631844128143' 'marauded']
 ['4' '350.7613129731011' 'presentdestroyed']
 ['10' '358.8624900821578' 'present']]","[['F118' '35.7585731539808' 'mated']
 ['F23' '61.266572592817674' 'mated']
 ['F69' '139.77766443520187' 'mated']
 ['F34' '148.89106774830586' 'absent']
 ['F90' '159.18567799046906' 'mated']
 ['F8' '174.3068469379913' 'mated']
 ['F178' '179.94532053133742' 'destroyed']
 ['F109' '182.75804494524945' 'absentdestroyed']
 ['F153' '187.9365851205066' 'mated']
 ['F96' '205.78886630075945' 'absent']
 ['F168' '210.80777769843112' 'mated']
 ['F86' '223.64790187484473' 'mated']
 ['F198' '235.3561238062332' 'absentdestroyed']
 ['F105' '237.57995921775816' 'mated']
 ['F50' '332.8272578549655' 'mated']]",572.0,72.61442460262953,14.950850627336722,1207.0,200.66213646814694,42.44595740603061,526.0,85.3480599894731,17.830086027133934,11.0,1.0999999999999999,0.11000000000000004,61.0,0.2824074074074073,0.0013074417009602184
10,0.054,7,360.1323555516664,"[['11' '3.3665781922869433' 'present']
 ['18' '10.739273924341433' 'present']
 ['1' '14.534166613698543' 'present']
 ['17' '31.227121970062342' 'present']
 ['2' '41.32611308489226' 'present']
 ['15' '44.66061224237464' 'present']
 ['4' '47.69414913444136' 'present']
 ['16' '49.353889708549694' 'present']
 ['7' '50.23280340120929' 'present']
 ['17' '52.185009793722315' 'marauded']
 ['12' '58.75747425337572' 'presentdestroyed']
 ['18' '65.49987240359813' 'present']
 ['17' '71.49159192121441' 'present']
 ['2' '72.22368015274124' 'present']
 ['8' '72.69196819957114' 'present']
 ['7' '74.56462129383617' 'marauded']
 ['19' '77.14317423858195' 'presentdestroyed']
 ['13' '88.26954857862388' 'present']
 ['19' '88.97321478314436' 'present']
 ['15' '99.63818344250804' 'present']
 ['19' '101.16711180436008' 'marauded']
 ['18' '107.36262903103099' 'presentdestroyed']
 ['20' '115.64068038177538' 'present']
 ['17' '116.11189526118275' 'present']
 ['20' '118.06297353617973' 'present']
 ['21' '122.81210198570824' 'marauded']
 ['21' '123.31627083830452' 'presentdestroyed']
 ['15' '129.40907776989752' 'presentdestroyed']
 ['9' '141.3738094481313' 'present']
 ['9' '146.47907952418433' 'present']
 ['13' '150.2585652213051' 'present']
 ['19' '189.7444787652122' 'present']
 ['4' '191.04899571850646' 'marauded']
 ['19' '198.49043475918836' 'presentdestroyed']
 ['13' '200.9838423799592' 'marauded']
 ['7' '201.1853707101146' 'presentdestroyed']
 ['0' '204.16295982254107' 'destroyed']
 ['21' '209.10680762024614' 'present']
 ['4' '216.61065957667444' 'marauded']
 ['1' '216.91686696694666' 'presentdestroyed']
 ['14' '221.37219127295148' 'presentdestroyed']
 ['0' '227.41907966509615' 'present']
 ['22' '233.78976646315581' 'present']
 ['21' '237.7607048819417' 'present']
 ['1' '241.33594716002705' 'present']
 ['16' '254.75176420394152' 'present']
 ['17' '258.4768592386262' 'present']
 ['14' '265.21591392947664' 'present']
 ['20' '267.39717104287377' 'present']
 ['4' '268.2602368926296' 'present']
 ['3' '270.52301870782566' 'present']
 ['11' '277.00287137091243' 'present']
 ['4' '277.72369292206696' 'present']
 ['11' '280.1205862374547' 'marauded']
 ['4' '291.5395230153459' 'present']
 ['20' '292.67387347836853' 'present']
 ['20' '304.16215269567505' 'present']
 ['18' '319.0065585256311' 'marauded']
 ['17' '320.2378834663061' 'presentdestroyed']
 ['11' '330.55007365439116' 'present']
 ['11' '334.96174527621315' 'present']
 ['2' '335.75863791546266' 'present']
 ['8' '339.33434766649725' 'present']
 ['17' '342.71115361873865' 'marauded']
 ['1' '346.5034143760768' 'presentdestroyed']
 ['13' '348.4644353670802' 'presentdestroyed']
 ['12' '350.08398282992385' 'presentdestroyed']
 ['15' '354.67044072165373' 'present']]","[['F172' '19.417756088360253' 'mated']
 ['F131' '79.33264508946753' 'destroyed']
 ['F189' '134.82294045836866' 'mated']
 ['F34' '148.88875293349105' 'absent']
 ['F31' '152.9443278246871' 'mated']
 ['F178' '179.94763534615223' 'absent']
 ['F22' '239.17266734489297' 'mated']
 ['F7' '260.99081860644594' 'mated']
 ['F183' '292.47915462363676' 'mated']
 ['F100' '297.96476051126893' 'mated']]",551.0,69.20196257040311,14.78737873411222,1361.0,228.94442096966162,48.72500260220596,365.0,60.807448564224536,12.979932956211778,8.0,0.7999999999999999,0.08000000000000002,76.0,0.351851851851852,0.0016289437585733867
11,0.054,5,360.0744149054759,"[['2' '0.7090867773732273' 'present']
 ['13' '5.033276560910539' 'present']
 ['17' '5.899406257646717' 'present']
 ['23' '8.227535680347879' 'marauded']
 ['0' '18.44039172175302' 'present']
 ['15' '18.534959344770755' 'present']
 ['3' '25.98300566249641' 'present']
 ['1' '26.688574043797644' 'present']
 ['14' '31.73679763133314' 'marauded']
 ['1' '34.71496699946138' 'presentdestroyed']
 ['3' '48.76767401724657' 'present']
 ['20' '68.54299463278146' 'present']
 ['4' '71.68107404894985' 'marauded']
 ['14' '77.51462010611985' 'presentdestroyed']
 ['10' '86.83832590609948' 'marauded']
 ['17' '98.49709743874287' 'marauded']
 ['0' '99.98348415660423' 'presentdestroyed']
 ['22' '103.32378729013197' 'presentdestroyed']
 ['20' '104.50107018958671' 'presentdestroyed']
 ['16' '109.69954685886599' 'marauded']
 ['4' '109.78467569139949' 'presentdestroyed']
 ['16' '113.19182914467157' 'presentdestroyed']
 ['4' '113.513615280749' 'destroyed']
 ['22' '115.23737893085308' 'presentdestroyed']
 ['1' '117.71049983732486' 'present']
 ['3' '120.11006533956518' 'marauded']
 ['2' '125.97491081636946' 'destroyed']
 ['23' '134.35836559590504' 'present']
 ['9' '141.3691798185017' 'present']
 ['22' '145.8090868547124' 'present']
 ['20' '153.69412480182874' 'present']
 ['22' '174.98552616923493' 'marauded']
 ['9' '187.0671357919255' 'present']
 ['17' '192.19947035129204' 'present']
 ['21' '205.9319828961333' 'present']
 ['17' '208.38972260249554' 'marauded']
 ['4' '209.141983832438' 'presentdestroyed']
 ['1' '214.40743237125966' 'presentdestroyed']
 ['7' '214.4096198224812' 'presentdestroyed']
 ['4' '217.79282040671256' 'marauded']
 ['7' '222.26898561526477' 'presentdestroyed']
 ['18' '223.80347680343397' 'presentdestroyed']
 ['16' '226.044111817712' 'present']
 ['12' '244.219235381674' 'present']
 ['23' '252.96630912757678' 'present']
 ['17' '253.35648072364663' 'marauded']
 ['2' '259.77891549649536' 'presentdestroyed']
 ['13' '260.7034738574623' 'present']
 ['17' '268.2401329464883' 'present']
 ['7' '271.3305815331156' 'present']
 ['7' '280.800495103207' 'present']
 ['21' '303.01582968294446' 'present']
 ['20' '308.10157190294217' 'marauded']
 ['20' '313.1901582768795' 'presentdestroyed']
 ['1' '320.7294344469857' 'present']
 ['12' '320.85943967088014' 'marauded']
 ['15' '322.2281744951945' 'presentdestroyed']
 ['19' '325.8052327344169' 'presentdestroyed']
 ['18' '331.69561897289077' 'present']
 ['14' '336.0814482581872' 'present']
 ['2' '341.82468467679746' 'present']
 ['4' '358.1236097469366' 'present']]","[['F195' '31.972363546269467' 'destroyed']
 ['F35' '65.2679133541395' 'absent']
 ['F157' '74.95540738040279' 'destroyed']
 ['F131' '79.33033027465272' 'destroyed']
 ['F152' '111.68586735059041' 'destroyed']
 ['F75' '112.63009104597458' 'destroyed']
 ['F103' '139.4772673185808' 'mated']
 ['F24' '149.4631480294507' 'mated']
 ['F165' '157.347129079065' 'mated']
 ['F197' '172.00947360243717' 'mated']
 ['F178' '179.94995016096703' 'absentdestroyed']
 ['F109' '182.75341531561983' '']
 ['F168' '210.80546288361631' 'destroyed']
 ['F98' '282.7575455975074' 'absent']
 ['F136' '333.4674384085512' 'mated']]",568.0,70.42614972870528,15.20625791731363,1257.0,208.41983485171994,43.66550067141143,467.0,79.68089259975952,17.654907165172705,13.0,1.3,0.13000000000000006,65.0,0.3009259259259259,0.0013931755829903966
12,0.054,7,360.3309278952086,"[['17' '5.285424491382377' 'present']
 ['14' '7.486121687766472' 'marauded']
 ['11' '16.67569316585933' 'present']
 ['18' '18.73483957177076' 'present']
 ['22' '20.194342673478516' 'marauded']
 ['15' '33.74428126522297' 'present']
 ['13' '54.06161638994648' 'present']
 ['20' '66.86987130498366' 'present']
 ['15' '84.84835039761002' 'present']
 ['20' '106.13643012589402' 'marauded']
 ['22' '115.2420085604827' 'marauded']
 ['17' '131.23592839858586' 'marauded']
 ['18' '134.96786844729428' 'presentdestroyed']
 ['13' '137.3996198184562' 'presentdestroyed']
 ['15' '138.54440704413312' 'destroyed']
 ['8' '148.82613644312886' 'present']
 ['17' '156.09735091277832' 'present']
 ['23' '157.98588487305125' 'marauded']
 ['1' '161.5627995355357' 'presentdestroyed']
 ['17' '164.33715580781703' 'presentdestroyed']
 ['11' '165.71349240228733' 'marauded']
 ['15' '173.05469192237297' 'presentdestroyed']
 ['19' '182.21745937369292' 'present']
 ['3' '184.3560396551333' 'present']
 ['19' '188.3041251364013' 'present']
 ['1' '191.41503215347296' 'present']
 ['20' '191.98468479569192' 'marauded']
 ['18' '194.2107177193991' 'destroyed']
 ['19' '200.73136502200305' 'present']
 ['15' '201.96521798536753' 'present']
 ['10' '209.72567665567266' 'present']
 ['16' '225.18200607348166' 'present']
 ['17' '232.1125465570481' 'present']
 ['15' '242.14304499806164' 'present']
 ['21' '248.51626900514134' 'present']
 ['17' '248.73318952069806' 'present']
 ['18' '262.5957868284473' 'present']
 ['7' '273.07691538539905' 'present']
 ['2' '277.2182690614203' 'present']
 ['15' '278.3965136128645' 'marauded']
 ['11' '278.4017929311058' 'destroyed']
 ['18' '279.12262385944865' 'presentdestroyed']
 ['16' '281.4116694419999' 'presentdestroyed']
 ['9' '300.72072015799415' 'present']
 ['2' '309.34574336675246' 'present']
 ['1' '313.5148248871434' 'marauded']
 ['13' '316.2471474267567' 'presentdestroyed']
 ['16' '323.18151423851407' 'marauded']
 ['0' '323.86770704438624' 'presentdestroyed']
 ['2' '325.48005617276164' 'presentdestroyed']
 ['23' '329.72218822576247' 'presentdestroyed']
 ['14' '333.9850933145657' 'present']
 ['18' '357.4911044204972' 'marauded']
 ['7' '358.3478200849724' 'destroyed']]","[['F159' '78.85851035771474' 'mated']
 ['F214' '117.57463293148064' 'destroyed']
 ['F121' '118.93225591847279' 'destroyed']
 ['F119' '165.75236880431513' 'absentdestroyed']
 ['F19' '209.50502152662793' 'mated']
 ['F133' '229.91222038895546' 'mated']
 ['F54' '258.26592992508046' 'mated']
 ['F94' '278.01642443400357' 'mated']
 ['F56' '286.2741973169018' 'mated']
 ['F61' '300.4281030192494' 'mated']]",574.0,66.81390940223514,12.254723294917326,1316.0,223.00273411289194,47.66750659370569,398.0,69.49588151301413,15.288599884636481,5.0,0.5,0.05000000000000001,70.0,0.3240740740740741,0.0015003429355281194
13,0.054,8,360.0843319159715,"[['18' '3.9685009293765283' 'present']
 ['18' '7.7345255175377' 'present']
 ['10' '16.087560032338956' 'present']
 ['4' '16.341996762933928' 'marauded']
 ['10' '17.24237905026594' 'presentdestroyed']
 ['17' '21.64420379341016' 'presentdestroyed']
 ['8' '22.375252209996898' 'presentdestroyed']
 ['10' '27.65525664010716' 'present']
 ['22' '30.96351410861158' 'present']
 ['4' '32.00124070378643' 'present']
 ['10' '32.87421230188134' 'present']
 ['10' '38.87700296839206' 'present']
 ['18' '42.24597926010207' 'marauded']
 ['3' '46.692897943159274' 'presentdestroyed']
 ['0' '56.33858556417184' 'present']
 ['23' '61.13259937625708' 'present']
 ['18' '65.41348488205126' 'present']
 ['12' '68.34548830130872' 'present']
 ['12' '68.93847643361211' 'present']
 ['17' '86.75579774867997' 'present']
 ['17' '90.4978402690198' 'present']
 ['20' '95.34669552682102' 'present']
 ['0' '101.04629043246284' 'present']
 ['8' '103.67630812369052' 'present']
 ['8' '104.86274619099729' 'present']
 ['11' '106.77695334265543' 'present']
 ['16' '124.40269329066892' 'present']
 ['4' '124.76487439813066' 'present']
 ['1' '127.27827078805717' 'present']
 ['16' '135.25348357379346' 'present']
 ['14' '136.41946400218131' 'present']
 ['3' '137.24612089486294' 'present']
 ['8' '138.78787115669417' 'marauded']
 ['1' '142.4791068359989' 'destroyed']
 ['12' '144.94038333607173' 'presentdestroyed']
 ['10' '145.2271908109858' 'presentdestroyed']
 ['12' '152.004013069198' 'present']
 ['2' '156.92292368422858' 'present']
 ['0' '161.1274903039407' 'present']
 ['16' '166.61700907609813' 'present']
 ['11' '169.88779758486598' 'marauded']
 ['12' '175.93746078457966' 'presentdestroyed']
 ['10' '177.07228267411426' 'destroyed']
 ['18' '181.02095168834228' 'present']
 ['9' '184.79096180057041' 'marauded']
 ['18' '198.31187367487294' 'present']
 ['11' '204.8812277348471' 'present']
 ['3' '212.07482763277488' 'present']
 ['16' '215.28350525724045' 'present']
 ['15' '219.8983640315107' 'present']
 ['8' '223.1170381093101' 'marauded']
 ['7' '223.24128302226976' 'destroyed']
 ['18' '223.5111070760741' 'presentdestroyed']
 ['17' '229.6565725651544' 'presentdestroyed']
 ['8' '230.71659724893144' 'present']
 ['2' '234.59826690776316' 'present']
 ['12' '236.3384280116475' 'present']
 ['3' '238.62985855572376' 'present']
 ['23' '241.17747149666127' 'present']
 ['16' '244.27371917166303' 'present']
 ['3' '245.72611670902074' 'marauded']
 ['14' '248.19347580360198' 'presentdestroyed']
 ['21' '248.69313376825448' 'presentdestroyed']
 ['17' '259.0387092335738' 'present']
 ['23' '259.10825394267164' 'present']
 ['8' '266.3301281668459' 'present']
 ['18' '275.838200092625' 'present']
 ['4' '283.3256661742093' 'present']
 ['20' '301.34332260929745' 'present']
 ['19' '306.8935815563404' 'present']
 ['21' '307.4198743302033' 'present']
 ['3' '310.2747209356442' 'present']
 ['3' '310.2793505652739' 'present']
 ['0' '315.4166332968572' 'present']
 ['15' '317.03076754323564' 'present']
 ['14' '319.33419146262605' 'present']
 ['15' '321.74718345989646' 'present']
 ['0' '326.8655279077569' 'marauded']
 ['2' '328.26044337477055' 'presentdestroyed']
 ['19' '334.76586506337003' 'present']
 ['8' '352.1707405582108' 'present']
 ['17' '353.47222957490993' 'present']
 ['14' '355.46133689940785' 'marauded']
 ['22' '355.95023920396915' 'presentdestroyed']
 ['22' '357.43066925353526' 'destroyed']]","[['F16' '126.47079828820338' 'absent']
 ['F166' '133.65375904783576' 'mated']
 ['F108' '143.43032129766107' 'absentdestroyed']
 ['F67' '175.9547524140928' 'destroyed']
 ['F170' '181.59638112045565' 'mated']
 ['F176' '184.21391664594566' 'mated']
 ['F114' '201.44965446555895' 'mated']
 ['F96' '205.79118111557426' 'mated']
 ['F106' '207.50026528907023' 'mated']
 ['F124' '211.5181457276805' 'mated']
 ['F183' '292.47221017919225' 'absent']
 ['F100' '297.96013088163926' 'absent']
 ['F136' '333.46512359373634' 'destroyed']
 ['F142' '346.26108063306987' 'mated']]",557.0,68.87443386057102,14.417147730545464,1424.0,237.26625971796804,49.96067518383927,313.0,52.32751272412311,11.064065506400516,13.0,1.3,0.13000000000000006,77.0,0.3564814814814817,0.0016503772290809313
14,0.054,9,360.2469355420518,"[['19' '1.5297269132468938' 'present']
 ['4' '6.2064463722895775' 'present']
 ['13' '11.987058189623548' 'present']
 ['7' '16.677192802439553' 'present']
 ['3' '28.210978389305737' 'present']
 ['3' '28.782542451587915' 'present']
 ['13' '38.11972200330483' 'present']
 ['2' '39.41024096661195' 'present']
 ['18' '45.67432650292731' 'present']
 ['13' '52.176314773856255' 'present']
 ['17' '65.00287025935128' 'present']
 ['7' '70.87558083680412' 'present']
 ['16' '70.92255029176886' 'present']
 ['18' '80.03424177178816' 'present']
 ['15' '85.7424687359963' 'present']
 ['13' '93.6698399728844' 'present']
 ['12' '94.4147973585158' 'marauded']
 ['20' '96.09474769897675' 'presentdestroyed']
 ['22' '98.03124809305154' 'presentdestroyed']
 ['9' '112.23739509538363' 'present']
 ['20' '114.30204157995631' 'present']
 ['11' '118.94230247887202' 'marauded']
 ['13' '121.00120326525708' 'presentdestroyed']
 ['4' '135.3816802486254' 'present']
 ['3' '140.016083867539' 'present']
 ['8' '140.6042251208856' 'marauded']
 ['4' '148.75001846698814' 'present']
 ['11' '151.01331703892285' 'present']
 ['20' '168.36904340827923' 'present']
 ['23' '172.72412018758482' 'present']
 ['15' '173.783812683121' 'present']
 ['21' '174.69180820218932' 'present']
 ['12' '180.00093786287968' 'present']
 ['15' '182.39054922116915' 'present']
 ['8' '183.1812339711352' 'present']
 ['15' '195.9374315199215' 'present']
 ['19' '202.50438146796353' 'present']
 ['9' '207.830462469915' 'marauded']
 ['0' '222.2633992517233' 'present']
 ['23' '240.62036342148593' 'present']
 ['11' '242.01970904436385' 'present']
 ['3' '252.9589041160844' 'marauded']
 ['12' '254.01666517312188' 'destroyed']
 ['3' '261.9918825287753' 'present']
 ['15' '265.81266374296285' 'marauded']
 ['8' '269.4804225851102' 'presentdestroyed']
 ['22' '270.9495943011104' 'presentdestroyed']
 ['18' '277.58795540203636' 'present']
 ['0' '280.33193132753485' 'present']
 ['12' '296.56049211362813' 'present']
 ['17' '298.3304940224881' 'present']
 ['19' '307.6481088876778' 'marauded']
 ['13' '309.97996260678536' 'presentdestroyed']
 ['20' '313.18552864724984' 'presentdestroyed']
 ['4' '316.42846883282465' 'present']
 ['16' '321.32201803216054' 'present']
 ['0' '323.75844778512686' 'marauded']
 ['22' '327.7977407789759' 'destroyed']
 ['19' '329.85766258224453' 'destroyed']
 ['12' '340.2360184319158' 'present']
 ['9' '343.0461203528617' 'present']
 ['3' '350.8730941145412' 'present']
 ['9' '355.50038484903746' 'marauded']
 ['7' '355.73757300238697' 'presentdestroyed']]","[['F99' '73.26109013542026' 'mated']
 ['F138' '112.90805707743034' 'absent']
 ['F200' '116.2758675308593' 'mated']
 ['F184' '123.74996026274884' 'destroyed']
 ['F109' '182.76035976006426' 'mated']
 ['F146' '183.43613745524186' 'mated']
 ['F39' '188.2813858033821' 'mated']
 ['F62' '200.12826820335889' 'mated']
 ['F11' '215.78420367251982' 'mated']
 ['F135' '236.98458815279253' 'mated']
 ['F98' '282.7598604123222' 'mated']]",574.0,66.70538939238311,12.904569397399756,1402.0,238.89464065396132,51.345448526877696,309.0,52.791688535820626,11.165004480627127,13.0,1.3,0.13000000000000006,70.0,0.3240740740740741,0.0015003429355281194
15,0.054,3,359.97268924567305,"[['13' '7.554608361072341' 'marauded']
 ['2' '15.73249409072333' 'present']
 ['0' '16.56973866655751' 'present']
 ['18' '19.13146213458847' 'present']
 ['8' '25.811204384456797' 'present']
 ['18' '28.8469094983481' 'present']
 ['4' '33.81096967900525' 'present']
 ['1' '58.37421705692993' 'marauded']
 ['14' '58.87032057709625' 'presentdestroyed']
 ['20' '62.46634465425389' 'destroyed']
 ['8' '72.49504469957965' 'present']
 ['7' '79.92831061374659' 'present']
 ['3' '84.83441812405562' 'present']
 ['9' '85.69031759385749' 'present']
 ['12' '87.56083652611112' 'present']
 ['8' '87.85976034373816' 'present']
 ['9' '91.52082453182938' 'present']
 ['14' '93.02569380372346' 'present']
 ['17' '93.18965622872854' 'present']
 ['13' '96.16329058698456' 'present']
 ['22' '101.06506551862053' 'present']
 ['18' '101.28784682282442' 'present']
 ['20' '123.96884083639748' 'present']
 ['16' '143.3750459918267' 'present']
 ['17' '147.15208622109168' 'present']
 ['20' '149.54255409112514' 'present']
 ['8' '149.72052932302114' 'marauded']
 ['17' '163.34432200248003' 'present']
 ['0' '164.71499484350377' 'present']
 ['17' '171.55884346209663' 'present']
 ['19' '174.6917011533404' 'present']
 ['19' '174.69633078297002' 'present']
 ['7' '184.9947766772302' 'present']
 ['1' '188.3195578147043' 'present']
 ['9' '192.75625785931166' 'present']
 ['14' '197.93119880195687' 'present']
 ['7' '198.74550868110242' 'present']
 ['8' '202.69551447952716' 'present']
 ['21' '215.36090259547174' 'present']
 ['16' '216.56309506124688' 'present']
 ['12' '225.65435584001372' 'present']
 ['11' '226.09047922105864' 'present']
 ['12' '229.9288701667025' 'present']
 ['2' '243.63372479305613' 'present']
 ['1' '243.83551387130527' 'present']
 ['8' '245.65450509934652' 'present']
 ['21' '246.51592330203022' 'marauded']
 ['18' '251.44107504228782' 'presentdestroyed']
 ['1' '263.5662346148053' 'present']
 ['0' '283.0313310174305' 'present']
 ['4' '285.48535164642357' 'marauded']
 ['2' '290.4578472025465' 'presentdestroyed']
 ['19' '292.01770004529413' 'presentdestroyed']
 ['0' '298.28427832559765' 'present']
 ['13' '301.44810418133085' 'marauded']
 ['21' '318.7488650491583' 'present']
 ['4' '319.6800027581446' 'present']
 ['9' '322.5049717561767' 'present']
 ['4' '330.4535405426611' 'marauded']
 ['23' '330.4739388979724' 'destroyed']
 ['21' '337.0102904288589' 'destroyed']
 ['21' '349.5596200036274' 'present']
 ['9' '354.9734960861892' 'marauded']
 ['3' '357.06920374184875' 'presentdestroyed']]","[['F95' '99.20228380257039' 'absent']
 ['F199' '100.67895578829688' 'absent']
 ['F59' '170.6939214561272' 'absent']
 ['F60' '186.9513897065272' 'mated']
 ['F65' '198.20547426690953' 'mated']
 ['F201' '222.15593835103078' 'mated']
 ['F137' '255.52335799147932' 'absent']
 ['F54' '258.2636151102656' 'absent']
 ['F83' '285.1765015655664' 'absent']
 ['F123' '346.9395899317099' 'absent']]",559.0,71.47126314288695,15.211658996639382,1407.0,239.9325727123606,51.52326461995367,269.0,46.71747096824431,10.160506615457304,15.0,1.5000000000000002,0.15000000000000008,83.0,0.3842592592592596,0.0017789780521261986
16,0.054,10,360.381671131943,"[['8' '2.212630264618654' 'marauded']
 ['4' '5.847040316662564' 'presentdestroyed']
 ['10' '17.801851806966255' 'marauded']
 ['17' '19.564924345286165' 'destroyed']
 ['1' '21.352410099025068' 'presentdestroyed']
 ['12' '31.92516682698428' 'present']
 ['17' '33.50630529481118' 'marauded']
 ['15' '40.43410702861633' 'destroyed']
 ['15' '50.49891811903717' 'marauded']
 ['1' '54.94770813076799' 'destroyed']
 ['1' '55.03388837615167' 'presentdestroyed']
 ['2' '61.67279224560188' 'marauded']
 ['4' '64.04463678641949' 'destroyed']
 ['15' '79.34540333010436' 'present']
 ['7' '83.91473525210387' 'present']
 ['17' '85.01089083400775' 'present']
 ['12' '87.17684385200842' 'present']
 ['7' '88.39077051278598' 'present']
 ['14' '91.12493252935313' 'present']
 ['18' '100.80678059055013' 'present']
 ['17' '101.64785476984234' 'present']
 ['14' '115.2543037929817' 'marauded']
 ['1' '127.01417715055098' 'present']
 ['20' '132.64592975410653' 'present']
 ['22' '133.3663420620921' 'present']
 ['23' '135.25375738330538' 'marauded']
 ['19' '139.4295149425337' 'presentdestroyed']
 ['8' '146.69590843435026' 'present']
 ['17' '152.29238877451112' 'present']
 ['17' '157.48074594467846' 'marauded']
 ['14' '161.05272715476283' 'presentdestroyed']
 ['4' '163.83676907058276' 'presentdestroyed']
 ['13' '164.42209793529935' 'presentdestroyed']
 ['11' '185.63465767017027' 'marauded']
 ['21' '188.1271436464143' 'destroyed']
 ['9' '188.47610976740094' 'presentdestroyed']
 ['19' '188.76777156296998' 'destroyed']
 ['19' '198.6843906567808' 'marauded']
 ['2' '201.7958407760196' 'destroyed']
 ['21' '211.11827105564524' 'present']
 ['13' '221.9151060009396' 'present']
 ['17' '226.02246990105522' 'present']
 ['4' '228.61994514349485' 'marauded']
 ['15' '230.40523388481995' 'presentdestroyed']
 ['14' '237.64334681103838' 'present']
 ['18' '239.63911024809028' 'present']
 ['13' '244.3633812992519' 'present']
 ['18' '247.75391090158683' 'present']
 ['19' '250.54471420951117' 'present']
 ['12' '250.63508222119697' 'present']
 ['12' '252.82006199438746' 'present']
 ['19' '254.14821841656567' 'present']
 ['15' '254.84528854703908' 'present']
 ['0' '257.98369938234487' 'present']
 ['1' '258.41290798029337' 'present']
 ['11' '279.67365158480186' 'present']
 ['7' '281.8581224887616' 'marauded']
 ['14' '281.8780995837681' 'destroyed']
 ['14' '285.6606376197761' 'presentdestroyed']
 ['1' '287.2241136710039' 'destroyed']
 ['10' '289.7130222386701' 'marauded']
 ['2' '289.88290730171354' 'presentdestroyed']
 ['1' '292.69424828244144' 'destroyed']
 ['21' '295.089303948037' 'presentdestroyed']
 ['12' '295.19747513809995' 'presentdestroyed']
 ['22' '296.91518512384914' 'marauded']
 ['4' '297.67558699935864' 'destroyed']
 ['17' '299.23802258189113' 'presentdestroyed']
 ['18' '301.6532550663912' 'presentdestroyed']
 ['4' '307.2547280114097' 'present']
 ['2' '310.01965482089463' 'present']
 ['13' '311.9135416193191' 'marauded']
 ['17' '314.5237346604469' 'presentdestroyed']
 ['23' '319.250901580615' 'presentdestroyed']
 ['4' '320.59326757259566' 'present']
 ['14' '334.32098212386825' 'present']
 ['12' '336.30646605544297' 'present']
 ['7' '336.54154172977485' 'present']
 ['9' '338.01596815297967' 'present']
 ['19' '338.1230387254901' 'marauded']
 ['13' '344.4191460282401' 'presentdestroyed']
 ['19' '349.1714146036034' 'marauded']
 ['3' '353.81219657608364' 'presentdestroyed']
 ['8' '358.80670188397073' 'marauded']]","[['F202' '44.99506724814655' 'absent']
 ['F91' '46.43877783805579' 'mated']
 ['F58' '66.05866831789473' 'destroyed']
 ['F85' '72.02754512244698' 'mated']
 ['F46' '77.8962276511992' 'mated']
 ['F51' '85.59162434710137' 'mated']
 ['F212' '89.76208072118743' 'mated']
 ['F150' '110.062749474762' 'mated']
 ['F180' '201.56637926604697' 'destroyed']
 ['F11' '215.7772592280754' 'absent']
 ['F76' '226.55415058666605' 'mated']
 ['F196' '227.51600788570394' 'mated']
 ['F3' '233.64342694950366' 'destroyed']
 ['F139' '237.91948998281723' 'mated']
 ['F42' '256.0109304833981' 'mated']
 ['F61' '300.4211585748049' 'destroyed']]",582.0,71.54384869610922,14.204929621000247,1070.0,182.26959936217727,38.98088356515584,645.0,105.06491506045434,21.99819790248299,10.0,0.9999999999999999,0.10000000000000003,59.0,0.273148148148148,0.0012645747599451293
17,0.054,12,360.0956264737107,"[['10' '25.569877155184155' 'present']
 ['13' '38.4440039562135' 'present']
 ['1' '43.195646918944675' 'marauded']
 ['22' '50.02902987967633' 'presentdestroyed']
 ['18' '52.76965760586375' 'present']
 ['3' '53.14600436531275' 'present']
 ['20' '58.866404306894374' 'present']
 ['3' '59.163725507631106' 'present']
 ['2' '59.808154942895385' 'present']
 ['13' '68.44654915485165' 'present']
 ['20' '76.1247594083582' 'present']
 ['0' '76.44961880722792' 'present']
 ['9' '82.66475960918412' 'present']
 ['7' '97.9243772501186' 'present']
 ['13' '105.60088834851092' 'present']
 ['3' '121.46121411709167' 'present']
 ['7' '134.99548883350067' 'present']
 ['20' '146.37647925812584' 'present']
 ['0' '159.86627983588036' 'present']
 ['9' '160.69841170993172' 'present']
 ['10' '172.0022071512628' 'marauded']
 ['13' '181.9768474841285' 'present']
 ['7' '182.27139615256556' 'marauded']
 ['23' '189.2265084979738' 'destroyed']
 ['16' '196.00527807619517' 'present']
 ['0' '207.60496239633335' 'present']
 ['16' '218.18423680351904' 'present']
 ['11' '234.30741568252316' 'present']
 ['21' '236.08313979554822' 'marauded']
 ['0' '237.6271821225572' 'presentdestroyed']
 ['14' '237.68185989883537' 'presentdestroyed']
 ['2' '242.32255863253735' 'presentdestroyed']
 ['21' '245.1129046132948' 'present']
 ['18' '245.322369249244' 'present']
 ['7' '261.3706409204627' 'present']
 ['13' '262.48371614783343' 'present']
 ['21' '268.751262902323' 'present']
 ['22' '273.9514560741338' 'present']
 ['1' '274.7254202918218' 'present']
 ['1' '276.6046593109191' 'present']
 ['3' '276.8810676693669' 'marauded']
 ['7' '281.9627521183913' 'presentdestroyed']
 ['11' '285.8704008597108' 'present']
 ['12' '310.3302419998126' 'present']
 ['15' '317.57940987675994' 'present']
 ['4' '323.73439689310766' 'present']
 ['19' '351.6860841384077' 'present']
 ['21' '358.53048441970765' 'present']
 ['10' '359.66624585005246' 'marauded']]","[['F204' '14.32792868891716' 'mated']
 ['F202' '44.997382062961364' 'destroyed']
 ['F44' '77.18934397813774' 'mated']
 ['F111' '90.38216918897267' 'mated']
 ['F74' '95.58974200794782' 'mated']
 ['F214' '117.57694774629545' 'mated']
 ['F104' '125.97704068904616' 'mated']
 ['F166' '133.65144423302095' 'absent']
 ['F161' '143.15663363771992' 'mated']
 ['F156' '158.46129846369203' 'mated']
 ['F30' '179.41072800268137' '']
 ['F117' '179.54216800269847' '']
 ['F109' '182.75573013043464' 'destroyed']
 ['F153' '187.9342703056918' 'absentdestroyed']
 ['F145' '193.2408666321972' 'absent']
 ['F198' '235.3538089914184' 'absent']
 ['F0' '244.503824611943' 'mated']
 ['F27' '251.7707179728046' 'mated']
 ['F160' '282.51209645407846' 'destroyed']
 ['F83' '285.17881638038125' 'mated']
 ['F53' '351.60599897240303' 'mated']]",565.0,72.03666059481877,15.118374598081115,1558.0,255.37187445169155,53.49380830463371,182.0,30.78508408277217,6.627203956240534,14.0,1.4000000000000001,0.14000000000000007,108.0,0.5000000000000008,0.002314814814814816
18,0.054,9,359.95602453045194,"[['22' '8.361243934077095' 'present']
 ['0' '9.026413663290846' 'present']
 ['16' '14.934570234582385' 'present']
 ['17' '20.15835082273687' 'present']
 ['11' '20.226379359657834' 'present']
 ['20' '32.77200633056523' 'present']
 ['7' '38.73498584638132' 'present']
 ['0' '38.89553611404521' 'present']
 ['13' '41.68814752177408' 'present']
 ['8' '50.85079285077271' 'present']
 ['14' '56.87217203948926' 'present']
 ['13' '67.64353877781191' 'present']
 ['3' '72.0182641861651' 'present']
 ['2' '73.71846168589875' 'present']
 ['20' '81.08155479523677' 'marauded']
 ['16' '84.57190055777187' 'presentdestroyed']
 ['8' '87.85513071410854' 'destroyed']
 ['9' '89.4478512390564' 'present']
 ['23' '92.1925543615126' 'marauded']
 ['23' '97.08338103336246' 'presentdestroyed']
 ['8' '103.40110461244238' 'present']
 ['14' '106.46969707674731' 'present']
 ['15' '108.11693757711984' 'marauded']
 ['2' '112.3979704533854' 'destroyed']
 ['11' '118.47587560658123' 'present']
 ['7' '121.58664761382462' 'present']
 ['14' '137.90226205203152' 'marauded']
 ['2' '138.15102092802948' 'presentdestroyed']
 ['17' '146.2753975211223' 'present']
 ['16' '170.91814210524495' 'present']
 ['20' '180.12581664363847' 'present']
 ['16' '184.4383754207673' 'present']
 ['16' '198.52434517020566' 'marauded']
 ['12' '224.01046276040435' 'present']
 ['17' '227.6456374345179' 'present']
 ['11' '228.14718962713334' 'marauded']
 ['0' '237.63181175218682' 'present']
 ['1' '242.8100269208511' 'present']
 ['19' '244.12919725482465' 'present']
 ['17' '260.6550383967709' 'present']
 ['11' '263.6557963281366' 'present']
 ['12' '266.9506883718073' 'marauded']
 ['22' '270.2060156358007' 'destroyed']
 ['9' '284.22972526239573' 'present']
 ['12' '286.1322179449069' 'present']
 ['21' '287.311576214481' 'marauded']
 ['17' '289.71406563548095' 'presentdestroyed']
 ['13' '303.76627890210733' 'marauded']
 ['9' '307.71857362921355' 'presentdestroyed']
 ['13' '310.9814712143793' 'presentdestroyed']
 ['9' '311.99548296738527' 'present']
 ['10' '318.1855912144636' 'present']
 ['17' '327.88592116113125' 'present']
 ['3' '329.1959059612089' 'present']
 ['12' '340.2313888022861' 'present']
 ['10' '356.691439825274' 'present']]","[['F164' '34.200365455894634' 'mated']
 ['F35' '65.2702281689543' 'mated']
 ['F157' '74.9577221952176' 'mated']
 ['F2' '88.55327975294718' '']
 ['F89' '103.83105937149217' 'mated']
 ['F184' '123.75690470719327' 'mated']
 ['F57' '126.84749938759863' 'absent']
 ['F34' '148.89338256312067' 'mated']
 ['F213' '175.37841089682723' 'mated']
 ['F96' '205.78655148594464' 'destroyed']
 ['F28' '276.0565274213648' 'mated']
 ['F40' '286.1951174944078' 'mated']
 ['F142' '346.25876581825503' 'absent']]",567.0,71.05230624597519,15.013448621128912,1385.0,232.19002932072365,48.71547479464399,349.0,55.01818564589625,11.14714589128892,14.0,1.4000000000000001,0.14000000000000007,89.0,0.4120370370370375,0.001907578875171466
19,0.054,1,360.2454981840272,"[['0' '11.705941860387004' 'present']
 ['2' '13.261692549661483' 'present']
 ['23' '19.011424785745493' 'marauded']
 ['3' '20.996195055458852' 'presentdestroyed']
 ['1' '21.004301504153453' 'presentdestroyed']
 ['3' '24.74897719164596' 'destroyed']
 ['9' '24.84820595131354' 'destroyed']
 ['11' '27.756259686338506' 'present']
 ['2' '33.078802311120384' 'present']
 ['17' '34.069266708423775' 'present']
 ['9' '36.35066798832314' 'marauded']
 ['17' '51.358104613456604' 'present']
 ['20' '69.69402277741924' 'present']
 ['8' '72.68733856994152' 'present']
 ['16' '77.6474104115427' 'present']
 ['14' '85.16452589156579' 'present']
 ['17' '88.39822123809903' 'present']
 ['14' '91.55101121574685' 'marauded']
 ['13' '94.27761463316497' 'presentdestroyed']
 ['15' '96.9025381500462' 'presentdestroyed']
 ['13' '110.11019066751473' 'marauded']
 ['20' '122.73825520182243' 'present']
 ['9' '133.59519000754287' 'present']
 ['4' '139.4168857560043' 'present']
 ['14' '140.35641255122465' 'marauded']
 ['8' '145.6895293421265' 'presentdestroyed']
 ['3' '147.82928497012233' 'present']
 ['11' '153.68971703744538' 'present']
 ['9' '155.76222721631086' 'marauded']
 ['10' '157.25699795787398' 'destroyed']
 ['20' '159.90282418969852' 'presentdestroyed']
 ['10' '164.0806018105943' 'present']
 ['4' '164.93735601204395' 'present']
 ['16' '180.0371610018457' 'present']
 ['15' '182.08995094259853' 'present']
 ['13' '206.30695270757323' 'marauded']
 ['1' '226.21464866741402' 'present']
 ['20' '235.87510232413047' 'present']
 ['22' '240.34939521993059' 'present']
 ['2' '243.6998503575153' 'present']
 ['8' '246.58064112813676' 'present']
 ['2' '255.7443641322204' 'present']
 ['1' '260.9896742376268' 'marauded']
 ['2' '262.21092326667093' 'presentdestroyed']
 ['16' '264.29687459133527' 'presentdestroyed']
 ['1' '267.29008669534113' 'presentdestroyed']
 ['21' '268.75589253195267' 'destroyed']
 ['21' '275.10867827606864' 'present']
 ['10' '276.69888652975504' 'present']
 ['18' '282.14840935816585' 'present']
 ['2' '288.86863100852923' 'present']
 ['0' '294.02918529312024' 'present']
 ['7' '294.366003754271' 'marauded']
 ['12' '295.19284550847027' 'destroyed']
 ['1' '313.6194545167731' 'present']
 ['20' '316.84262160313705' 'present']
 ['14' '316.95031041096007' 'present']
 ['18' '320.6950647290279' 'present']
 ['3' '324.90855056697285' 'present']
 ['2' '331.98568131327494' 'present']
 ['16' '332.95316370470186' 'present']
 ['3' '333.70011614618556' 'present']
 ['2' '337.26652357172406' 'present']
 ['3' '339.01549232606413' 'marauded']
 ['11' '344.38651483491833' 'presentdestroyed']
 ['4' '353.1723009527265' 'marauded']
 ['4' '357.48347627815343' 'presentdestroyed']
 ['23' '359.4025955914146' 'destroyed']]","[['F75' '112.62777623115977' 'destroyed']
 ['F90' '159.18336317565425' 'destroyed']
 ['F160' '282.51672608370814' 'mated']
 ['F185' '300.91773861656225' 'destroyed']
 ['F1' '301.96268611404076' '']
 ['F190' '341.1006980087927' 'destroyed']]",550.0,68.28873330150016,14.211643894932712,1297.0,223.73948384232352,49.33363958209303,396.0,66.74952253707725,14.085664007385564,10.0,0.9999999999999999,0.10000000000000003,71.0,0.3287037037037038,0.001521776406035664
20,0.054,12,360.2763668120217,"[['9' '1.9000084587159223' 'present']
 ['10' '3.4300676716276843' 'present']
 ['8' '4.714525444277582' 'present']
 ['22' '7.180039711240603' 'present']
 ['22' '16.507210110355096' 'present']
 ['8' '20.080290667492154' 'present']
 ['23' '23.237606732862798' 'present']
 ['18' '24.21189549092354' 'present']
 ['21' '39.155468196545264' 'present']
 ['14' '43.75987669846644' 'present']
 ['23' '44.24966052391447' 'marauded']
 ['16' '47.50963845809819' 'destroyed']
 ['21' '48.58998248089992' 'presentdestroyed']
 ['3' '50.27297115449157' 'destroyed']
 ['8' '52.597396104747716' 'present']
 ['9' '58.981234477039095' 'present']
 ['9' '59.31040255737366' 'present']
 ['3' '68.67870820236664' 'present']
 ['12' '71.38285065361008' 'present']
 ['15' '73.50209353640257' 'present']
 ['18' '77.56072529411547' 'present']
 ['15' '95.8697314777664' 'present']
 ['16' '96.02990388703356' 'present']
 ['17' '101.65248439947196' 'present']
 ['18' '107.36725866066061' 'present']
 ['23' '108.07950346219718' 'present']
 ['16' '110.1830618701668' 'present']
 ['17' '123.1146421840781' 'present']
 ['0' '123.88002695422836' 'present']
 ['17' '132.2591144251234' 'present']
 ['19' '135.09575036627734' 'present']
 ['11' '138.49009713289243' 'present']
 ['4' '153.7858339461715' 'present']
 ['14' '153.86833277208166' 'present']
 ['16' '155.5422851184758' 'present']
 ['10' '155.6406725934806' 'present']
 ['19' '176.81891395133522' 'present']
 ['7' '187.5189980136391' 'present']
 ['22' '193.95056136614986' 'present']
 ['7' '195.03315230148982' 'present']
 ['9' '205.2818935299446' 'present']
 ['16' '214.95287247281857' 'present']
 ['1' '215.4033416880867' 'present']
 ['17' '217.30387231517184' 'present']
 ['23' '223.39879740449643' 'present']
 ['9' '224.60118766815484' 'marauded']
 ['4' '231.83432173350658' 'present']
 ['21' '241.80996560217244' 'marauded']
 ['22' '242.8344968312932' 'presentdestroyed']
 ['10' '249.19776450226564' 'present']
 ['21' '256.73857082986314' 'marauded']
 ['19' '270.03844303865' 'marauded']
 ['18' '275.00873175714725' 'presentdestroyed']
 ['23' '275.3154547776035' 'destroyed']
 ['13' '278.7123056188342' 'present']
 ['1' '296.4380222014874' 'present']
 ['10' '303.1786262037312' 'present']
 ['8' '318.5231765266355' 'marauded']
 ['17' '320.11032616138067' 'presentdestroyed']
 ['17' '320.5023896253793' 'presentdestroyed']
 ['18' '322.72387719772166' 'presentdestroyed']
 ['3' '327.65851759566044' 'present']
 ['3' '333.8905058122967' 'present']
 ['3' '333.89513544192636' 'present']
 ['13' '334.9563926413934' 'present']
 ['21' '336.3596539057902' 'marauded']
 ['4' '337.63017748965683' 'presentdestroyed']
 ['2' '347.24784393436175' 'present']
 ['2' '354.275551416672' 'present']]","[['F186' '27.846362785936297' 'mated']
 ['F17' '57.36495141959634' 'mated']
 ['F2' '88.55559456776199' 'absent']
 ['F77' '112.49434889975048' 'mated']
 ['F129' '151.62744626539583' 'mated']
 ['F45' '173.8925383615739' 'mated']
 ['F145' '193.243181447012' 'mated']
 ['F18' '206.74318433760683' 'mated']
 ['F188' '209.9988094456422' 'mated']
 ['F101' '216.10909472694314' 'mated']
 ['F151' '220.9251330362892' 'mated']
 ['F211' '281.16889273809727' 'mated']
 ['F160' '282.5097816392636' 'absent']
 ['F38' '283.5536911841227' 'mated']
 ['F183' '292.4745249940071' 'absent']]",570.0,67.97491726669271,13.272739681244506,1436.0,248.08791945011504,54.17600851365737,243.0,42.68203040509226,9.296086181219517,9.0,0.8999999999999999,0.09000000000000002,80.0,0.3703703703703706,0.001714677640603565
21,0.054,7,360.19789772422314,"[['20' '1.3709071031285855' 'present']
 ['8' '3.2154659490075765' 'marauded']
 ['19' '5.632554497281148' 'presentdestroyed']
 ['19' '6.297498322238404' 'destroyed']
 ['18' '6.599974804942353' 'presentdestroyed']
 ['15' '16.915905203288496' 'present']
 ['19' '18.963464768514804' 'marauded']
 ['2' '23.811210118556577' 'presentdestroyed']
 ['7' '30.622842474548165' 'marauded']
 ['9' '32.84840456685175' 'destroyed']
 ['18' '39.336174817274255' 'present']
 ['8' '52.59276647511808' 'present']
 ['7' '56.288393274802644' 'present']
 ['3' '61.74351792905024' 'present']
 ['7' '63.631160695972774' 'present']
 ['2' '70.32457276618669' 'present']
 ['12' '71.00518799679692' 'present']
 ['1' '71.22830634009351' 'present']
 ['12' '95.10837443520681' 'present']
 ['12' '101.684115502302' 'present']
 ['1' '103.93210281223449' 'marauded']
 ['7' '104.63056735113506' 'presentdestroyed']
 ['12' '114.36203411428343' 'marauded']
 ['11' '118.37972149907353' 'destroyed']
 ['0' '118.58593834475815' 'presentdestroyed']
 ['22' '124.73179749736542' 'present']
 ['12' '128.6591393658006' 'present']
 ['2' '129.4255710677777' 'marauded']
 ['20' '138.4106188040863' 'present']
 ['2' '138.68058929586255' 'present']
 ['15' '138.87691026320763' 'marauded']
 ['12' '139.14424507366732' 'presentdestroyed']
 ['8' '142.63621197947467' 'presentdestroyed']
 ['9' '145.0432474843179' 'destroyed']
 ['9' '146.4744498945547' 'destroyed']
 ['15' '148.3602570955175' 'present']
 ['10' '150.0740216489619' 'present']
 ['10' '151.06337536707252' 'marauded']
 ['22' '161.72813561921862' 'present']
 ['18' '165.2317267340554' 'present']
 ['11' '171.45970688997932' 'present']
 ['14' '179.3989901814538' 'present']
 ['3' '183.17042577447467' 'present']
 ['14' '198.18286481364774' 'marauded']
 ['15' '202.5947944980018' 'presentdestroyed']
 ['14' '220.3866130333245' 'marauded']
 ['17' '227.65026706414753' 'presentdestroyed']
 ['19' '240.65915188564622' 'present']
 ['13' '257.790273719399' 'marauded']
 ['1' '264.02510013494805' 'presentdestroyed']
 ['12' '273.64309275115045' 'present']
 ['10' '296.6700142089337' 'present']
 ['17' '300.0876285845015' 'present']
 ['15' '300.6596912748462' 'present']
 ['9' '302.9891035546888' 'present']
 ['9' '309.31044606717205' 'marauded']
 ['15' '309.72394622270804' 'presentdestroyed']
 ['22' '320.0794270904757' 'present']
 ['22' '322.2312188588396' 'marauded']
 ['4' '326.1116472719712' 'presentdestroyed']
 ['4' '329.280256698626' 'presentdestroyed']
 ['7' '335.5553591129038' 'present']
 ['0' '337.21520597845245' 'present']
 ['7' '337.49552256692317' 'present']
 ['10' '337.69758028507346' 'marauded']
 ['1' '344.2652704976503' 'presentdestroyed']
 ['23' '356.69749135323343' 'present']
 ['4' '359.1656894423413' 'present']]","[['F202' '44.99969687777618' 'mated']
 ['F150' '110.06043465994719' 'destroyed']
 ['F189' '134.82062564355385' 'destroyed']
 ['F173' '161.69371118919673' 'mated']
 ['F59' '170.69623627094202' 'mated']
 ['F170' '181.59406630564084' 'absent']
 ['F6' '197.09427316656596' 'mated']
 ['F19' '209.50270671181312' 'absent']
 ['F5' '274.9373967306422' 'mated']
 ['F203' '279.1773876837165' 'mated']
 ['F208' '289.73456368348815' 'mated']
 ['F33' '325.94413821159674' 'destroyed']
 ['F206' '328.5037512511736' 'destroyed']]",583.0,72.219823964192,15.176790030483996,1195.0,200.76551629768701,43.033941602881306,494.0,85.59329914181465,18.35403527200767,12.0,1.2,0.12000000000000005,66.0,0.3055555555555555,0.0014146090534979412
22,0.054,9,359.9490406822574,"[['13' '3.435588726800693' 'present']
 ['23' '7.769467499248029' 'present']
 ['23' '12.738901875753893' 'present']
 ['1' '18.416139751272105' 'present']
 ['14' '24.576799917250643' 'present']
 ['16' '29.866837046983957' 'present']
 ['9' '31.035611986145035' 'present']
 ['15' '32.97955446333967' 'marauded']
 ['12' '35.49162014710842' 'presentdestroyed']
 ['21' '38.383983235974355' 'presentdestroyed']
 ['2' '50.62702609796749' 'marauded']
 ['9' '57.748836327051464' 'destroyed']
 ['17' '63.600982174356744' 'marauded']
 ['21' '64.26619340884487' 'presentdestroyed']
 ['13' '72.5915692675684' 'marauded']
 ['20' '76.11550014909896' 'destroyed']
 ['20' '76.26361869083755' 'destroyed']
 ['3' '83.06302046764148' 'present']
 ['14' '83.98760823099556' 'marauded']
 ['13' '84.26209085739852' 'presentdestroyed']
 ['20' '87.56712201140358' 'presentdestroyed']
 ['4' '99.79300066284414' 'present']
 ['4' '118.05224765587487' 'present']
 ['4' '122.9822065461982' 'present']
 ['17' '123.11001255444847' 'present']
 ['0' '124.73821878858067' 'present']
 ['4' '124.76950402776028' 'present']
 ['3' '134.7693501252019' 'present']
 ['3' '137.14149126523333' 'marauded']
 ['20' '147.82409777796494' 'marauded']
 ['20' '175.3999493739108' 'present']
 ['18' '184.59395594809067' 'present']
 ['2' '185.31369898824596' 'marauded']
 ['15' '188.98590382539334' 'destroyed']
 ['17' '189.8071413778871' 'presentdestroyed']
 ['23' '190.71735087259736' 'presentdestroyed']
 ['13' '203.3937455033242' 'present']
 ['15' '208.48421791953342' 'present']
 ['3' '209.27807808992475' 'present']
 ['9' '210.70394317900653' 'present']
 ['14' '218.95227343296358' 'present']
 ['16' '220.99136546914158' 'marauded']
 ['12' '222.30286741550884' 'destroyed']
 ['17' '225.5023101984577' 'presentdestroyed']
 ['10' '230.97270096551003' 'present']
 ['13' '238.86313608362718' 'present']
 ['4' '244.1433899400547' 'present']
 ['20' '249.9574485338353' 'present']
 ['21' '250.02548545833557' 'present']
 ['2' '255.97082326700945' 'present']
 ['17' '257.4300818038484' 'marauded']
 ['3' '273.174903492333' 'present']
 ['0' '279.11504318928877' 'marauded']
 ['15' '283.08373981640904' 'presentdestroyed']
 ['10' '288.730574725008' 'present']
 ['17' '288.7779559152725' 'present']
 ['12' '304.3928865236937' 'present']
 ['2' '305.7508707455071' 'marauded']
 ['19' '306.52589729373364' 'presentdestroyed']
 ['8' '318.6278061562652' 'present']
 ['0' '327.3645142887253' 'present']
 ['0' '332.48478680860484' 'present']
 ['19' '334.3950856780524' 'present']
 ['10' '336.60261435975326' 'present']
 ['11' '346.59563340777567' 'present']
 ['8' '351.50875369312814' 'present']
 ['2' '353.6555030773524' 'present']]","[['F92' '101.70057279531326' 'mated']
 ['F174' '103.71434046505651' 'absent']
 ['F78' '108.0927201480529' 'mated']
 ['F75' '112.63240586078939' 'mated']
 ['F138' '112.91037189224515' 'mated']
 ['F16' '126.46848347338857' 'absent']
 ['F69' '139.77534962038706' 'destroyed']
 ['F49' '144.63543130088738' '']
 ['F117' '179.54448281751328' 'mated']
 ['F178' '179.9430057165226' 'absent']
 ['F169' '185.62299928373577' 'destroyed']
 ['F20' '205.87773845298656' 'absent']
 ['F120' '207.44492148423691' 'mated']
 ['F113' '214.6587433006831' 'mated']
 ['F196' '227.51369307088913' 'destroyed']
 ['F148' '243.9639174229268' 'mated']
 ['F179' '296.06437053507767' 'mated']
 ['F206' '328.5060660659884' 'absent']]",574.0,71.40141941261207,14.752753757795452,1256.0,213.7420002452818,46.35720385799463,418.0,73.69509024583976,15.943052445036194,9.0,0.8999999999999999,0.09000000000000002,63.0,0.2916666666666666,0.0013503086419753075
23,0.054,13,360.54102332310674,"[['7' '1.5750081388370447' 'present']
 ['13' '15.334612912312885' 'present']
 ['8' '25.64529497073601' 'present']
 ['18' '29.130526852130117' 'present']
 ['2' '32.82331442393905' 'present']
 ['17' '57.07115068535145' 'present']
 ['14' '58.12259595670059' 'present']
 ['18' '65.51674330664943' 'present']
 ['20' '69.2399987131308' 'marauded']
 ['0' '84.13052062754593' 'present']
 ['13' '84.82843965597458' 'marauded']
 ['19' '90.64040523082241' 'presentdestroyed']
 ['2' '93.76070217373719' 'present']
 ['15' '99.64281307213766' 'present']
 ['9' '119.54183377571735' 'present']
 ['20' '120.45190553571409' 'present']
 ['9' '124.62251663588337' 'present']
 ['4' '130.59266711332236' 'present']
 ['19' '131.0524278937856' 'present']
 ['15' '135.1323092037496' 'present']
 ['3' '136.28137148802406' 'marauded']
 ['1' '141.13054255818224' 'presentdestroyed']
 ['0' '143.51743347115175' 'presentdestroyed']
 ['4' '145.48936747261354' 'marauded']
 ['19' '151.6400786209742' 'destroyed']
 ['3' '153.63359299385513' 'present']
 ['16' '153.66198054919508' 'present']
 ['9' '154.97502231315983' 'present']
 ['19' '155.06550378442765' 'present']
 ['3' '162.45377980929942' 'present']
 ['21' '162.91622807297566' 'marauded']
 ['17' '164.89677907780592' 'destroyed']
 ['18' '174.75712181969226' 'marauded']
 ['13' '178.46905484890817' 'destroyed']
 ['2' '181.60806956206218' 'destroyed']
 ['12' '201.16543669370392' 'present']
 ['18' '227.39924712287817' 'marauded']
 ['10' '232.02579075707789' 'presentdestroyed']
 ['1' '232.9779490624706' 'presentdestroyed']
 ['13' '252.9960215399686' 'present']
 ['4' '253.41930796007165' 'present']
 ['10' '254.16359691980287' 'present']
 ['7' '257.85335885366516' 'present']
 ['2' '258.30846865445784' 'present']
 ['0' '258.7404870140664' 'present']
 ['17' '260.5504087671412' 'marauded']
 ['0' '262.5348792855085' 'presentdestroyed']
 ['19' '272.4199067936627' 'present']
 ['21' '276.4766424632993' 'present']
 ['13' '280.9245462981752' 'present']
 ['15' '282.1360026072626' 'present']
 ['1' '291.2589563441622' 'marauded']
 ['20' '291.37149822637906' 'presentdestroyed']
 ['11' '292.62279881946705' 'presentdestroyed']
 ['17' '297.1540131575852' 'presentdestroyed']
 ['22' '299.9626604258562' 'present']
 ['16' '310.2684677222015' 'present']
 ['0' '311.862306365694' 'marauded']
 ['13' '313.7579166845345' 'presentdestroyed']
 ['20' '316.6752250915317' 'destroyed']
 ['1' '324.52323403029425' 'present']
 ['22' '346.7484429099523' 'present']]","[['F107' '47.994304188497445' 'mated']
 ['F205' '69.96499800153862' 'destroyed']
 ['F199' '100.68127060311168' 'mated']
 ['F181' '113.23953720022159' 'absent']
 ['F16' '126.475427917833' 'mated']
 ['F34' '148.88412330386143' 'destroyed']
 ['F119' '165.75468361912993' 'destroyed']
 ['F70' '172.65429486474858' 'mated']
 ['F30' '179.415357632311' 'destroyed']
 ['F36' '189.75610043427002' 'mated']
 ['F193' '196.2182350144365' 'mated']
 ['F65' '198.20315945209472' 'absent']
 ['F182' '199.3893377672113' 'mated']
 ['F4' '205.5975668548951' 'mated']
 ['F15' '211.4722785345016' 'mated']
 ['F72' '216.92407944631708' 'mated']
 ['F52' '226.23827688527678' 'mated']
 ['F87' '226.6101297766026' 'mated']
 ['F3' '233.64574176431847' 'destroyed']
 ['F177' '319.5458445970157' 'mated']]",572.0,70.38262495750892,14.82884956702348,1350.0,227.21388404214338,48.607289827673945,381.0,61.14778239150902,12.78206096207878,11.0,1.0999999999999999,0.11000000000000004,56.0,0.259259259259259,0.0012002743484224956
