id,probability_maraud,successful_mating,next_foraging_time,mar_attempts,mate_attempts,foraging_events,foraging_hrs,foraging_sqhrs,staying_events,staying_hrs,staying_sqhrs,repairing_events,repairing_hrs,repairing_sqhrs,marauding_events,marauding_hrs,marauding_sqhrs,traveling_events,traveling_hrs,traveling_sqhrs
0,0.054,12,360.3898797834869,"[['17' '43.65546519799207' 'present']
 ['17' '44.38533680119298' 'present']
 ['19' '69.81974656652746' 'present']
 ['14' '73.44796704626573' 'present']
 ['19' '93.07370556175027' 'present']
 ['17' '101.0736826265777' 'marauded']
 ['19' '116.51953437352569' 'present']
 ['18' '153.5033648719411' 'present']
 ['18' '159.52530042689907' 'present']
 ['15' '200.9902218465349' 'present']
 ['17' '201.75355313305062' 'present']
 ['15' '207.5299546983539' 'marauded']
 ['17' '240.7082336871339' 'present']
 ['15' '249.5634111704086' 'marauded']
 ['15' '252.2577204983928' 'destroyed']
 ['14' '266.2897773418709' 'present']
 ['19' '300.22743476281875' 'present']
 ['15' '303.09289849447697' 'present']
 ['18' '333.095632953528' 'marauded']
 ['14' '345.60069260810263' 'marauded']
 ['17' '353.4991537244484' 'present']]","[['F30' '43.28650509710747' 'mated']
 ['F32' '67.76159961932788' 'absent']
 ['F167' '72.30141038459408' 'mated']
 ['F213' '87.40374065989442' 'mated']
 ['F147' '128.67062183029037' 'mated']
 ['F12' '128.67161170476763' 'mated']
 ['F198' '134.33604534635285' 'absent']
 ['F142' '142.67184867617758' 'mated']
 ['F165' '144.64839954282752' 'mated']
 ['F170' '144.90456973038096' 'mated']
 ['F180' '179.3742944705267' 'absent']
 ['F144' '198.97710997392548' 'mated']
 ['F59' '203.09125366819092' 'mated']
 ['F129' '204.7339684792611' 'mated']
 ['F196' '219.27613822377177' 'absent']
 ['F212' '260.2929721479682' 'mated']
 ['F114' '307.34065006137973' 'absent']
 ['F84' '336.5798678687668' 'destroyed']
 ['F25' '350.52630866833323' 'destroyed']]",578.0,68.70935624126622,14.099921040191491,1554.0,259.0586660344646,54.703972534281675,180.0,30.56243359280493,6.355077125049934,14.0,1.4000000000000001,0.14000000000000007,97.0,0.4490740740740747,0.0020790466392318235
1,0.0,8,359.8771792204157,"[['15' '6.403843965722231' 'present']
 ['18' '32.39237021982958' 'marauded']
 ['18' '45.14620749157629' 'present']
 ['0' '98.39001694273519' 'present']
 ['19' '104.84417464925964' 'present']
 ['15' '107.3893934677356' 'marauded']
 ['18' '126.44748361979794' 'present']
 ['18' '126.72129005174247' 'present']
 ['15' '140.85143499561894' 'present']
 ['19' '156.58548477091628' 'present']
 ['18' '183.7402946531859' 'marauded']
 ['17' '264.2536123771323' 'present']
 ['18' '288.856649133739' 'present']
 ['15' '296.9250712910538' 'present']
 ['18' '314.937269700435' 'present']
 ['0' '328.60315352660336' 'present']
 ['19' '331.4880257388135' 'marauded']
 ['15' '335.28800870691964' 'presentdestroyed']
 ['15' '353.6456781530781' 'marauded']]","[['F195' '41.92703881959435' 'mated']
 ['F123' '94.62336712749837' 'mated']
 ['F188' '112.45187795234759' 'destroyed']
 ['F54' '138.61821222237856' 'mated']
 ['F155' '168.70632786012325' 'mated']
 ['F180' '179.37660928534152' 'mated']
 ['F166' '206.78689371891468' 'mated']
 ['F109' '224.47386686978328' 'mated']
 ['F171' '225.76766587711677' 'absent']
 ['F177' '262.9741149117436' 'mated']]",562.0,71.20072698958109,14.96008714999681,1552.0,259.1225802170838,55.08430894788283,186.0,29.787624629951587,6.2446083778343855,0.0,0.0,0.0,0.0,0.0,0.0
2,0.0,7,360.2636705240272,"[['19' '17.367486401457544' 'marauded']
 ['14' '21.272988354036205' 'presentdestroyed']
 ['19' '26.60946957870696' 'present']
 ['17' '40.234330566444825' 'present']
 ['15' '52.21042219413159' 'present']
 ['17' '77.99221102948172' 'present']
 ['14' '85.63930144890254' 'present']
 ['19' '101.14567469254773' 'present']
 ['0' '113.60426596986498' 'present']
 ['17' '138.6457609254128' 'present']
 ['0' '142.8307055735931' 'present']
 ['17' '156.8099323164841' 'marauded']
 ['19' '157.2404219246355' 'presentdestroyed']
 ['17' '184.7869019776531' 'present']
 ['14' '192.019905460807' 'present']
 ['19' '202.79066169196153' 'present']
 ['0' '203.6938813880068' 'present']
 ['18' '212.41607942306243' 'present']
 ['18' '219.8451288625327' 'present']
 ['18' '240.7308449405175' 'present']
 ['18' '262.1142704515063' 'present']
 ['15' '283.9521471233677' 'present']
 ['14' '286.80722691560663' 'present']
 ['0' '331.0676025100476' 'marauded']
 ['14' '337.88687156267673' 'presentdestroyed']
 ['19' '343.93219964483467' 'present']]","[['F120' '19.659754969470843' 'destroyed']
 ['F40' '22.053638768334967' 'destroyed']
 ['F66' '119.73254799248662' 'mated']
 ['F210' '121.78659237933724' 'mated']
 ['F22' '159.77843914646084' 'destroyed']
 ['F18' '172.09155499336572' 'absent']
 ['F173' '188.34631277591956' 'absent']
 ['F125' '194.3177434811843' 'mated']
 ['F196' '219.27845303858658' 'mated']
 ['F94' '222.92845071640724' 'absent']
 ['F23' '240.41508337259845' 'mated']
 ['F161' '304.2341895804421' 'mated']
 ['F101' '313.40983574564655' 'mated']
 ['F84' '336.57523823913715' 'absentdestroyed']]",558.0,72.3151729738312,15.351379592566689,1614.0,269.3847088094845,56.84841541204253,116.0,18.320713239027867,3.7949440737538667,0.0,0.0,0.0,0.0,0.0,0.0
3,0.0,11,360.1096354192946,"[['0' '21.745303028622327' 'present']
 ['0' '47.604843284514345' 'present']
 ['0' '87.59741777885486' 'present']
 ['18' '129.61155231800652' 'marauded']
 ['0' '129.63591802918808' 'destroyed']
 ['18' '132.77269287196998' 'presentdestroyed']
 ['19' '136.65715867099206' 'present']
 ['17' '136.8552071095584' 'marauded']
 ['19' '154.4396021837223' 'present']
 ['19' '156.43261582844386' 'present']
 ['19' '157.41427107453939' 'present']
 ['19' '162.9411157988705' 'present']
 ['18' '172.45586552772153' 'present']
 ['19' '175.63228577630142' 'present']
 ['15' '178.98454930549832' 'present']
 ['19' '221.41776819590532' 'present']
 ['14' '223.00329096923687' 'marauded']
 ['18' '243.70897519568297' 'present']
 ['15' '266.69887622110565' 'present']
 ['17' '321.1748310795571' 'present']
 ['19' '340.70023726343726' 'present']]","[['F33' '74.39937338902408' 'mated']
 ['F163' '84.16358619317695' 'mated']
 ['F134' '111.32983161952366' 'mated']
 ['F149' '129.17300649606725' 'mated']
 ['F52' '145.08680722681814' 'mated']
 ['F4' '177.16624800849934' 'absent']
 ['F6' '194.44961102708126' 'mated']
 ['F46' '198.98976652089056' 'mated']
 ['F152' '203.41161579999888' 'mated']
 ['F112' '211.7659843150064' 'mated']
 ['F190' '308.74046631090954' 'mated']
 ['F154' '322.07698749751904' 'mated']
 ['F215' '334.22044887330236' 'absent']]",565.0,70.45400725018564,13.867954105206236,1595.0,271.33899025803424,58.72264515901144,116.0,18.23063453704076,3.799689172040439,0.0,0.0,0.0,0.0,0.0,0.0
4,0.0,11,360.3684499059535,"[['18' '77.98871898187925' 'marauded']
 ['17' '84.41913670137647' 'presentdestroyed']
 ['19' '86.66425030026318' 'present']
 ['14' '116.93240616526795' 'marauded']
 ['0' '118.486343087252' 'presentdestroyed']
 ['18' '145.53673812394484' 'present']
 ['15' '145.66650384118023' 'present']
 ['18' '156.24286491680996' 'marauded']
 ['19' '159.38735005986078' 'presentdestroyed']
 ['0' '174.29892382175697' 'present']
 ['15' '227.31425578252282' 'present']
 ['19' '247.4632709101557' 'marauded']
 ['17' '252.55504849103502' 'presentdestroyed']
 ['19' '279.2046758276483' 'present']
 ['14' '290.47444253592266' 'present']
 ['17' '298.03571754176573' 'present']
 ['18' '317.0679194184379' 'present']
 ['14' '331.44979524170725' 'present']]","[['F158' '77.72007716134442' 'mated']
 ['F35' '84.69734438751011' 'destroyed']
 ['F35' '84.70197401713973' 'destroyed']
 ['F36' '128.19037032833765' 'mated']
 ['F1' '145.79261761214468' 'mated']
 ['F64' '148.61395575414218' 'mated']
 ['F34' '171.37268541641575' 'mated']
 ['F4' '177.16856282331415' 'mated']
 ['F175' '179.05317061815074' 'mated']
 ['F125' '194.31542866636948' 'absent']
 ['F43' '217.7540572599083' 'absent']
 ['F94' '222.93076553122205' 'mated']
 ['F104' '235.70748635907594' 'mated']
 ['F145' '263.40040655902993' 'mated']
 ['F78' '277.3402809212836' 'mated']
 ['F154' '322.0746726827042' 'absent']]",557.0,76.18942040955281,18.355096976937173,1524.0,259.64144514680595,55.63066574033902,140.0,24.2243704811827,5.195625715278757,0.0,0.0,0.0,0.0,0.0,0.0
5,0.0,5,360.46993415505096,"[['17' '15.353332893960623' 'present']
 ['0' '31.301523641975713' 'present']
 ['0' '46.531882881725686' 'present']
 ['14' '69.13908645717767' 'present']
 ['0' '81.43500129232672' 'present']
 ['17' '94.60066678819098' 'present']
 ['0' '122.68696348176' 'present']
 ['15' '141.59968079888063' 'marauded']
 ['0' '157.25950374785134' 'present']
 ['19' '157.60409465338873' 'present']
 ['15' '158.15702309941975' 'marauded']
 ['17' '160.82298250957115' 'presentdestroyed']
 ['18' '171.5574543140726' 'marauded']
 ['14' '188.94435607600263' 'present']
 ['18' '198.39413234267306' 'present']
 ['15' '200.9948514761645' 'marauded']
 ['15' '210.5048192661092' 'present']
 ['18' '218.90803333049834' 'present']
 ['17' '225.43897293766597' 'present']
 ['15' '234.83429834175925' 'marauded']
 ['15' '245.63308346307372' 'present']
 ['0' '264.13706218771756' 'present']
 ['18' '303.0822293251853' 'present']
 ['17' '308.368269363514' 'marauded']
 ['15' '338.70829517414717' 'present']
 ['17' '343.8337544279581' 'present']
 ['15' '355.13325278570494' 'present']]","[['F35' '84.70428883195454' 'mated']
 ['F26' '94.61242370754967' 'mated']
 ['F150' '128.9482092790229' 'mated']
 ['F52' '145.08449241200333' 'destroyed']
 ['F209' '152.49194877240424' 'mated']
 ['F156' '163.66494171762102' 'destroyed']
 ['F138' '203.87088489552158' 'absentdestroyed']
 ['F166' '206.78457890409987' 'destroyed']
 ['F23' '240.41276855778364' 'destroyed']
 ['F95' '264.08237813425745' 'mated']]",548.0,70.83138881826497,15.700639307150606,1510.0,252.65934558552956,53.68037519929325,213.0,36.68390253124916,7.962534505235335,0.0,0.0,0.0,0.0,0.0,0.0
6,0.0,8,360.0440846492154,"[['0' '55.76901467824847' 'present']
 ['17' '112.41217574159224' 'present']
 ['15' '133.75395850502346' 'present']
 ['15' '204.54706926605064' 'present']
 ['0' '236.09752677577765' 'present']
 ['15' '245.81486250105866' 'present']
 ['19' '250.55305153676477' 'present']
 ['15' '259.66734383054853' 'present']
 ['15' '273.3947988727605' 'marauded']]","[['F208' '65.88320428851804' 'mated']
 ['F194' '118.88853287885262' 'mated']
 ['F142' '142.66953386136277' 'absent']
 ['F211' '156.97083995286064' 'mated']
 ['F173' '188.34862759073437' 'mated']
 ['F10' '189.57700391196835' 'absent']
 ['F77' '213.673718660295' 'mated']
 ['F171' '225.76998069193158' 'mated']
 ['F37' '243.9141940476881' 'absent']
 ['F192' '245.69811344469306' 'mated']
 ['F133' '281.3539818352554' 'mated']
 ['F76' '314.1511757816974' 'absent']]",572.0,73.38641949662619,15.457486273931206,1669.0,280.3279588062315,59.46543478865978,39.0,6.293192771070301,1.3261728734041427,0.0,0.0,0.0,0.0,0.0,0.0
7,0.0,15,359.8369986118571,"[['17' '15.473843292295893' 'present']
 ['17' '34.2512725933084' 'present']
 ['18' '37.43846860272789' 'present']
 ['14' '39.742689388397224' 'present']
 ['0' '53.0385687859932' 'present']
 ['15' '66.27275395415856' 'present']
 ['14' '83.22044363698038' 'marauded']
 ['15' '91.47271905855038' 'marauded']
 ['17' '99.01518990413368' 'present']
 ['15' '104.06343550264351' 'present']
 ['14' '115.00645494087493' 'marauded']
 ['0' '117.89008490659896' 'presentdestroyed']
 ['0' '123.95276574622659' 'present']
 ['0' '124.66426571190843' 'present']
 ['0' '157.2771046982614' 'present']
 ['0' '158.05160620500902' 'present']
 ['18' '160.2806524124123' 'present']
 ['18' '171.16722868247007' 'present']
 ['18' '190.0672311281792' 'present']
 ['0' '205.41863628139043' 'present']
 ['17' '222.03139364596072' 'marauded']
 ['14' '252.91935976224914' 'present']
 ['19' '261.65316885242845' 'marauded']
 ['18' '262.6408715781409' 'presentdestroyed']
 ['19' '276.2395040076577' 'present']
 ['17' '293.4395948308835' 'present']
 ['18' '305.75730357393627' 'present']
 ['17' '309.7910166881893' 'present']
 ['14' '310.2916220072525' 'present']
 ['0' '310.3778056806019' 'present']
 ['17' '335.4457053531268' 'present']
 ['15' '340.86490380507206' 'present']
 ['14' '348.59209308869487' 'present']
 ['17' '349.1867963172314' 'marauded']]","[['F60' '14.684808094443877' 'mated']
 ['F181' '37.59934907621696' 'mated']
 ['F151' '52.30488560296195' 'mated']
 ['F137' '81.21543349807153' 'mated']
 ['F35' '84.69965920232492' 'destroyed']
 ['F0' '110.01370738826503' 'mated']
 ['F188' '112.4541927671624' 'mated']
 ['F75' '125.57362252123802' 'mated']
 ['F85' '136.84701700732722' 'absent']
 ['F184' '142.89370692626386' 'mated']
 ['F153' '148.91219309837592' 'mated']
 ['F105' '168.82940530967068' 'mated']
 ['F28' '173.36387555010702' 'mated']
 ['F2' '177.9682054623911' 'mated']
 ['F128' '226.86338138759513' 'destroyed']
 ['F191' '248.75972443900733' 'mated']
 ['F159' '270.896758288627' 'mated']
 ['F117' '289.16317749065945' 'mated']]",567.0,68.3286254139328,13.224038263726202,1476.0,255.30508573041334,55.95090962274009,218.0,36.4931744606482,7.918439414532621,0.0,0.0,0.0,0.0,0.0,0.0
8,0.0,8,359.9774766292055,"[['0' '11.963317167611315' 'present']
 ['0' '22.7452183012265' 'present']
 ['17' '36.94739460044128' 'present']
 ['17' '40.65710833010512' 'marauded']
 ['19' '64.62664516984573' 'present']
 ['17' '77.99684065911134' 'marauded']
 ['18' '81.7796089354735' 'presentdestroyed']
 ['15' '84.20344350557338' 'presentdestroyed']
 ['14' '90.55906074135214' 'present']
 ['19' '101.69977246208178' 'present']
 ['15' '104.0588058730139' 'present']
 ['17' '108.95062056787995' 'present']
 ['17' '111.25808569308356' 'marauded']
 ['15' '115.90996223686584' 'presentdestroyed']
 ['17' '138.24546113416736' 'present']
 ['19' '147.21593871772032' 'present']
 ['0' '163.28099551838207' 'present']
 ['18' '168.532132635717' 'present']
 ['14' '186.33079702411044' 'present']
 ['18' '187.43408807090577' 'present']
 ['17' '212.2099573913206' 'present']
 ['17' '258.54992604140404' 'present']
 ['14' '272.0015339229514' 'present']
 ['17' '330.7841945644154' 'marauded']
 ['14' '340.2953845913179' 'present']
 ['0' '354.7887743045222' 'marauded']
 ['17' '356.55344356797826' 'presentdestroyed']
 ['18' '358.6734395638665' 'presentdestroyed']]","[['F40' '22.058268397964593' 'mated']
 ['F127' '90.18406616743118' 'mated']
 ['F16' '142.84212776115774' 'mated']
 ['F83' '143.03719173568493' 'mated']
 ['F185' '152.52778688651705' 'mated']
 ['F22' '159.78075396127565' 'mated']
 ['F72' '252.6703325970923' 'mated']
 ['F183' '282.0546872246771' 'mated']
 ['F84' '336.58218268358166' 'absentdestroyed']]",559.0,71.6143935576493,15.564794125284934,1534.0,259.47290801912334,55.781497683828896,163.0,28.916913612667084,6.530121574955977,0.0,0.0,0.0,0.0,0.0,0.0
9,0.0,9,360.0292444600933,"[['19' '0.9538042017869964' 'marauded']
 ['19' '6.726911950409154' 'destroyed']
 ['14' '72.73899272460281' 'present']
 ['17' '87.18377473864987' 'present']
 ['15' '94.39115001319203' 'present']
 ['15' '127.84455676853176' 'present']
 ['15' '185.91313509907866' 'present']
 ['17' '186.2224209897898' 'present']
 ['17' '190.54704842812296' 'present']
 ['18' '196.71219951769888' 'present']
 ['0' '198.68042369952005' 'present']
 ['0' '216.41728437326677' 'marauded']
 ['19' '253.46928048385928' 'marauded']
 ['18' '259.83750523162917' 'presentdestroyed']
 ['15' '266.7035058507353' 'present']
 ['15' '273.50405813201985' 'present']
 ['18' '292.65209701794214' 'present']
 ['15' '340.1357395678145' 'marauded']
 ['15' '347.7816264888668' 'present']
 ['15' '349.627837784615' 'present']
 ['14' '354.3663864818113' 'present']
 ['18' '356.1606399453999' 'present']]","[['F53' '21.440983993525524' 'mated']
 ['F69' '161.05933309327077' 'mated']
 ['F39' '187.45874575286197' 'mated']
 ['F38' '200.85685561477118' 'mated']
 ['F74' '207.22261190029266' 'mated']
 ['F21' '208.61892376633145' 'mated']
 ['F48' '215.85292564736798' 'mated']
 ['F178' '228.02776347466352' 'mated']
 ['F212' '260.2906573331534' 'destroyed']
 ['F3' '273.20100627473715' 'mated']
 ['F84' '336.577553053952' 'absent']]",564.0,71.0335923242095,15.152968286171383,1575.0,264.7629685245815,56.02237601581641,151.0,24.235594160306892,4.917739923584065,0.0,0.0,0.0,0.0,0.0,0.0
10,0.0,9,360.00884925547484,"[['0' '6.823501105047529' 'present']
 ['17' '9.137908905013122' 'marauded']
 ['0' '12.920287982897843' 'destroyed']
 ['15' '19.533703096214076' 'present']
 ['19' '21.077927331192377' 'present']
 ['14' '30.322349210480013' 'marauded']
 ['17' '35.301977938817906' 'presentdestroyed']
 ['14' '68.16727366285151' 'present']
 ['15' '69.44945171364162' 'present']
 ['19' '110.63639893480855' 'present']
 ['18' '112.67221342437966' 'present']
 ['17' '144.58511643008575' 'present']
 ['17' '149.62488340275328' 'present']
 ['17' '180.38679072331217' 'present']
 ['0' '191.15627534161126' 'present']
 ['15' '199.60823106076336' 'marauded']
 ['14' '201.7269317073322' 'presentdestroyed']
 ['19' '247.37351041421937' 'present']
 ['18' '257.23567864108884' 'present']
 ['0' '283.57775247723396' 'present']
 ['18' '288.8520195041093' 'present']
 ['19' '317.55051734230364' 'present']
 ['17' '347.69014329433344' 'present']
 ['18' '353.2554165528447' 'present']]","[['F73' '104.9747340157397' 'mated']
 ['F201' '119.16567076653313' 'mated']
 ['F160' '183.04826623269537' 'mated']
 ['F10' '189.57931872678316' 'mated']
 ['F47' '256.8857928180322' 'mated']
 ['F99' '265.64334388696017' 'mated']
 ['F87' '307.0013953583118' 'mated']
 ['F114' '307.34296487619457' 'mated']
 ['F154' '322.07235786788937' 'absent']
 ['F215' '334.2227636881172' 'mated']]",561.0,68.03330041733102,13.523791072556964,1621.0,273.8206566128633,58.78413395183762,110.0,18.20660609990408,3.7027664854544278,0.0,0.0,0.0,0.0,0.0,0.0
11,0.0,7,359.9022020777078,"[['19' '4.144549983532664' 'present']
 ['0' '11.967946797240945' 'present']
 ['14' '18.632619122781495' 'marauded']
 ['15' '18.818172929337027' 'presentdestroyed']
 ['15' '20.326535105554665' 'presentdestroyed']
 ['0' '35.082953735127994' 'present']
 ['18' '116.03833328667164' 'marauded']
 ['15' '123.28655682046275' 'presentdestroyed']
 ['18' '136.33523321248464' 'present']
 ['17' '151.09947018402016' 'present']
 ['0' '161.33697989204276' 'marauded']
 ['19' '185.2965734512157' 'present']
 ['0' '193.37578621454105' 'present']
 ['19' '234.51800511001383' 'present']
 ['18' '242.0976418404426' 'present']
 ['19' '253.46465085422966' 'present']
 ['19' '260.54754952282497' 'present']
 ['0' '264.1832918186426' 'present']
 ['0' '271.4077362983237' 'present']
 ['0' '282.524263941976' 'present']
 ['14' '285.9657863249314' 'marauded']
 ['18' '318.2116004089418' 'present']
 ['17' '325.0187184892526' 'present']
 ['18' '327.6476545314755' 'present']
 ['19' '331.20983155913984' 'marauded']]","[['F40' '22.05595358314978' 'destroyed']
 ['F100' '81.81062149696058' 'mated']
 ['F169' '84.94264829198833' 'mated']
 ['F56' '88.62873789184923' 'mated']
 ['F103' '168.54117864132442' 'destroyed']
 ['F89' '176.03601768508764' 'absent']
 ['F132' '186.2394711534094' 'mated']
 ['F118' '200.14334791490256' 'mated']
 ['F138' '203.8731997103364' 'mated']
 ['F37' '243.91650886250292' 'mated']
 ['F187' '253.62107574812282' 'absent']
 ['F3' '273.1986914599223' 'absent']
 ['F199' '292.92392618559495' 'destroyed']]",565.0,74.28560410351913,16.354755662687186,1476.0,255.31539172270232,55.14031218402536,191.0,30.433628999809333,6.34054805201929,0.0,0.0,0.0,0.0,0.0,0.0
12,0.0,9,360.3488105396181,"[['18' '46.845686698228' 'present']
 ['18' '53.88899214305855' 'present']
 ['18' '57.706566034846034' 'present']
 ['14' '100.97568892769876' 'present']
 ['14' '118.0160455825429' 'present']
 ['15' '148.20830259370263' 'present']
 ['17' '149.1164691710811' 'present']
 ['19' '150.6076242525334' 'present']
 ['14' '156.68160109993966' 'marauded']
 ['17' '159.95344676192485' 'destroyed']
 ['19' '162.58284600723044' 'presentdestroyed']
 ['18' '172.46049515735115' 'present']
 ['14' '220.6320151123714' 'present']
 ['18' '223.38322952464483' 'marauded']
 ['19' '225.45574552666537' 'presentdestroyed']
 ['0' '233.06903674263498' 'present']
 ['18' '237.63244366135498' 'marauded']
 ['0' '248.69034192160325' 'present']
 ['19' '253.06796608849' 'present']
 ['18' '256.5710790086781' 'present']
 ['15' '276.85718207301693' 'present']
 ['18' '280.7723752556889' 'present']
 ['0' '286.60576217032303' 'present']
 ['18' '292.22041247695915' 'present']
 ['14' '352.80272566770816' 'present']]","[['F60' '14.682493279629062' 'absent']
 ['F122' '71.35268400762668' 'mated']
 ['F81' '133.60959563739354' 'mated']
 ['F57' '134.13755687319585' 'mated']
 ['F206' '149.01820624839135' 'mated']
 ['F162' '181.22184866609282' 'mated']
 ['F5' '184.54341278156852' 'mated']
 ['F157' '187.12404778646896' 'mated']
 ['F174' '216.8335260103514' 'mated']
 ['F76' '314.15349059651226' 'mated']]",565.0,71.4048638769426,15.569809913699672,1579.0,270.57130341956724,58.65687848440555,99.0,18.15307628755681,4.241623131154507,0.0,0.0,0.0,0.0,0.0,0.0
13,0.0,13,360.08941035487237,"[['17' '19.34348052011523' 'present']
 ['17' '30.351516040674536' 'present']
 ['15' '73.18228738497415' 'present']
 ['15' '82.33066754378899' 'present']
 ['19' '102.9385109748513' 'present']
 ['14' '145.4469600373234' 'present']
 ['18' '185.26953203568354' 'marauded']
 ['19' '191.02170861020403' 'destroyed']
 ['15' '213.8657444036858' 'present']
 ['18' '254.14004726629113' 'marauded']
 ['19' '272.4300679386675' 'present']
 ['15' '285.5828819753565' 'present']
 ['0' '292.1470856365211' 'present']
 ['18' '295.9294999020458' 'present']
 ['0' '313.13157775287056' 'present']
 ['0' '319.0476425175241' 'present']
 ['17' '324.7053602178339' 'present']
 ['18' '325.9805328023966' 'present']
 ['17' '348.30586540716297' 'present']
 ['14' '358.3250866218197' 'present']]","[['F120' '19.662069784285656' 'absent']
 ['F55' '30.695165073832502' 'mated']
 ['F203' '105.77151852439091' 'mated']
 ['F200' '119.76326800905045' 'mated']
 ['F197' '125.32112204083151' 'mated']
 ['F214' '130.5289669488555' 'mated']
 ['F110' '145.5545672924631' 'mated']
 ['F68' '171.45431222345897' 'mated']
 ['F86' '172.33978213982692' 'mated']
 ['F157' '187.12173297165415' 'destroyed']
 ['F107' '208.44558325539964' 'mated']
 ['F140' '233.88741316596173' 'mated']
 ['F47' '256.87653355877285' 'absentdestroyed']
 ['F121' '282.3236808004885' 'mated']
 ['F179' '287.3734678558264' 'mated']
 ['F199' '292.9262410004098' 'mated']]",562.0,67.55579043630247,13.10056311024219,1662.0,280.39602071533506,59.662557265598586,75.0,12.092350153515353,2.56325924467785,0.0,0.0,0.0,0.0,0.0,0.0
14,0.054,6,360.02010676660524,"[['19' '33.2540460964859' 'present']
 ['19' '39.14839053253927' 'present']
 ['15' '43.96385197674316' 'present']
 ['15' '92.55712756943107' 'present']
 ['15' '102.32713418099439' 'marauded']
 ['0' '115.66239037349229' 'present']
 ['15' '116.20306844644153' 'present']
 ['19' '125.04106015540597' 'present']
 ['17' '132.57372001733648' 'marauded']
 ['0' '143.49170484836412' 'present']
 ['19' '148.06363310649354' 'present']
 ['15' '193.0500959473098' 'present']
 ['15' '197.7930721411162' 'present']
 ['17' '201.94476379471828' 'present']
 ['17' '212.54275715032628' 'marauded']
 ['17' '240.4389288581597' 'present']
 ['19' '249.94084693060077' 'present']
 ['19' '254.3697899053021' 'marauded']
 ['19' '275.50382158428175' 'present']
 ['18' '299.3845551203953' 'present']
 ['15' '313.28268658125387' 'present']
 ['17' '316.6477084461029' 'present']
 ['15' '317.0913097150875' 'marauded']
 ['0' '331.1722321396773' 'present']
 ['15' '332.5887594385489' 'present']
 ['17' '339.222910739932' 'present']
 ['0' '342.5184350161746' 'present']]","[['F97' '138.95424275879483' 'destroyed']
 ['F106' '145.85892770154723' 'mated']
 ['F88' '161.40562883986118' 'mated']
 ['F186' '176.1810516614727' 'mated']
 ['F82' '230.27338586576246' 'mated']
 ['F187' '253.62339056293763' 'absent']
 ['F47' '256.8788483735877' 'destroyed']
 ['F24' '279.7310518532117' 'mated']
 ['F117' '289.1608626758446' 'absent']
 ['F29' '290.1646919068818' 'absent']
 ['F84' '336.5844974983965' 'mated']]",565.0,69.28014743146164,14.304253113482062,1554.0,258.3086713182238,54.27442269297683,191.0,30.60917091620578,6.371729508668621,16.0,1.6000000000000003,0.1600000000000001,74.0,0.3425925925925927,0.0015860768175582976
15,0.054,7,360.27043098439395,"[['14' '10.203511095461042' 'marauded']
 ['0' '34.528688060226564' 'present']
 ['14' '42.05979577847348' 'present']
 ['0' '44.65419524536729' 'marauded']
 ['14' '55.71428710519664' 'present']
 ['14' '71.36188218522126' 'present']
 ['0' '175.3915216405083' 'present']
 ['14' '225.55011992609178' 'present']
 ['14' '241.23806368264118' 'present']
 ['18' '248.3819941816865' 'present']
 ['18' '257.4968743550115' 'present']
 ['18' '299.37992549076563' 'present']
 ['19' '329.05441576689833' 'present']
 ['14' '358.3297162514494' 'present']]","[['F176' '112.65186793578563' 'mated']
 ['F197' '125.3188072260167' 'absent']
 ['F97' '138.95655757360964' 'mated']
 ['F28' '173.36156073529222' 'absent']
 ['F91' '186.09968976653' 'mated']
 ['F115' '193.19961954123144' 'mated']
 ['F131' '206.18114853231748' 'mated']
 ['F31' '265.7020685390315' 'absent']
 ['F159' '270.89444347381215' 'absent']
 ['F182' '297.8502925468408' 'mated']
 ['F25' '350.52862348314807' 'mated']]",568.0,70.46335205364647,14.512334771523806,1640.0,275.40110745817867,58.71826974118617,67.0,12.064965170541644,2.5679388188375163,19.0,1.9000000000000006,0.1900000000000001,98.0,0.45370370370370433,0.0021004801097393683
16,0.0,11,360.0324915284433,"[['18' '1.8532609918795666' 'present']
 ['19' '19.733986777298504' 'present']
 ['15' '30.48340553986741' 'present']
 ['15' '92.45249793980146' 'marauded']
 ['18' '121.73316873373689' 'marauded']
 ['19' '134.62452669946026' 'marauded']
 ['0' '143.3590675116994' 'present']
 ['0' '148.0361749742003' 'present']
 ['14' '150.07513385132387' 'present']
 ['18' '151.65373318598222' 'present']
 ['14' '165.80853483881864' 'marauded']
 ['19' '175.62250007994123' 'present']
 ['15' '185.05680632575636' 'present']
 ['18' '186.51680549372406' 'present']
 ['18' '210.27742330476065' 'present']
 ['14' '249.09795296272884' 'present']
 ['17' '252.9910471066105' 'present']
 ['17' '258.9296698497329' 'present']
 ['18' '270.72189279210784' 'present']
 ['14' '316.43027171880624' 'present']
 ['18' '320.6583699846328' 'marauded']
 ['0' '328.98483316515654' 'present']
 ['17' '340.68499120931267' 'marauded']]","[['F120' '19.66438459910047' 'mated']
 ['F50' '74.97591969363518' 'mated']
 ['F62' '109.76137024224415' 'mated']
 ['F108' '161.99136270267334' 'mated']
 ['F186' '176.1787368466579' 'absent']
 ['F168' '213.8457261912561' 'mated']
 ['F109' '224.47155205496847' 'absent']
 ['F171' '225.76535106230196' 'absent']
 ['F187' '253.62570537775244' 'mated']
 ['F71' '255.90228402296745' 'mated']
 ['F93' '257.094525995413' 'mated']
 ['F143' '261.5524594429547' 'mated']
 ['F51' '263.0583947245211' 'mated']
 ['F136' '283.4835387579049' 'mated']]",567.0,73.9638339092143,15.559995701236119,1480.0,249.5484825857316,52.82165571064995,219.0,36.615888101716415,7.734580133043768,0.0,0.0,0.0,0.0,0.0,0.0
17,0.054,6,360.0244040015514,"[['14' '32.376293964091815' 'present']
 ['15' '52.403776796237175' 'present']
 ['0' '61.2905736301119' 'present']
 ['15' '68.09600138110143' 'present']
 ['18' '118.64879281330755' 'marauded']
 ['14' '125.310411962701' 'presentdestroyed']
 ['18' '151.65836281561184' 'present']
 ['0' '168.04142496458633' 'marauded']
 ['14' '175.97445620886046' 'present']
 ['18' '180.12804488796695' 'present']
 ['0' '201.55129876723592' 'present']
 ['18' '235.04459251288728' 'present']
 ['15' '243.17801819486212' 'present']
 ['18' '272.7123126042098' 'marauded']
 ['18' '327.6430249018458' 'present']
 ['14' '359.9286977086963' 'present']]","[['F204' '48.62726813828181' 'mated']
 ['F32' '67.76391443414269' 'mated']
 ['F90' '125.9955172515217' 'absentdestroyed']
 ['F119' '133.88199664610732' 'mated']
 ['F153' '148.9098782835611' 'absent']
 ['F207' '181.63230305452925' 'mated']
 ['F116' '209.89125942577996' 'mated']
 ['F135' '283.6860145241003' 'mated']
 ['F25' '350.5239938535184' 'absent']]",565.0,72.18790358512304,15.417126022988823,1605.0,267.51259118824777,56.56797606781748,110.0,18.435452802295117,3.945061185923639,17.0,1.7000000000000004,0.1700000000000001,89.0,0.4120370370370375,0.001907578875171466
18,0.054,5,360.3079318866258,"[['17' '1.5910088280736776' 'present']
 ['17' '23.84322658930852' 'marauded']
 ['19' '30.293615312399723' 'presentdestroyed']
 ['17' '39.18883952330067' 'present']
 ['0' '70.31651418332403' 'present']
 ['17' '71.05070557249145' 'present']
 ['0' '91.86417754699941' 'marauded']
 ['0' '114.669581913421' 'present']
 ['15' '122.30484750459141' 'present']
 ['17' '192.66853865954982' 'present']
 ['0' '194.85014853722666' 'present']
 ['15' '199.7438183167615' 'marauded']
 ['19' '217.15123541006372' 'present']
 ['14' '223.56461284909366' 'marauded']
 ['15' '229.02469815883177' 'presentdestroyed']
 ['15' '233.7016763823137' 'present']
 ['0' '239.03737867756374' 'present']
 ['14' '243.12629147921763' 'present']
 ['17' '270.76948497207604' 'present']
 ['15' '282.55141135483825' 'present']
 ['15' '338.3528190629811' 'marauded']
 ['17' '342.78102547960566' 'presentdestroyed']
 ['15' '356.8972698768781' 'present']]","[['F113' '162.71193162761844' 'mated']
 ['F58' '176.30611743357125' 'mated']
 ['F96' '191.94996409166225' 'mated']
 ['F79' '250.20965661880973' 'mated']
 ['F95' '264.0800633194426' 'absent']
 ['F141' '326.80713585150727' 'mated']]",560.0,73.49782533482734,16.17501263004898,1490.0,253.36455738331645,54.23614836211111,186.0,30.80695444773105,6.583481160313566,21.0,2.1000000000000005,0.21000000000000013,96.0,0.44444444444444503,0.0020576131687242787
19,0.054,10,360.0897534402784,"[['0' '23.80242754340151' 'present']
 ['15' '41.62868778836135' 'marauded']
 ['15' '43.362432745682824' 'presentdestroyed']
 ['14' '68.88233945675695' 'present']
 ['0' '68.92661123859092' 'present']
 ['17' '69.66455736633512' 'present']
 ['0' '72.35785994691523' 'present']
 ['0' '99.29783898737772' 'present']
 ['14' '125.31504159233062' 'present']
 ['18' '138.12757069165386' 'present']
 ['15' '171.54750335128557' 'present']
 ['15' '171.67197531083534' 'present']
 ['18' '177.03790672598197' 'marauded']
 ['15' '207.33011383720068' 'present']
 ['17' '225.28810995300637' 'present']
 ['0' '272.58660582674247' 'present']
 ['18' '280.08557417321543' 'marauded']
 ['0' '282.5288935716057' 'destroyed']
 ['18' '289.95509359221415' 'present']
 ['18' '296.2793606626656' 'present']
 ['17' '302.5381302488106' 'present']
 ['18' '307.1109207619565' 'marauded']
 ['18' '308.64421504221673' 'presentdestroyed']
 ['18' '354.415561675348' 'present']]","[['F49' '103.42860093495293' 'mated']
 ['F164' '134.85141654111015' 'mated']
 ['F42' '160.22508227849536' 'mated']
 ['F156' '163.66725653243583' 'mated']
 ['F45' '163.7570875403457' 'mated']
 ['F2' '177.9658906475763' 'destroyed']
 ['F102' '199.56609529153997' 'mated']
 ['F191' '248.7550948093777' 'absent']
 ['F47' '256.8811631884025' 'absent']
 ['F19' '267.7567917135879' 'mated']
 ['F27' '290.6210346344681' 'mated']
 ['F193' '291.4297152054285' 'mated']
 ['F87' '306.99676572868213' 'absent']
 ['F76' '314.1488609668826' '']
 ['F17' '324.65906643825923' 'mated']]",568.0,69.69292447229304,15.059350652702456,1549.0,264.27434640683896,56.597090229560465,141.0,24.84514563590988,5.518151231511272,9.0,0.8999999999999999,0.09000000000000002,72.0,0.3333333333333334,0.0015432098765432085
20,0.0,7,360.5570923517403,"[['14' '29.02031193414544' 'present']
 ['0' '32.174344694070804' 'present']
 ['17' '35.655866385075534' 'marauded']
 ['19' '64.9468278739135' 'present']
 ['15' '76.12383390537443' 'present']
 ['18' '76.36644616455338' 'marauded']
 ['19' '111.3668336529188' 'present']
 ['15' '124.38228362890848' 'present']
 ['18' '154.87376795163894' 'present']
 ['19' '161.35452086541451' 'present']
 ['14' '182.66971434335858' 'present']
 ['17' '196.35052070194368' 'present']
 ['17' '211.02060743776607' 'present']
 ['17' '261.35664330228394' 'present']
 ['18' '267.56492644452504' 'present']
 ['15' '269.69864242873115' 'present']
 ['0' '282.0579217507782' 'marauded']
 ['0' '302.1675348897184' 'marauded']
 ['15' '303.96466190372513' 'presentdestroyed']
 ['15' '313.6815044814738' 'present']]","[['F44' '49.6229960301871' 'mated']
 ['F137' '81.21311868325672' 'destroyed']
 ['F61' '152.7648719587135' 'mated']
 ['F18' '172.09386980818053' 'mated']
 ['F146' '178.59084844466022' 'mated']
 ['F91' '186.09737495171518' 'absent']
 ['F148' '227.17885658738933' 'mated']
 ['F191' '248.75740962419252' 'absent']
 ['F139' '290.6959167827865' 'mated']
 ['F126' '293.8311604950213' 'mated']]",577.0,75.32143231823146,16.252011096276576,1592.0,260.126560747875,54.19798977730748,148.0,24.57454023359738,5.090009718241533,0.0,0.0,0.0,0.0,0.0,0.0
21,0.0,2,360.19294978759353,"[['17' '3.8263151319421125' 'present']
 ['14' '18.569102535052647' 'present']
 ['15' '28.55263289772105' 'present']
 ['18' '40.53791480956028' 'present']
 ['14' '79.96699675657648' 'present']
 ['14' '95.2474770027645' 'present']
 ['0' '110.4620862835166' 'present']
 ['19' '111.8769466577265' 'present']
 ['0' '123.95739537585621' 'present']
 ['0' '157.52755581409687' 'marauded']
 ['18' '170.78704016930726' 'present']
 ['0' '176.57423973070559' 'marauded']
 ['0' '187.17389142399495' 'present']
 ['0' '207.40985069458756' 'present']
 ['15' '234.93892797138886' 'marauded']
 ['17' '239.50588676033266' 'presentdestroyed']
 ['14' '244.04168751202107' 'marauded']
 ['14' '277.8267429151136' 'present']
 ['19' '289.80306423462645' 'present']
 ['0' '317.74761671730795' 'present']
 ['0' '358.91368372818937' 'present']]","[['F28' '173.3592459204774' 'absent']
 ['F89' '176.03833249990245' 'mated']
 ['F98' '195.14409070233864' 'mated']
 ['F87' '306.9944509138673' 'absent']]",563.0,71.40097009812288,15.49099897552917,1581.0,264.256957799709,56.63750420163099,147.0,24.417853574777634,5.283054220917054,0.0,0.0,0.0,0.0,0.0,0.0
22,0.0,14,360.4026893515443,"[['14' '14.093393021496404' 'marauded']
 ['0' '17.54885365389369' 'presentdestroyed']
 ['0' '31.73171039962858' 'present']
 ['0' '69.80727911205804' 'present']
 ['17' '82.92922649777056' 'present']
 ['14' '94.44570242970372' 'present']
 ['17' '115.75662070157937' 'present']
 ['0' '125.17547912567117' 'present']
 ['0' '140.8722084607464' 'present']
 ['0' '191.73561556947922' 'marauded']
 ['18' '222.84788786594507' 'present']
 ['18' '223.56006200061665' 'marauded']
 ['17' '261.24719206574935' 'present']
 ['15' '270.3105652663206' 'present']
 ['15' '270.6704696603312' 'present']
 ['0' '279.10090470509607' 'marauded']
 ['18' '289.95972322184383' 'present']
 ['15' '297.42447100378763' 'present']
 ['15' '340.8602741754424' 'present']
 ['14' '341.8926543436094' 'marauded']
 ['18' '354.4109320457183' 'present']]","[['F15' '30.858867808610828' 'absent']
 ['F20' '60.06032321827234' 'mated']
 ['F90' '125.99783206633651' 'mated']
 ['F172' '131.9988102458552' 'mated']
 ['F198' '134.34067497598247' 'mated']
 ['F80' '161.41555483147346' 'mated']
 ['F115' '193.19730472641663' 'destroyed']
 ['F46' '198.98745170607575' 'destroyed']
 ['F70' '210.24202057270648' 'mated']
 ['F7' '217.70847116446708' 'mated']
 ['F47' '256.88347800321736' 'absent']
 ['F78' '277.33796610646874' 'absent']
 ['F29' '290.1670067216966' 'mated']
 ['F41' '292.4244182474505' 'mated']
 ['F67' '312.18552035286524' 'mated']
 ['F111' '325.37969438746626' 'mated']
 ['F9' '339.84596904093127' 'mated']
 ['F13' '352.70800438540675' 'mated']
 ['F92' '357.95030667794475' 'mated']]",570.0,67.15751431859464,12.912217587215274,1525.0,262.25345780400255,56.90349024427884,186.0,30.60786903170415,6.303816522429686,0.0,0.0,0.0,0.0,0.0,0.0
23,0.0,16,360.05009105906043,"[['15' '63.689419059344296' 'present']
 ['14' '84.22449372716189' 'present']
 ['17' '85.78585322998221' 'marauded']
 ['0' '114.27324492951078' 'present']
 ['0' '114.94568090791523' 'present']
 ['14' '117.33295899094111' 'marauded']
 ['14' '130.74130719428635' 'present']
 ['17' '139.18715803642456' 'present']
 ['14' '141.83631984305825' 'present']
 ['0' '161.44160952167238' 'present']
 ['14' '182.0137692418656' 'present']
 ['19' '250.68134967684352' 'present']
 ['15' '273.4994285023902' 'present']
 ['0' '283.58238210686363' 'marauded']
 ['14' '286.90326831027227' 'presentdestroyed']
 ['15' '334.2873122749433' 'present']
 ['14' '335.3799725945649' 'present']
 ['19' '345.86116920674016' 'present']]","[['F130' '30.821546278124575' 'mated']
 ['F15' '30.86118262342564' 'mated']
 ['F189' '51.49406585503517' 'mated']
 ['F66' '119.7302331776718' 'destroyed']
 ['F198' '134.33836016116766' 'absent']
 ['F85' '136.84933182214203' 'mated']
 ['F124' '158.46150051562117' 'mated']
 ['F103' '168.54349345613923' 'mated']
 ['F38' '200.85454079995637' 'absent']
 ['F8' '204.4722823643224' 'mated']
 ['F14' '207.3090847824832' 'mated']
 ['F11' '210.48485424690602' 'mated']
 ['F43' '217.75637207472312' 'mated']
 ['F128' '226.86569620240994' 'mated']
 ['F202' '247.77690628211073' 'mated']
 ['F205' '248.9867829050667' 'mated']
 ['F31' '265.7043833538463' 'mated']
 ['F63' '269.3471205371571' 'mated']
 ['F65' '271.2311961335037' 'mated']
 ['F87' '306.999080543497' 'absent']
 ['F141' '326.80482103669243' 'absent']]",579.0,69.43033848014464,13.741336086538043,1632.0,272.45325454795017,58.01422261159249,111.0,18.362575872014407,3.882571583753994,0.0,0.0,0.0,0.0,0.0,0.0
