id,probability_maraud,successful_mating,next_foraging_time,mar_attempts,mate_attempts,foraging_events,foraging_hrs,foraging_sqhrs,staying_events,staying_hrs,staying_sqhrs,repairing_events,repairing_hrs,repairing_sqhrs,marauding_events,marauding_hrs,marauding_sqhrs,traveling_events,traveling_hrs,traveling_sqhrs
0,0.0,10,359.89765603259985,"[['20' '21.551665149138458' 'present']
 ['13' '36.150176781338494' 'present']
 ['11' '45.51276344339025' 'marauded']
 ['11' '45.98867050850581' 'presentdestroyed']
 ['13' '58.854275665771084' 'present']
 ['11' '59.04067665193154' 'present']
 ['20' '70.271792473371' 'present']
 ['13' '80.0829543381031' 'present']
 ['20' '84.14028303854806' 'present']
 ['20' '98.92066992092015' 'marauded']
 ['11' '100.12940477499596' 'destroyed']
 ['6' '109.79784899291096' 'present']
 ['13' '134.56519132116253' 'marauded']
 ['13' '139.0841154517746' 'presentdestroyed']
 ['5' '166.60084980406432' 'present']
 ['13' '168.87105840987266' 'marauded']
 ['6' '200.54925641505386' 'present']
 ['6' '275.82676547095514' 'present']
 ['10' '325.0051026946302' 'present']
 ['11' '329.4076431199523' 'present']
 ['6' '341.49141318576625' 'marauded']]","[['F0' '83.25293657967137' 'mated']
 ['F91' '126.01232041293196' 'mated']
 ['F211' '128.98297782913326' 'mated']
 ['F144' '131.83914723153228' 'mated']
 ['F48' '146.98984261422132' 'mated']
 ['F178' '158.03918613052355' 'absent']
 ['F164' '169.68997369534125' 'destroyed']
 ['F164' '169.69460332497087' 'destroyed']
 ['F183' '181.41420720427445' 'mated']
 ['F28' '222.12199549450713' 'absent']
 ['F61' '222.9310146729745' 'mated']
 ['F167' '223.0260544316619' 'absent']
 ['F24' '262.19981181619943' 'mated']
 ['F65' '290.9200799233298' 'mated']
 ['F56' '308.689998524386' 'mated']]",570.0,68.84075619274661,13.430152511270466,1534.0,260.62689260448093,55.60410910304723,183.0,30.701716349207544,6.595120138505434,0.0,0.0,0.0,0.0,0.0,0.0
1,0.0,10,360.4950631121676,"[['6' '5.429984413540193' 'present']
 ['10' '31.56296919062929' 'present']
 ['10' '36.64972734800416' 'marauded']
 ['11' '40.87839741117328' 'destroyed']
 ['20' '74.37721935499503' 'present']
 ['6' '109.09201920341182' 'present']
 ['10' '118.9429177471982' 'present']
 ['10' '121.23169278714363' 'present']
 ['11' '145.3135221574608' 'present']
 ['20' '160.5904907610314' 'present']
 ['20' '165.4172168109389' 'present']
 ['5' '171.0165913603483' 'marauded']
 ['10' '173.26290897770028' 'presentdestroyed']
 ['5' '195.15623415791597' 'marauded']
 ['20' '214.37179591499591' 'present']
 ['11' '217.6311528165289' 'present']
 ['13' '228.61592488395777' 'present']
 ['20' '240.02574295811092' 'marauded']
 ['5' '276.23972472227285' 'present']
 ['5' '283.51368737331086' 'marauded']
 ['6' '304.21603711411035' 'present']
 ['13' '316.01853227988994' 'present']
 ['5' '318.0956419979862' 'present']
 ['6' '327.57737680426266' 'present']
 ['10' '339.92799370715693' 'present']]","[['F51' '34.86185065490026' 'mated']
 ['F42' '95.70708255973135' 'mated']
 ['F74' '123.02932619631406' 'absent']
 ['F209' '135.88559565668908' 'mated']
 ['F147' '147.66933553161536' 'mated']
 ['F200' '151.09299912867482' 'mated']
 ['F31' '200.2105823859152' 'destroyed']
 ['F19' '208.57022935453483' 'mated']
 ['F88' '236.51266034463592' 'absent']
 ['F98' '245.7759978918721' 'absentdestroyed']
 ['F1' '256.21798851653364' 'mated']
 ['F16' '269.52996885569075' 'mated']
 ['F152' '323.8136763456627' 'mated']
 ['F103' '329.85822552702024' 'mated']]",582.0,69.16814411188265,13.497807368830639,1527.0,260.3669786816248,56.51234237401115,176.0,30.519003811319696,6.862680222237644,0.0,0.0,0.0,0.0,0.0,0.0
2,0.0,9,360.4200898234335,"[['10' '29.62622539769125' 'marauded']
 ['6' '31.58365396466002' 'destroyed']
 ['6' '38.08174102594644' 'present']
 ['10' '68.57819079352873' 'present']
 ['13' '68.58641762006634' 'present']
 ['5' '74.12420034746465' 'present']
 ['5' '82.10075158743061' 'marauded']
 ['11' '91.10348822646161' 'present']
 ['13' '148.9563050787774' 'present']
 ['11' '154.46344784512675' 'present']
 ['11' '155.91974526838553' 'marauded']
 ['6' '188.51551727224563' 'present']
 ['5' '206.84093543332017' 'present']
 ['10' '240.22525471286528' 'present']
 ['20' '260.8772935687176' 'present']
 ['10' '287.57850334909125' 'marauded']
 ['20' '293.1331470583904' 'presentdestroyed']
 ['6' '315.81035748915207' 'present']
 ['6' '325.14611509837914' 'present']]","[['F176' '2.0478949788092784' 'mated']
 ['F102' '74.2241763582386' 'absent']
 ['F197' '109.7069427138084' 'mated']
 ['F209' '135.88328084187427' 'absent']
 ['F44' '141.3188115763134' 'mated']
 ['F138' '168.69181348713386' 'absent']
 ['F92' '179.2606063765587' 'mated']
 ['F38' '189.11226215942648' 'mated']
 ['F67' '190.55819337020722' 'mated']
 ['F173' '235.40851901109264' 'mated']
 ['F149' '247.5743138941715' 'mated']
 ['F101' '287.7333715103114' 'destroyed']
 ['F174' '339.3390141445611' 'mated']]",555.0,72.75714852368914,16.075083259225472,1542.0,262.6167786098599,56.61795706818355,152.0,24.696154958118825,5.1045878139229925,0.0,0.0,0.0,0.0,0.0,0.0
3,0.0,7,360.22484416246687,"[['10' '48.38543165798254' 'present']
 ['20' '53.644362859848904' 'present']
 ['11' '67.5782549165445' 'present']
 ['13' '71.39029977991375' 'present']
 ['20' '74.01242813394101' 'marauded']
 ['5' '77.31093070714915' 'presentdestroyed']
 ['5' '80.59431076521248' 'presentdestroyed']
 ['11' '120.54013274143011' 'present']
 ['6' '129.6228114160234' 'present']
 ['10' '145.5193731551803' 'present']
 ['10' '149.16757561515837' 'present']
 ['13' '149.98734076957635' 'marauded']
 ['13' '175.33627800449815' 'present']
 ['5' '181.91061353107742' 'present']
 ['13' '203.93797640220768' 'present']
 ['11' '215.27843235009' 'present']
 ['6' '216.06729100087347' 'present']
 ['11' '216.81793812352674' 'present']
 ['11' '236.78252491289658' 'present']
 ['10' '240.2298843424949' 'present']
 ['6' '257.5183807820557' 'present']
 ['10' '269.18436301258816' 'present']
 ['20' '272.11451820166394' 'present']
 ['5' '303.3560079313838' 'marauded']
 ['11' '313.99879612743837' 'present']
 ['5' '322.0758890466458' 'present']
 ['11' '322.2832265561659' 'marauded']
 ['5' '334.7167447760177' 'present']
 ['20' '339.0256703210166' 'present']]","[['F33' '91.65094347032003' 'mated']
 ['F14' '169.62239312138425' 'absent']
 ['F163' '181.80279921962668' 'mated']
 ['F66' '195.44107991954297' 'mated']
 ['F21' '196.79062333497882' 'absent']
 ['F191' '208.6472940903921' 'mated']
 ['F88' '236.51497515945073' 'mated']
 ['F202' '252.57486248361613' 'mated']
 ['F87' '260.5316767087141' 'mated']]",572.0,67.90939694977088,13.913759890188244,1595.0,267.58133078546786,56.854437384500166,144.0,24.73106750642567,5.281024686039261,0.0,0.0,0.0,0.0,0.0,0.0
4,0.0,11,360.21939889131767,"[['6' '0.6470080673224378' 'present']
 ['5' '1.684751715604721' 'marauded']
 ['5' '13.497574181588925' 'marauded']
 ['10' '26.423646607379577' 'marauded']
 ['20' '34.05474930067531' 'present']
 ['5' '36.82651917972888' 'present']
 ['11' '56.61797968631005' 'present']
 ['6' '90.60197082573023' 'present']
 ['6' '90.65210647579457' 'present']
 ['20' '91.56311829706085' 'marauded']
 ['20' '93.08605495366157' 'presentdestroyed']
 ['6' '93.68565950741696' 'destroyed']
 ['10' '98.08235649644205' 'presentdestroyed']
 ['10' '108.61244304090705' 'marauded']
 ['5' '109.79726900440274' 'presentdestroyed']
 ['5' '114.86756028598481' 'presentdestroyed']
 ['5' '119.82726862157914' 'marauded']
 ['10' '131.38061736362053' 'present']
 ['5' '170.8575749023511' 'present']
 ['6' '174.42508329906485' 'present']
 ['20' '221.06072705652943' 'present']
 ['20' '272.8514338478073' 'present']
 ['5' '278.40098957047474' 'present']
 ['5' '285.89146297773647' 'marauded']
 ['5' '304.04435245647227' 'present']
 ['11' '325.5900265362155' 'present']
 ['13' '331.3044508647292' 'present']
 ['20' '342.8686577751662' 'present']]","[['F106' '77.68348175966955' 'mated']
 ['F161' '116.59133574556645' 'mated']
 ['F32' '126.1600939384419' 'destroyed']
 ['F214' '134.4185724667163' 'mated']
 ['F35' '134.59686506589856' 'mated']
 ['F79' '168.2781454503508' 'mated']
 ['F187' '185.9805006281683' 'mated']
 ['F177' '237.69334369316232' 'mated']
 ['F9' '245.90860162750386' 'mated']
 ['F118' '272.812657193821' 'mated']
 ['F12' '299.9303773432628' 'mated']
 ['F64' '304.08002295352185' 'mated']]",580.0,69.90738313193502,13.810584355020458,1462.0,247.70579664286635,52.86261396419518,253.0,42.44930877009402,8.948759971556429,0.0,0.0,0.0,0.0,0.0,0.0
5,0.054,5,359.90195831574476,"[['6' '0.0023148148148148147' 'present']
 ['20' '76.55068159988693' 'present']
 ['20' '83.2864927292972' 'present']
 ['13' '99.1248109364303' 'present']
 ['11' '104.74133971689234' 'present']
 ['13' '143.0364346583407' 'present']
 ['10' '241.73064714496823' 'marauded']
 ['13' '246.51357415385536' 'presentdestroyed']
 ['6' '281.5832154426096' 'present']
 ['13' '290.2074664691377' 'present']
 ['10' '296.18125940973266' 'present']
 ['20' '304.19471817927877' 'present']]","[['F159' '172.8579982319642' 'mated']
 ['F164' '181.7015477694153' 'mated']
 ['F60' '212.0691774145416' 'mated']
 ['F154' '213.4253902484698' 'absent']
 ['F129' '234.49954738171488' 'mated']
 ['F87' '260.52936189389925' 'absent']
 ['F175' '270.96835839631706' 'mated']]",567.0,78.12562747795074,16.91296276438207,1616.0,273.20418767431124,58.2824986183164,38.0,6.003577870266411,1.2449703225296271,22.0,2.2000000000000006,0.22000000000000014,101.0,0.4675925925925933,0.0021647805212620026
6,0.054,10,360.1921203117552,"[['11' '4.943259340685837' 'present']
 ['20' '33.97523326726203' 'present']
 ['5' '35.47225292619201' 'present']
 ['13' '60.20364598438374' 'marauded']
 ['5' '68.18246635822571' 'present']
 ['20' '73.50698943219487' 'present']
 ['13' '75.73913957931961' 'present']
 ['5' '98.34726088975482' 'present']
 ['13' '103.31794911935555' 'present']
 ['11' '112.58063724460429' 'present']
 ['20' '114.44198633738607' 'present']
 ['20' '120.52540472880462' 'present']
 ['10' '149.89651500459678' 'present']
 ['11' '152.74078511415493' 'present']
 ['20' '158.1526725615718' 'present']
 ['20' '161.73185202375365' 'present']
 ['13' '173.27484676992623' 'present']
 ['11' '175.60901322842136' 'marauded']
 ['13' '185.76411567631072' 'present']
 ['10' '208.45526458806614' 'present']
 ['10' '233.64710083405984' 'present']
 ['20' '277.3470886249153' 'present']
 ['13' '290.2120960987674' 'marauded']
 ['13' '354.36595465579444' 'marauded']]","[['F139' '76.18048473190427' 'absent']
 ['F70' '97.13288606841205' 'mated']
 ['F196' '100.4386697761172' 'mated']
 ['F160' '125.87078767377352' 'mated']
 ['F32' '126.16935319770114' 'mated']
 ['F85' '142.46562517208062' 'mated']
 ['F108' '142.48772166372817' 'mated']
 ['F71' '164.18771165403868' 'mated']
 ['F73' '176.91076596347662' 'destroyed']
 ['F31' '200.2152120155448' 'mated']
 ['F148' '227.5636089598992' 'mated']
 ['F143' '270.81119779412506' 'mated']]",563.0,69.24056602719983,15.104641830759467,1594.0,266.6387368012798,56.00196592302521,135.0,22.843891452132553,4.925163310840186,9.0,0.8999999999999999,0.09000000000000002,84.0,0.38888888888888923,0.0018004115226337432
7,0.0,7,360.22784617626644,"[['6' '21.303983600434133' 'present']
 ['20' '41.36659454989953' 'present']
 ['20' '44.885671329908625' 'present']
 ['11' '74.62002221361465' 'present']
 ['6' '80.15246068387151' 'present']
 ['10' '123.42954432950854' 'marauded']
 ['11' '131.98499028396762' 'present']
 ['5' '138.75764652283593' 'present']
 ['6' '167.80528242714632' 'present']
 ['5' '178.5704506557354' 'present']
 ['10' '182.4302794612755' 'present']
 ['10' '188.56113070875716' 'present']
 ['6' '203.8588791650201' 'present']
 ['6' '210.83198547442902' 'present']
 ['5' '234.32492028666496' 'marauded']
 ['6' '237.66619332894615' 'presentdestroyed']
 ['10' '257.4570672425772' 'marauded']
 ['11' '293.62095096334895' 'present']
 ['20' '298.09669526446004' 'present']
 ['20' '325.08222902632986' 'present']
 ['13' '327.9906854009544' 'present']
 ['5' '335.6917598899281' 'present']
 ['20' '342.7640281455365' 'marauded']]","[['F102' '74.21954672860898' 'absent']
 ['F158' '79.3006992147826' 'absent']
 ['F113' '96.5549358007666' 'mated']
 ['F96' '108.68592564891381' 'absent']
 ['F171' '129.8064624019424' 'absentdestroyed']
 ['F30' '146.5300326402095' 'mated']
 ['F53' '147.5061247141067' 'mated']
 ['F71' '164.18539683922387' 'absent']
 ['F86' '168.0426554714928' 'mated']
 ['F73' '176.91308077829143' 'mated']
 ['F36' '193.40099214073422' 'mated']
 ['F146' '220.4147281614028' 'mated']
 ['F167' '223.02142480203227' 'absent']
 ['F141' '238.69080862419153' 'absentdestroyed']
 ['F81' '260.01382036050717' 'destroyed']
 ['F101' '287.73105669549653' 'absent']]",568.0,70.9879977368749,15.023811526198443,1563.0,264.75269928042667,57.09114370212983,142.0,24.348186285474938,5.2824162196767155,0.0,0.0,0.0,0.0,0.0,0.0
8,0.0,11,359.9845726768029,"[['5' '1.1634814842438268' 'present']
 ['6' '22.17503513741195' 'present']
 ['10' '98.5856299504781' 'present']
 ['11' '104.34368110216255' 'present']
 ['5' '122.77537697383563' 'marauded']
 ['11' '140.6987007176553' 'present']
 ['5' '153.12465710646657' 'present']
 ['13' '170.39808629038086' 'present']
 ['5' '192.19912809825587' 'present']
 ['13' '207.08101789826833' 'present']
 ['11' '228.26171844038998' 'present']
 ['10' '314.9229432117076' 'present']
 ['6' '318.4755097084013' 'present']
 ['10' '334.3208469770955' 'present']
 ['5' '334.7213744056474' 'marauded']
 ['6' '337.33128210246844' 'destroyed']
 ['5' '345.0743114441469' 'present']
 ['20' '345.42860576683387' 'present']]","[['F11' '3.2331422503247946' 'mated']
 ['F119' '62.46655569257876' 'mated']
 ['F102' '74.22186154342378' 'absent']
 ['F62' '89.25074384769832' 'absent']
 ['F199' '92.98944248671323' 'mated']
 ['F168' '110.88697079001926' 'mated']
 ['F54' '133.77743394338682' 'mated']
 ['F188' '172.36704777572683' 'absent']
 ['F8' '202.1249194326554' 'mated']
 ['F40' '210.17175526973853' 'absent']
 ['F122' '235.42348056349175' 'mated']
 ['F141' '238.69543825382115' 'mated']
 ['F180' '252.666264004783' 'absent']
 ['F81' '260.016135175322' 'mated']
 ['F134' '330.30775633070806' 'mated']
 ['F137' '358.07466669821' 'mated']]",558.0,73.64447034942418,15.572499743317882,1599.0,274.2733531639217,58.54348384541649,69.0,12.105727438381631,2.683615214163876,0.0,0.0,0.0,0.0,0.0,0.0
9,0.0,5,360.01018829087036,"[['5' '13.259938930960661' 'present']
 ['11' '47.32026440675543' 'marauded']
 ['6' '78.22982880379796' 'marauded']
 ['6' '122.56592206210523' 'present']
 ['20' '135.96993888658218' 'present']
 ['10' '140.49957068102756' 'present']
 ['20' '147.45610870035696' 'present']
 ['11' '154.46807747475637' 'present']
 ['6' '162.8824971796179' 'present']
 ['10' '162.9550101498825' 'present']
 ['13' '172.91842531205336' 'present']
 ['11' '174.49490342165015' 'present']
 ['20' '211.03906048642494' 'marauded']
 ['10' '221.55154463902807' 'present']
 ['20' '222.1881378593274' 'present']
 ['13' '238.6906570912363' 'present']
 ['6' '255.79759120108832' 'present']
 ['20' '294.56165046967345' 'present']
 ['20' '302.71109359998576' 'present']
 ['6' '316.38659859824736' 'marauded']
 ['13' '319.231809289105' 'destroyed']
 ['11' '325.3742400677109' 'present']
 ['20' '334.4982908017401' 'present']
 ['20' '342.0418771708226' 'present']
 ['11' '347.9976788783189' 'present']]","[['F176' '2.0455801639944635' 'absent']
 ['F102' '74.2264911730534' 'mated']
 ['F80' '138.60528968861823' 'mated']
 ['F63' '158.319561465858' 'mated']
 ['F105' '214.62101468140224' 'destroyed']
 ['F135' '226.38426259319246' 'mated']
 ['F3' '234.19987389371363' 'absent']
 ['F145' '237.646791886212' 'absent']
 ['F136' '293.8357979181601' 'absent']
 ['F97' '301.23289844712326' 'mated']]",569.0,68.51670794098962,13.153663172577005,1565.0,267.26236086012545,57.876969019770335,150.0,24.499470395359914,5.08724643871274,0.0,0.0,0.0,0.0,0.0,0.0
10,0.054,11,359.9625166067465,"[['6' '20.448313025186906' 'present']
 ['11' '69.30694107373839' 'present']
 ['13' '84.4927804672848' 'marauded']
 ['13' '85.98569853660112' 'presentdestroyed']
 ['6' '147.71626196218722' 'present']
 ['13' '148.49683544453126' 'present']
 ['20' '153.10699192901697' 'marauded']
 ['11' '180.97649868580413' 'present']
 ['20' '189.07280204985204' 'marauded']
 ['20' '190.347784535101' 'presentdestroyed']
 ['6' '201.80705312414284' 'present']
 ['6' '215.04897329146067' 'present']
 ['13' '226.18360868847452' 'present']
 ['11' '240.71628599240262' 'present']
 ['5' '250.01906298476553' 'present']
 ['13' '274.64414998501604' 'present']
 ['11' '287.94845707759623' 'present']
 ['5' '301.7415147434416' 'marauded']
 ['6' '323.8740382706283' 'present']
 ['13' '334.7103267815919' 'present']
 ['20' '348.5126141478782' 'marauded']]","[['F131' '35.99294156133053' 'mated']
 ['F208' '145.15536279117424' 'mated']
 ['F153' '171.49602841223492' 'mated']
 ['F191' '208.6449792755773' 'absent']
 ['F15' '208.7453695581719' 'mated']
 ['F100' '215.6742228090013' 'mated']
 ['F195' '218.2868310243107' 'mated']
 ['F107' '226.89909550585162' 'mated']
 ['F84' '232.14416922173024' 'mated']
 ['F141' '238.68849380937672' 'absent']
 ['F98' '245.7783127066869' 'mated']
 ['F179' '269.380684978347' 'mated']
 ['F111' '320.46558919881164' 'mated']]",560.0,74.24275591086133,15.768785642216953,1503.0,253.65591170842882,54.65152045908526,173.0,30.28906978988305,6.699058058345799,15.0,1.5000000000000002,0.15000000000000008,75.0,0.3472222222222224,0.0016075102880658422
11,0.054,13,360.21756881542905,"[['20' '9.701042979595242' 'present']
 ['10' '66.95523379289969' 'present']
 ['13' '83.88891835037359' 'present']
 ['20' '91.66774792669047' 'present']
 ['5' '170.21621001898387' 'present']
 ['5' '200.94573066832334' 'marauded']
 ['13' '218.4808973192418' 'present']
 ['6' '250.3221114542308' 'marauded']
 ['5' '285.4415088494581' 'present']
 ['13' '295.697354933741' 'present']
 ['6' '321.35303559664504' 'present']
 ['10' '335.1056753194689' 'marauded']
 ['6' '346.66139276972734' 'present']]","[['F212' '22.49543042337547' 'mated']
 ['F46' '41.78308387080012' 'mated']
 ['F157' '71.7617731315537' 'mated']
 ['F206' '106.58576672501059' 'mated']
 ['F39' '124.85754582907603' 'mated']
 ['F68' '147.76681114498197' 'mated']
 ['F82' '180.17138000694234' 'mated']
 ['F67' '190.5558785553924' 'absent']
 ['F162' '202.485263358341' 'absentdestroyed']
 ['F69' '211.54467444860413' 'mated']
 ['F18' '223.91447448585282' 'mated']
 ['F77' '230.59841756764777' 'absent']
 ['F213' '238.20397345677995' 'mated']
 ['F207' '265.33084502519534' 'mated']
 ['F43' '292.37024346105926' 'mated']
 ['F6' '333.5054205172682' 'mated']]",569.0,73.76135015185626,15.515508461804,1553.0,265.8357065251756,56.981435474114726,108.0,18.284480138595192,3.7982541522547515,17.0,1.7000000000000004,0.1700000000000001,91.0,0.4212962962962968,0.001950445816186555
12,0.0,8,360.13768764149086,"[['10' '16.908276690667254' 'present']
 ['10' '55.928902243267295' 'marauded']
 ['11' '72.24842809007501' 'present']
 ['6' '107.99843554012129' 'marauded']
 ['6' '114.14734224651639' 'presentdestroyed']
 ['13' '117.60867343578853' 'present']
 ['5' '118.2770224042002' 'present']
 ['10' '121.24095204640287' 'present']
 ['13' '128.18617964480165' 'present']
 ['5' '129.9089067642926' 'present']
 ['20' '161.11402563820434' 'present']
 ['5' '222.74333053740628' 'present']
 ['5' '229.0445988316051' 'present']
 ['13' '259.46439461688243' 'marauded']
 ['6' '271.88260465123665' 'present']
 ['11' '315.13232415744847' 'marauded']
 ['10' '316.6653533398702' 'presentdestroyed']
 ['5' '327.60276231714647' 'present']
 ['13' '332.73162174637423' 'present']
 ['13' '347.7948144449136' 'present']
 ['6' '352.2365857868194' 'present']]","[['F25' '74.56575966192739' 'absent']
 ['F210' '77.23671057833718' 'mated']
 ['F158' '79.3030140295974' 'absent']
 ['F74' '123.03164101112887' 'mated']
 ['F193' '159.54171621004744' 'mated']
 ['F7' '166.9141878543731' 'mated']
 ['F138' '168.68949867231905' 'absent']
 ['F114' '190.5207774304342' 'mated']
 ['F198' '215.4309103421772' 'mated']
 ['F77' '230.60073238246258' 'mated']
 ['F81' '260.01150554569233' 'destroyed']
 ['F101' '287.7356863251262' 'mated']]",563.0,70.60720370708889,14.851246729480994,1585.0,264.8344755440535,55.909034573303735,145.0,24.57094900532915,5.42573156255976,0.0,0.0,0.0,0.0,0.0,0.0
13,0.054,10,359.9921108434613,"[['6' '10.543222218180196' 'present']
 ['5' '21.536365062558783' 'marauded']
 ['6' '22.915420262937214' 'presentdestroyed']
 ['20' '24.88843621946188' 'presentdestroyed']
 ['11' '25.37305496007786' 'destroyed']
 ['6' '32.44084294181205' 'present']
 ['20' '37.278800221562754' 'present']
 ['11' '40.77376778154365' 'marauded']
 ['5' '44.328304366003856' 'presentdestroyed']
 ['6' '119.33710034954959' 'marauded']
 ['5' '127.07566626934367' 'present']
 ['6' '160.41145699262253' 'present']
 ['11' '246.44992897308322' 'present']
 ['5' '272.7837206616449' 'present']
 ['6' '278.9451810743176' 'marauded']
 ['11' '296.6519394395592' 'marauded']
 ['20' '304.1900885496491' 'destroyed']
 ['10' '322.18037353585646' 'present']
 ['5' '352.44729144985445' 'present']]","[['F165' '13.314854197692346' 'mated']
 ['F139' '76.18279954671908' 'mated']
 ['F75' '130.77897562862' 'mated']
 ['F151' '191.2522842046801' 'mated']
 ['F162' '202.4875781731558' 'mated']
 ['F50' '212.2436366032283' 'mated']
 ['F4' '227.21638084065526' 'mated']
 ['F88' '236.5103455298211' 'absent']
 ['F95' '261.9143798254117' 'mated']
 ['F203' '271.09073081118544' 'mated']
 ['F90' '336.75062266961737' 'mated']]",554.0,72.23757145606186,15.910726895660739,1496.0,255.2405665622804,55.15029450607417,181.0,30.70030925125211,6.6294940059857685,15.0,1.5000000000000002,0.15000000000000008,78.0,0.3611111111111113,0.0016718106995884758
14,0.0,8,360.8220490680172,"[['6' '8.759831233532452' 'present']
 ['20' '24.14618397368092' 'present']
 ['6' '50.014086042657254' 'present']
 ['20' '51.97395377232181' 'marauded']
 ['13' '77.57017379481078' 'present']
 ['5' '77.9778053098698' 'present']
 ['5' '96.4838222591468' 'present']
 ['10' '111.92036039019665' 'marauded']
 ['5' '126.13352531957693' 'present']
 ['6' '127.35380801406177' 'present']
 ['10' '130.3452950799538' 'marauded']
 ['11' '139.13454637577226' 'present']
 ['13' '172.92305494168298' 'present']
 ['5' '184.58990840950133' 'present']
 ['5' '201.85045636274617' 'present']
 ['20' '215.71892742435188' 'present']
 ['10' '217.17709953175' 'present']
 ['20' '219.87172631562578' 'marauded']
 ['11' '236.38190110492425' 'present']
 ['20' '274.20658277968494' 'present']
 ['6' '277.05310217983873' 'present']
 ['10' '283.7272792003103' 'present']
 ['5' '285.4368792198284' 'present']
 ['10' '286.2054623307534' 'present']
 ['11' '310.83185371606896' 'present']
 ['11' '312.38588705350725' 'present']
 ['20' '318.2048307567718' 'present']
 ['13' '328.1460427170686' 'marauded']
 ['13' '329.8869983097719' 'presentdestroyed']
 ['6' '330.1896351703467' 'presentdestroyed']]","[['F127' '94.76205260607561' 'mated']
 ['F120' '124.1897235745529' 'mated']
 ['F194' '209.51327855879418' 'absent']
 ['F105' '214.61869986658743' 'absent']
 ['F190' '218.15541211752938' 'mated']
 ['F61' '222.9286998581597' 'destroyed']
 ['F121' '228.40177685822172' 'mated']
 ['F180' '252.6685788195978' 'mated']
 ['F150' '262.4682497455737' 'mated']
 ['F59' '279.52716085002913' 'mated']
 ['F49' '310.57987272475526' 'mated']]",559.0,70.22290324700064,14.195669533275455,1503.0,259.33104314681424,56.747104377802174,169.0,30.589191464153455,6.8739280962251526,0.0,0.0,0.0,0.0,0.0,0.0
15,0.0,12,360.14907177230623,"[['20' '19.491111574173527' 'present']
 ['13' '82.84573289591546' 'present']
 ['11' '104.48229857996164' 'present']
 ['13' '112.17380086047336' 'present']
 ['11' '114.47414619705644' 'marauded']
 ['11' '142.6221053378108' 'present']
 ['20' '165.42184644056852' 'marauded']
 ['11' '194.175154922273' 'present']
 ['6' '209.63448088833567' 'present']
 ['10' '210.24865499489573' 'present']
 ['11' '220.24685027308317' 'present']
 ['5' '237.32172607577078' 'present']
 ['5' '268.78803628087167' 'present']
 ['6' '300.2314022585949' 'present']
 ['5' '322.08051867627546' 'marauded']
 ['5' '338.31256256493106' 'present']
 ['20' '338.5712566186477' 'present']]","[['F17' '1.5236183606529945' 'mated']
 ['F170' '51.51270228803086' 'mated']
 ['F186' '120.4001777351412' 'absentdestroyed']
 ['F125' '125.0124751221937' 'absent']
 ['F32' '126.16472356807152' 'absent']
 ['F178' '158.04150094533836' 'mated']
 ['F182' '160.89681136392412' 'mated']
 ['F192' '165.0205870313632' 'mated']
 ['F164' '169.69228851015606' 'destroyed']
 ['F164' '169.69691813978568' 'destroyed']
 ['F126' '200.60149405050166' 'mated']
 ['F154' '213.4277050632846' 'absent']
 ['F99' '220.72561176193904' 'mated']
 ['F145' '237.6491067010268' 'mated']
 ['F133' '261.99596751703143' 'mated']
 ['F41' '264.5384613219149' 'mated']
 ['F20' '271.14245154826864' 'mated']
 ['F115' '289.3653292796013' 'absent']
 ['F205' '296.63141102316513' 'mated']]",556.0,74.20591108322823,17.257759092494652,1572.0,267.6667368379542,57.02295202418432,112.0,18.32778579556636,3.8828391571728154,0.0,0.0,0.0,0.0,0.0,0.0
16,0.0,7,360.01704694970965,"[['5' '1.7893813452343508' 'marauded']
 ['6' '16.116165813442898' 'present']
 ['6' '16.48605416056682' 'present']
 ['20' '27.11753539277504' 'present']
 ['10' '52.91650705749864' 'present']
 ['10' '75.04481779616603' 'present']
 ['11' '81.09787311433102' 'present']
 ['5' '90.56245082588639' 'present']
 ['20' '115.22660699958773' 'marauded']
 ['20' '138.28264817216603' 'present']
 ['11' '173.0827196305709' 'present']
 ['13' '173.27947639955585' 'present']
 ['11' '176.1949460144159' 'present']
 ['5' '187.23016887859228' 'marauded']
 ['20' '189.59859646024591' 'destroyed']
 ['13' '190.42568938407797' 'destroyed']
 ['13' '235.31804405192236' 'present']
 ['11' '248.29450633486084' 'marauded']
 ['6' '259.9967185905526' 'present']
 ['13' '263.5163263673579' 'marauded']
 ['5' '327.9245257290867' 'present']]","[['F142' '100.3806542338706' 'mated']
 ['F29' '110.17402999219867' 'mated']
 ['F5' '133.0986436590814' 'mated']
 ['F132' '163.2425466414128' 'mated']
 ['F164' '169.6992329546005' 'absent']
 ['F73' '176.9084511486618' 'absent']
 ['F10' '187.0836651876556' 'mated']
 ['F89' '194.2812201745306' 'destroyed']
 ['F169' '206.44744133888784' 'mated']
 ['F104' '230.03391118644672' 'mated']
 ['F177' '237.6910288783475' 'absent']
 ['F34' '252.3195316671312' 'destroyed']
 ['F180' '252.66394918996818' 'destroyed']]",559.0,71.94901539862545,15.238197545722729,1537.0,257.7960212824888,54.59022607321723,178.0,30.46778570159364,6.399277391689605,0.0,0.0,0.0,0.0,0.0,0.0
17,0.0,14,360.45227952934937,"[['5' '9.296942120287323' 'present']
 ['20' '13.70355447250824' 'marauded']
 ['11' '33.87137413621622' 'present']
 ['5' '60.396895891594205' 'present']
 ['20' '68.21423342530049' 'present']
 ['6' '74.82061921438813' 'present']
 ['20' '77.92613243457556' 'present']
 ['11' '112.47600761497468' 'marauded']
 ['10' '121.23632241677325' 'present']
 ['20' '127.91926318036676' 'present']
 ['11' '140.70333034728492' 'present']
 ['11' '145.31815178709041' 'present']
 ['6' '166.1246275234536' 'present']
 ['5' '188.35955240494235' 'present']
 ['11' '213.73677647386052' 'present']
 ['13' '232.00890538002048' 'marauded']
 ['11' '310.83648334569864' 'present']
 ['5' '316.03776009701886' 'present']
 ['13' '331.0267655556722' 'marauded']
 ['6' '332.5210501783554' 'presentdestroyed']
 ['10' '348.2373577856363' 'present']]","[['F125' '125.01478993700852' 'mated']
 ['F32' '126.16703838288633' 'absent']
 ['F138' '168.69412830194867' 'mated']
 ['F14' '169.62470793619906' 'mated']
 ['F94' '174.17504610398373' 'mated']
 ['F47' '187.7864052431829' 'mated']
 ['F89' '194.2835349893454' 'mated']
 ['F31' '200.21289720073' 'absent']
 ['F128' '205.5641785056727' 'mated']
 ['F194' '209.515593373609' 'mated']
 ['F154' '213.43001987809942' 'mated']
 ['F105' '214.62332949621705' 'mated']
 ['F167' '223.0283692464767' 'mated']
 ['F93' '282.12295310582704' 'mated']
 ['F115' '289.36764409441616' 'mated']
 ['F215' '312.27448735558744' 'mated']]",569.0,68.49478386584791,14.00544699709474,1573.0,267.3738765017645,57.71772395175464,141.0,24.356026600086018,5.335358664682604,0.0,0.0,0.0,0.0,0.0,0.0
18,0.0,5,359.9449306853332,"[['11' '20.345505509982466' 'present']
 ['11' '59.2394595663068' 'present']
 ['20' '90.47618700682503' 'marauded']
 ['5' '100.72172685074804' 'present']
 ['13' '112.32362788360624' 'present']
 ['6' '112.62061868875574' 'present']
 ['11' '112.88683666663395' 'present']
 ['13' '115.93598800188923' 'present']
 ['13' '132.94674341504424' 'marauded']
 ['20' '138.73277051864812' 'presentdestroyed']
 ['11' '154.1544076032012' 'present']
 ['13' '154.4468124027137' 'present']
 ['13' '159.70401584956795' 'present']
 ['20' '176.28296849567278' 'present']
 ['10' '240.6695225601404' 'present']
 ['10' '245.32274899755132' 'present']
 ['20' '253.07733232949553' 'present']
 ['11' '287.1211912105228' 'present']
 ['5' '294.9003566107557' 'marauded']
 ['11' '315.4857428124625' 'present']
 ['6' '324.00490221408967' 'present']
 ['10' '329.3294545333884' 'present']
 ['5' '335.6963895195578' 'present']
 ['10' '341.5317724303041' 'present']
 ['11' '357.3274435022457' 'marauded']]","[['F25' '74.5680744767422' 'mated']
 ['F23' '98.88704115097009' 'absent']
 ['F185' '124.37093043457742' 'mated']
 ['F86' '168.04034065667798' 'absent']
 ['F2' '206.7554072983417' 'mated']
 ['F40' '210.17407008455334' 'mated']
 ['F37' '224.25541205244463' 'absent']
 ['F72' '303.17612073916075' 'mated']]",578.0,67.37849985762077,13.030364853290926,1581.0,272.41520317669085,59.059777356642826,113.0,20.34663412219337,4.546714720835271,0.0,0.0,0.0,0.0,0.0,0.0
19,0.0,9,360.69211366637256,"[['6' '19.78910668771582' 'present']
 ['20' '31.335036122862903' 'present']
 ['6' '59.12275917585911' 'present']
 ['11' '66.88714437053733' 'present']
 ['5' '91.46397608022193' 'present']
 ['10' '93.35633234336551' 'present']
 ['6' '123.37278413414451' 'marauded']
 ['5' '166.60547943369394' 'present']
 ['13' '172.27799632676752' 'present']
 ['5' '181.74304051841278' 'present']
 ['10' '207.07499413313653' 'present']
 ['13' '231.97992469869803' 'present']
 ['13' '257.4332247380993' 'marauded']
 ['13' '268.775312569098' 'present']
 ['20' '275.82096011219096' 'present']
 ['13' '289.3555359210328' 'present']
 ['5' '293.0190280014931' 'present']
 ['10' '330.4910821868414' 'present']
 ['10' '331.7824746321961' 'present']
 ['10' '333.8545081117523' 'present']
 ['10' '356.44094707190123' 'present']]","[['F158' '79.30532884441222' 'mated']
 ['F156' '100.34966737070353' 'mated']
 ['F186' '120.40249254995601' 'mated']
 ['F193' '159.53940139523263' 'absent']
 ['F27' '159.75191473527593' 'mated']
 ['F155' '189.8523243126861' 'mated']
 ['F167' '223.02373961684708' 'absent']
 ['F37' '224.25772686725944' 'mated']
 ['F13' '236.3599413518205' 'mated']
 ['F109' '278.2376385266217' 'mated']
 ['F166' '295.83174986880357' 'mated']]",563.0,70.0026395566802,14.690238502804192,1665.0,277.6871921263096,58.463093044050616,72.0,12.331055075227802,2.67418501830881,0.0,0.0,0.0,0.0,0.0,0.0
20,0.054,7,360.6669912780848,"[['11' '42.97417338596126' 'present']
 ['10' '44.05268405036574' 'present']
 ['11' '66.11922671070853' 'present']
 ['5' '68.17783672859609' 'present']
 ['10' '81.03608267613444' 'present']
 ['5' '85.93368890709334' 'present']
 ['13' '143.43573357951576' 'present']
 ['11' '155.04075439359477' 'present']
 ['11' '192.1290015051076' 'marauded']
 ['10' '224.7016826884683' 'present']
 ['11' '228.2663480700196' 'marauded']
 ['11' '237.6371802156606' 'present']
 ['5' '278.2012788584518' 'marauded']
 ['5' '281.70772801016744' 'presentdestroyed']
 ['5' '286.2814187660762' 'present']]","[['F199' '92.98712767189842' 'absent']
 ['F204' '129.18212835242875' 'mated']
 ['F112' '149.7781719448483' 'mated']
 ['F76' '156.10441826435462' 'mated']
 ['F58' '163.42649686789323' 'absent']
 ['F188' '172.36936259054164' 'mated']
 ['F117' '176.7248816995983' 'mated']
 ['F116' '201.53070754446176' 'mated']
 ['F172' '250.71171850472646' 'mated']
 ['F34' '252.3172168523164' 'absent']]",562.0,67.47606494519036,13.755985360976572,1618.0,272.3269294898814,58.06838961226226,110.0,18.42467910278573,3.7943160933057447,15.0,1.5000000000000002,0.15000000000000008,85.0,0.3935185185185189,0.0018218449931412877
21,0.0,11,360.5881956346016,"[['20' '0.0023148148148148147' 'present']
 ['11' '9.223651301947095' 'present']
 ['11' '10.789188949807729' 'marauded']
 ['10' '12.734791372530566' 'destroyed']
 ['5' '16.472946262051696' 'presentdestroyed']
 ['5' '34.8101658274726' 'present']
 ['11' '47.42489403638506' 'present']
 ['10' '57.62381286350102' 'present']
 ['5' '78.80538216984567' 'present']
 ['10' '94.06797320076784' 'present']
 ['20' '100.72554081921996' 'present']
 ['10' '145.41474352555068' 'marauded']
 ['5' '238.03166888459725' 'present']
 ['11' '248.39913596449045' 'marauded']
 ['20' '251.56496022995876' 'presentdestroyed']
 ['5' '259.05413003723345' 'present']
 ['13' '310.76416037247395' 'present']
 ['6' '332.98692182349225' 'present']
 ['10' '337.39070322105897' 'present']
 ['5' '341.49447534954135' 'present']
 ['11' '348.58299043214237' 'present']
 ['11' '353.86129066356096' 'present']]","[['F184' '73.97268112876148' 'mated']
 ['F22' '94.51310673530162' 'mated']
 ['F23' '98.8893559657849' 'mated']
 ['F181' '99.49624890883126' 'mated']
 ['F96' '108.68824046372862' 'mated']
 ['F78' '118.82415516930732' 'mated']
 ['F171' '129.8041475871276' 'absent']
 ['F58' '163.42881168270804' 'mated']
 ['F123' '168.03031697704287' 'mated']
 ['F26' '190.96114411482924' 'mated']
 ['F3' '234.20218870852844' 'mated']
 ['F141' '238.69312343900634' 'absent']
 ['F55' '273.71473656390646' 'mated']]",561.0,69.18388414619075,13.484452265553653,1616.0,272.4630077800364,58.60993871751933,109.0,18.376380265464242,3.838445785100649,0.0,0.0,0.0,0.0,0.0,0.0
22,0.0,7,359.965296887389,"[['6' '10.772357578687291' 'present']
 ['6' '48.13497698820805' 'present']
 ['5' '65.41925453092193' 'present']
 ['11' '78.11916783592591' 'present']
 ['5' '81.31760863178309' 'present']
 ['5' '130.1615876379093' 'present']
 ['11' '172.7744029285024' 'present']
 ['13' '181.16630367305424' 'present']
 ['13' '191.60298868283766' 'marauded']
 ['5' '199.3013739998396' 'presentdestroyed']
 ['6' '206.18923527542677' 'marauded']
 ['20' '212.8017891481654' 'presentdestroyed']
 ['11' '243.8521472692931' 'present']
 ['6' '251.06978010284513' 'present']
 ['10' '259.57206085601234' 'present']
 ['10' '263.74278102159764' 'present']
 ['20' '272.2805806539358' 'present']
 ['6' '284.5627693792661' 'present']
 ['5' '311.0234498812983' 'marauded']
 ['10' '325.6987809213084' 'marauded']
 ['10' '332.6654296030795' 'presentdestroyed']]","[['F189' '73.00466894325984' 'mated']
 ['F62' '89.25305866251313' 'mated']
 ['F192' '165.01827221654838' 'absent']
 ['F57' '173.27458872092438' 'mated']
 ['F89' '194.2789053597158' 'destroyed']
 ['F66' '195.43876510472816' 'absentdestroyed']
 ['F21' '196.79293814979363' 'destroyed']
 ['F195' '218.28451620949588' 'absent']
 ['F61' '222.92638504334488' 'absent']
 ['F34' '252.321846481946' 'mated']
 ['F83' '254.80916975643774' 'mated']
 ['F130' '283.82327476975644' 'mated']
 ['F136' '293.83811273297493' 'mated']
 ['F205' '296.6290962083503' 'absent']]",571.0,72.43986161667821,15.224235817661297,1571.0,263.30992066379986,55.84062361027826,149.0,24.317332785864366,5.146799271424884,0.0,0.0,0.0,0.0,0.0,0.0
23,0.0,9,360.7583680310423,"[['6' '15.97192074973579' 'present']
 ['5' '69.97491205346735' 'present']
 ['13' '72.63297865628051' 'present']
 ['13' '83.88428872074397' 'present']
 ['20' '113.26925481166995' 'present']
 ['5' '115.32735648310785' 'present']
 ['11' '148.41362073434084' 'marauded']
 ['5' '152.565927760399' 'presentdestroyed']
 ['6' '158.8996511408905' 'present']
 ['6' '160.75404227763158' 'present']
 ['6' '163.0482239044463' 'present']
 ['13' '185.77810193080856' 'present']
 ['11' '187.9260706141316' 'present']
 ['13' '193.65279270377425' 'present']
 ['13' '227.17697883339315' 'present']
 ['5' '229.04922846123472' 'present']
 ['5' '234.65395547765382' 'marauded']
 ['13' '263.98494694837143' 'present']
 ['6' '279.0498107039473' 'present']
 ['10' '309.56960584249225' 'marauded']
 ['20' '326.3582807577587' 'present']
 ['11' '345.4887534194293' 'present']
 ['5' '352.7550196772272' 'present']]","[['F110' '86.40856712916582' 'mated']
 ['F39' '124.85523101426122' 'absent']
 ['F32' '126.16240875325671' 'absent']
 ['F171' '129.80877721675722' 'mated']
 ['F52' '170.96651551278583' 'mated']
 ['F21' '196.79525296460844' 'mated']
 ['F60' '212.0668625997268' 'absent']
 ['F28' '222.12431030932194' 'mated']
 ['F140' '222.45101895147795' 'mated']
 ['F201' '224.49119676718746' 'mated']
 ['F124' '254.18994716811258' 'mated']
 ['F81' '260.0091907308775' 'absent']
 ['F45' '268.8872288307781' 'mated']
 ['F215' '312.2721725407726' 'destroyed']]",562.0,69.17524975680011,13.510306688439517,1585.0,272.9082664911385,59.020675337800185,110.0,18.14344050999563,3.6505411888834813,0.0,0.0,0.0,0.0,0.0,0.0
