id,probability_maraud,successful_mating,next_foraging_time,mar_attempts,mate_attempts,foraging_events,foraging_hrs,foraging_sqhrs,staying_events,staying_hrs,staying_sqhrs,repairing_events,repairing_hrs,repairing_sqhrs,marauding_events,marauding_hrs,marauding_sqhrs,traveling_events,traveling_hrs,traveling_sqhrs
0,0.054,8,360.60704315850046,"[['1' '3.063609625568212' 'present']
 ['3' '17.49822035276215' 'marauded']
 ['2' '22.53623056423474' 'presentdestroyed']
 ['7' '29.963064232556665' 'present']
 ['9' '37.70495312680939' 'present']
 ['3' '45.94571859184347' 'present']
 ['4' '47.36885188904621' 'marauded']
 ['7' '55.35480543659179' 'marauded']
 ['11' '62.63235446923028' 'present']
 ['6' '64.23776739698467' 'present']
 ['10' '84.64606485105298' 'present']
 ['9' '85.32988667005922' 'present']
 ['2' '91.77921550327177' 'present']
 ['11' '92.43148580447995' 'present']
 ['11' '94.37768515934009' 'present']
 ['3' '99.54586571344313' 'present']
 ['1' '101.17082760000815' 'present']
 ['8' '102.02678244289962' 'present']
 ['1' '124.3315608171825' 'present']
 ['9' '127.65159264504177' 'present']
 ['9' '139.8607340741063' 'marauded']
 ['4' '140.85880914964446' 'destroyed']
 ['11' '141.87916223819823' 'presentdestroyed']
 ['11' '142.09681270060716' 'presentdestroyed']
 ['9' '146.82008470453357' 'presentdestroyed']
 ['10' '150.19556336910134' 'present']
 ['11' '153.4036152691241' 'marauded']
 ['1' '156.19102435087447' 'destroyed']
 ['7' '162.00621806324344' 'present']
 ['4' '165.5095652869979' 'present']
 ['4' '168.34143419501618' 'present']
 ['2' '170.4649362889965' 'present']
 ['4' '181.03289537212254' 'present']
 ['11' '191.75873545808983' 'present']
 ['4' '192.907797009495' 'marauded']
 ['1' '194.82016969063127' 'presentdestroyed']
 ['8' '196.45079793860717' 'destroyed']
 ['4' '218.10649222174987' 'marauded']
 ['2' '220.64840602314393' 'presentdestroyed']
 ['7' '221.50953409369754' 'presentdestroyed']
 ['1' '222.88483951410225' 'presentdestroyed']
 ['11' '239.59666360723182' 'present']
 ['4' '251.26549115989712' 'present']
 ['3' '264.89475857206804' 'present']
 ['11' '265.98676131023825' 'present']
 ['7' '268.4819756140009' 'present']
 ['2' '270.07570511000677' 'marauded']
 ['4' '295.49406052712374' 'present']
 ['4' '300.0874388099041' 'present']
 ['2' '300.7770501092555' 'present']
 ['10' '307.7179950470209' 'present']
 ['1' '311.21626399316324' 'present']
 ['7' '321.03317183177126' 'present']
 ['1' '323.12140040276785' 'present']
 ['2' '330.24182302026594' 'present']
 ['7' '332.19834151685654' 'present']
 ['8' '338.21213514870897' 'present']
 ['1' '340.12664007387696' 'present']
 ['4' '348.9355852359008' 'present']]","[['F100' '145.08985538012737' 'absentdestroyed']
 ['F41' '175.4470687352115' 'mated']
 ['F31' '186.0235156096022' 'mated']
 ['F19' '200.12889164622032' 'mated']
 ['F43' '205.11696342218067' 'mated']
 ['F89' '208.13264145451132' 'mated']
 ['F62' '214.71111383323694' 'mated']
 ['F11' '215.6480710336484' 'mated']
 ['F90' '294.3841481111376' 'mated']]",567.0,69.85112864580694,14.376816392390017,1403.0,240.90466428108599,52.04924901004922,277.0,48.54565313736709,10.493481764079558,5.0,0.5,0.05000000000000001,65.0,0.3009259259259259,0.0013931755829903966
1,0.054,9,360.2364273344711,"[['11' '3.492768988847718' 'marauded']
 ['10' '12.7665519066092' 'present']
 ['8' '19.88622616202152' 'present']
 ['3' '23.084376499770563' 'present']
 ['2' '23.24875997239024' 'present']
 ['6' '28.222487504274685' 'marauded']
 ['10' '35.01967958174651' 'destroyed']
 ['10' '35.02430921137614' 'destroyed']
 ['0' '68.47379048977275' 'marauded']
 ['4' '75.20971262932076' 'presentdestroyed']
 ['3' '78.65420444305356' 'present']
 ['7' '96.0311557528084' 'present']
 ['3' '97.91852121325351' 'present']
 ['8' '105.95682930825771' 'present']
 ['9' '109.70510884918048' 'marauded']
 ['3' '128.86610594942425' 'marauded']
 ['0' '132.29341214713904' 'presentdestroyed']
 ['3' '138.46337012461805' 'marauded']
 ['3' '143.48422824966005' 'presentdestroyed']
 ['11' '144.26661625427752' 'presentdestroyed']
 ['9' '145.13483377858745' 'presentdestroyed']
 ['4' '146.88009224093292' 'present']
 ['10' '149.71745403970027' 'present']
 ['10' '153.20738164843303' 'present']
 ['3' '164.54408637214536' 'present']
 ['8' '171.71795514362037' 'present']
 ['6' '183.1436716812113' 'marauded']
 ['6' '186.97676038819634' 'destroyed']
 ['10' '200.3592077210655' 'present']
 ['11' '203.6103171673067' 'marauded']
 ['7' '213.6748253251874' 'present']
 ['8' '219.72131316678804' 'present']
 ['11' '223.31288071624834' 'present']
 ['9' '225.91079998061014' 'present']
 ['2' '227.7805573176495' 'present']
 ['7' '228.97849698854498' 'present']
 ['11' '230.30117020457126' 'present']
 ['11' '232.0455816688689' 'present']
 ['11' '240.53727892432318' 'present']
 ['7' '241.04523507941744' 'present']
 ['2' '245.7897426362452' 'present']
 ['2' '246.49243560335486' 'present']
 ['7' '253.72966193210758' 'present']
 ['3' '255.6979372524937' 'present']
 ['2' '259.1502707438329' 'present']
 ['2' '267.9240764920259' 'present']
 ['6' '271.6349600793725' 'present']
 ['8' '277.73658053850824' 'marauded']
 ['2' '283.046832036046' 'presentdestroyed']
 ['8' '292.08224516073506' 'present']
 ['6' '296.5895469601168' 'present']
 ['0' '302.1433199140362' 'present']
 ['11' '303.3952753967179' 'present']
 ['10' '317.9476502253682' 'present']
 ['11' '328.6199887399525' 'marauded']
 ['2' '338.6417789213751' 'present']
 ['11' '348.7390410448539' 'present']
 ['10' '351.58158618324785' 'present']
 ['3' '352.3602604367713' 'present']]","[['F87' '56.65481512593323' 'mated']
 ['F21' '101.15342760760647' 'mated']
 ['F101' '102.79253183535596' 'absent']
 ['F53' '107.30608423902021' 'mated']
 ['F15' '127.86241641435659' 'absent']
 ['F69' '141.3321094538808' 'absentdestroyed']
 ['F77' '152.46351854911387' 'mated']
 ['F18' '161.1659569657795' 'mated']
 ['F12' '171.70687546978064' 'mated']
 ['F43' '205.11464860736587' 'destroyed']
 ['F94' '208.38192604115773' 'destroyed']
 ['F20' '227.32316092552512' 'mated']
 ['F52' '233.91271841189587' 'mated']
 ['F84' '302.76321147269584' 'mated']]",564.0,72.43911873925006,15.447076368686117,1352.0,225.3563569223326,48.04256741546679,366.0,60.86433672398093,12.788119967533214,10.0,0.9999999999999999,0.10000000000000003,86.0,0.39814814814814853,0.0018432784636488323
2,0.054,8,360.07827568668756,"[['7' '1.5976519955662316' 'present']
 ['9' '3.8781213836707673' 'present']
 ['6' '11.138446933658587' 'present']
 ['1' '13.762711822016486' 'marauded']
 ['9' '22.075376497389627' 'present']
 ['6' '24.139635792938773' 'present']
 ['6' '31.727398647142945' 'present']
 ['8' '34.11836359953862' 'present']
 ['8' '37.16739786017115' 'present']
 ['7' '38.861964294740005' 'present']
 ['6' '46.109362388429126' 'present']
 ['3' '48.19979532640381' 'present']
 ['1' '49.0392664432054' 'present']
 ['1' '59.7216301997603' 'present']
 ['7' '62.113917427882136' 'marauded']
 ['3' '70.54377669997068' 'present']
 ['4' '75.04382344215571' 'present']
 ['7' '75.07436778741632' 'present']
 ['3' '76.0545673448988' 'present']
 ['0' '79.5976536963792' 'present']
 ['10' '81.15239313676385' 'present']
 ['10' '96.76991267984127' 'present']
 ['9' '96.79898734455047' 'present']
 ['11' '97.08026364239018' 'marauded']
 ['3' '101.1797638000502' 'presentdestroyed']
 ['8' '111.14371021419062' 'present']
 ['8' '115.86045467210613' 'present']
 ['8' '117.65229936791035' 'marauded']
 ['7' '120.07056606227779' 'destroyed']
 ['7' '133.168648794963' 'present']
 ['11' '135.80993719446633' 'present']
 ['4' '143.9733391617504' 'present']
 ['8' '145.47697624555352' 'marauded']
 ['4' '146.8754626113033' 'presentdestroyed']
 ['3' '149.0493255796187' 'destroyed']
 ['9' '161.77273820030328' 'present']
 ['0' '162.73930783445576' 'present']
 ['6' '166.35748684683588' 'present']
 ['8' '168.6625563648933' 'present']
 ['6' '174.26856342033187' 'present']
 ['6' '174.77114891188683' 'present']
 ['7' '175.8549465114923' 'present']
 ['3' '175.99835730635544' 'present']
 ['1' '178.37470748798575' 'present']
 ['10' '182.46161874559226' 'present']
 ['7' '186.51131693321352' 'present']
 ['4' '187.059265010932' 'present']
 ['4' '197.01240879524565' 'marauded']
 ['1' '203.20006726551614' 'destroyed']
 ['8' '204.21424781823148' 'presentdestroyed']
 ['7' '210.81770962589584' 'present']
 ['7' '211.6875729695013' 'marauded']
 ['9' '216.11908414209068' 'destroyed']
 ['1' '221.85992652891517' 'present']
 ['1' '226.7168342956999' 'present']
 ['10' '232.297513328448' 'present']
 ['9' '233.5912629470632' 'present']
 ['8' '236.39158595930957' 'present']
 ['11' '236.72080594012' 'present']
 ['3' '253.11601983501646' 'present']
 ['1' '253.37789268666072' 'present']
 ['11' '256.16810860042983' 'present']
 ['4' '279.4190705279075' 'present']
 ['0' '292.61659281627016' 'present']
 ['7' '300.89866178140954' 'present']
 ['1' '307.9215696859586' 'present']
 ['6' '308.9516714368476' 'present']
 ['11' '310.0714369785447' 'present']
 ['4' '316.208674267652' 'present']
 ['7' '329.0209240626755' 'present']
 ['11' '338.82842844982486' 'present']
 ['3' '342.8568981387378' 'present']
 ['0' '358.25509233131555' 'present']]","[['F97' '79.71355779448653' 'absent']
 ['F79' '84.15826934320197' 'mated']
 ['F59' '110.4931449450793' 'mated']
 ['F27' '118.83921126135361' 'absentdestroyed']
 ['F4' '121.0030120528296' 'destroyed']
 ['F73' '125.25933368215468' 'absentdestroyed']
 ['F13' '139.5962240615667' 'mated']
 ['F47' '151.32587859713746' 'absentdestroyed']
 ['F103' '161.91869554857868' 'mated']
 ['F71' '207.53479987385973' 'mated']
 ['F17' '244.86813773474162' 'absent']
 ['F30' '248.18512937860166' 'mated']
 ['F63' '251.2862437223546' 'mated']
 ['F45' '272.0767261480991' 'absent']
 ['F76' '337.2660122922103' 'absent']
 ['F1' '351.276889189409' 'mated']]",560.0,75.26408542856291,16.958887558001567,1411.0,240.21984577305528,51.8190637017287,242.0,42.72983262004162,9.547517734383543,14.0,1.4000000000000001,0.14000000000000007,93.0,0.4305555555555561,0.0019933127572016444
3,0.054,7,360.2012117216898,"[['8' '5.228529279799802' 'present']
 ['4' '11.930881960405237' 'present']
 ['11' '13.32167052814254' 'present']
 ['9' '21.781178342656084' 'present']
 ['9' '24.827815683760743' 'present']
 ['6' '32.198222758367145' 'present']
 ['10' '32.919531189885475' 'marauded']
 ['10' '35.165736385353654' 'destroyed']
 ['8' '38.0466461494516' 'presentdestroyed']
 ['8' '41.178566584199565' 'present']
 ['2' '41.47321884519788' 'present']
 ['2' '53.44626988280087' 'marauded']
 ['9' '63.117489302165005' 'present']
 ['9' '66.64596273708239' 'present']
 ['1' '67.82529522177225' 'present']
 ['0' '94.27550424474416' 'present']
 ['1' '98.68691966683008' 'present']
 ['0' '109.0401821965826' 'present']
 ['4' '109.4932026478838' 'marauded']
 ['2' '111.23407813515885' 'presentdestroyed']
 ['7' '111.75224515780296' 'presentdestroyed']
 ['7' '118.44476725167587' 'marauded']
 ['8' '124.33147872401098' 'destroyed']
 ['1' '124.33619044681213' 'destroyed']
 ['11' '127.84753189917278' 'present']
 ['2' '131.8455405982108' 'present']
 ['7' '132.2311515328274' 'present']
 ['9' '138.86869085603425' 'present']
 ['7' '160.9150630216645' 'present']
 ['6' '162.31422306036373' 'present']
 ['0' '163.91246784844952' 'present']
 ['1' '169.62147369928113' 'present']
 ['8' '171.95790235366454' 'present']
 ['0' '173.35905889227485' 'present']
 ['2' '174.40862638985635' 'present']
 ['7' '174.51766313964984' 'present']
 ['7' '175.90400967053296' 'present']
 ['0' '181.7885976319265' 'present']
 ['2' '182.17194509564385' 'present']
 ['10' '194.08319463179927' 'present']
 ['10' '208.99302414285376' 'present']
 ['10' '209.86423320992125' 'present']
 ['2' '210.0759251815735' 'marauded']
 ['2' '220.87374791303378' 'present']
 ['2' '222.1721179468209' 'present']
 ['7' '223.63698338538717' 'present']
 ['9' '227.78274394945808' 'present']
 ['11' '228.8112421884601' 'marauded']
 ['10' '231.1375406998793' 'presentdestroyed']
 ['2' '232.77846292683384' 'presentdestroyed']
 ['1' '234.64711442571266' 'presentdestroyed']
 ['10' '234.83494410236798' 'presentdestroyed']
 ['0' '240.7248274157082' 'present']
 ['2' '241.1954875125564' 'present']
 ['10' '244.872672069021' 'present']
 ['1' '256.9671426234879' 'present']
 ['2' '259.3069312680701' 'present']
 ['8' '260.1189728576959' 'present']
 ['2' '261.5909550419319' 'present']
 ['4' '263.71632395321984' 'present']
 ['2' '267.8196008732144' 'present']
 ['1' '274.8710403759008' 'present']
 ['7' '287.65833229448356' 'present']
 ['0' '291.7891397107307' 'present']
 ['11' '299.29663795850195' 'present']
 ['7' '305.9428248198094' 'present']
 ['10' '313.3134389909505' 'present']
 ['1' '313.8955983119697' 'present']
 ['10' '320.41467722680363' 'present']
 ['2' '327.0573193974518' 'present']
 ['9' '327.99941111358635' 'marauded']
 ['7' '331.00405818523956' 'presentdestroyed']
 ['0' '340.0288411952281' 'present']
 ['9' '340.23883237927697' 'present']]","[['F22' '89.72779750751809' 'mated']
 ['F51' '98.01712757976908' 'mated']
 ['F57' '116.46180954024118' 'absent']
 ['F82' '125.5043492446471' 'destroyed']
 ['F82' '125.51360850390634' 'destroyed']
 ['F7' '156.37464715587367' 'mated']
 ['F48' '156.46562045184032' 'absent']
 ['F48' '156.47025008146994' 'absent']
 ['F34' '184.043624320301' 'mated']
 ['F60' '208.2145831731762' 'mated']
 ['F94' '208.38424085597254' 'absent']
 ['F94' '208.38887048560215' 'absent']
 ['F83' '215.3072684556774' 'destroyed']
 ['F80' '226.46457267863101' 'absent']
 ['F32' '254.9159152498399' 'mated']
 ['F85' '294.47515194046736' 'mated']]",576.0,69.9669372216638,14.496378356760959,1428.0,245.46155957740038,53.14863347766186,254.0,42.65017174308876,9.139093889503872,16.0,1.6000000000000003,0.1600000000000001,85.0,0.3935185185185189,0.0018218449931412877
4,0.054,9,360.2292498936833,"[['6' '0.48727433519130037' 'marauded']
 ['2' '3.935358640818354' 'destroyed']
 ['11' '4.867530233011219' 'presentdestroyed']
 ['6' '5.386298518298064' 'presentdestroyed']
 ['6' '6.176171598810266' 'presentdestroyed']
 ['3' '6.8267328973270285' 'presentdestroyed']
 ['3' '6.831362526956658' 'presentdestroyed']
 ['10' '8.176034983444891' 'presentdestroyed']
 ['10' '10.77308013829208' 'present']
 ['6' '21.98228624822831' 'present']
 ['9' '25.05036472967269' 'present']
 ['9' '29.76001125788361' 'present']
 ['3' '30.818555697866323' 'present']
 ['7' '32.12218619441545' 'present']
 ['8' '37.17202748980078' 'present']
 ['9' '38.653803208076155' 'present']
 ['3' '65.80179906965033' 'marauded']
 ['7' '66.0255698990393' 'presentdestroyed']
 ['3' '66.14161655151021' 'presentdestroyed']
 ['9' '71.73675678141663' 'presentdestroyed']
 ['6' '75.43497826617293' 'marauded']
 ['7' '79.2671456928124' 'destroyed']
 ['0' '80.3939248445393' 'presentdestroyed']
 ['1' '83.61629591654503' 'present']
 ['1' '88.6363399736971' 'present']
 ['8' '90.55493837261386' 'present']
 ['8' '92.03986925396713' 'present']
 ['3' '104.75332934103419' 'present']
 ['1' '107.10497611888884' 'present']
 ['7' '113.44777235570977' 'marauded']
 ['7' '119.93324102756151' 'presentdestroyed']
 ['10' '125.26455327920098' 'marauded']
 ['7' '127.23245158650006' 'presentdestroyed']
 ['6' '134.03486522684858' 'present']
 ['7' '141.18145430203245' 'present']
 ['7' '143.4605556950612' 'present']
 ['7' '152.34626681807367' 'present']
 ['10' '158.98199133100564' 'present']
 ['8' '170.13919875933763' 'present']
 ['11' '170.69972416164703' 'marauded']
 ['7' '171.923493947799' 'presentdestroyed']
 ['10' '175.94217650316148' 'presentdestroyed']
 ['2' '176.98554529845623' 'presentdestroyed']
 ['7' '178.00954455327673' 'destroyed']
 ['1' '181.8283726150091' 'present']
 ['10' '182.35764929944185' 'present']
 ['7' '185.82701122856264' 'present']
 ['8' '187.27508197971918' 'present']
 ['7' '201.05084940387783' 'marauded']
 ['3' '202.22259326590572' 'presentdestroyed']
 ['9' '213.0844397212717' 'present']
 ['7' '217.81242243785653' 'present']
 ['8' '220.16048255090115' 'present']
 ['8' '222.12517010828978' 'present']
 ['9' '223.60032736708285' 'marauded']
 ['1' '231.51930388960977' 'present']
 ['0' '232.5879018939578' 'present']
 ['8' '235.45623258603962' 'present']
 ['0' '239.7965404835736' 'present']
 ['6' '243.1517428896198' 'present']
 ['10' '245.84647498544342' 'present']
 ['1' '251.5740278748894' 'present']
 ['8' '251.93792527653738' 'marauded']
 ['6' '252.13365833124686' 'presentdestroyed']
 ['11' '256.5434587570803' 'presentdestroyed']
 ['6' '265.0510961018135' 'present']
 ['7' '266.92416917679986' 'marauded']
 ['2' '277.73754879367476' 'present']
 ['10' '289.0044311663435' 'present']
 ['8' '294.6599361619331' 'present']
 ['3' '296.49255528785505' 'present']
 ['7' '302.6468165771762' 'marauded']
 ['11' '306.2322348550504' 'presentdestroyed']
 ['10' '318.23045898413034' 'marauded']
 ['7' '345.78237970474026' 'present']
 ['1' '356.5360709338776' 'marauded']
 ['8' '359.9798576561353' 'presentdestroyed']]","[['F73' '125.26164849696949' 'absent']
 ['F82' '125.51129368909153' 'destroyed']
 ['F50' '132.60595288738915' 'mated']
 ['F73' '137.2685929414139' 'mated']
 ['F69' '141.3344242686956' 'mated']
 ['F49' '144.13151093173926' 'mated']
 ['F47' '151.33050822676708' 'mated']
 ['F68' '218.92379233813935' 'mated']
 ['F17' '244.87276736437124' 'mated']
 ['F88' '278.00407885797216' 'mated']
 ['F0' '333.8763393834227' 'mated']]",577.0,65.56192811398184,12.974923741981216,1290.0,217.15696639816935,46.24851684219074,452.0,76.11314581552308,16.39016235369901,9.0,0.8999999999999999,0.09000000000000002,63.0,0.2916666666666666,0.0013503086419753075
5,0.0,10,360.4995833575981,"[['8' '3.9016840446489973' 'present']
 ['9' '7.662190502208771' 'marauded']
 ['8' '9.607576547072727' 'presentdestroyed']
 ['8' '11.674658348718282' 'presentdestroyed']
 ['11' '21.92188593270474' 'present']
 ['4' '26.573948369617252' 'present']
 ['0' '30.62585807507398' 'present']
 ['8' '32.694765288315374' 'marauded']
 ['4' '56.973434876244156' 'marauded']
 ['8' '61.1763519287662' 'presentdestroyed']
 ['8' '85.54065159660134' 'present']
 ['7' '91.7323759496972' 'present']
 ['8' '103.9397817120463' 'present']
 ['3' '105.76961146175199' 'present']
 ['7' '105.93449433509414' 'present']
 ['6' '109.47786272548365' 'present']
 ['11' '114.8521436867952' 'present']
 ['7' '117.56519102203806' 'present']
 ['0' '124.01791934731058' 'marauded']
 ['7' '127.09338243136413' 'presentdestroyed']
 ['9' '136.56224992652983' 'present']
 ['1' '137.01985002469175' 'present']
 ['4' '138.35346612844086' 'present']
 ['4' '140.15380085639512' 'present']
 ['7' '140.20257291641062' 'present']
 ['10' '152.63238876994347' 'marauded']
 ['3' '161.99730545665713' 'present']
 ['1' '166.5119366443893' 'present']
 ['1' '170.41119605702337' 'present']
 ['6' '171.4101787606552' 'present']
 ['3' '193.40930558814836' 'present']
 ['7' '197.26529015145277' 'present']
 ['0' '214.9783371137457' 'present']
 ['11' '220.48294233440876' 'present']
 ['3' '227.964489287885' 'present']
 ['1' '235.95752694793705' 'present']
 ['11' '236.0247029953123' 'present']
 ['4' '242.52762137596673' 'present']
 ['0' '242.84954907901297' 'present']
 ['3' '261.0810858737154' 'present']
 ['8' '279.74800532408676' 'present']
 ['9' '282.2646250315168' 'present']
 ['8' '283.83135722524486' 'present']
 ['9' '295.1389206024431' 'present']
 ['1' '298.584203588666' 'present']
 ['0' '303.11310609734426' 'present']
 ['2' '312.09778901761996' 'present']
 ['1' '319.6519832792187' 'present']
 ['8' '322.3275625410096' 'marauded']
 ['8' '322.61675205735173' 'presentdestroyed']
 ['3' '327.2070530309182' 'presentdestroyed']
 ['6' '331.9288087292021' 'marauded']
 ['11' '334.4242234368907' 'destroyed']
 ['6' '342.06761946365134' 'present']
 ['7' '348.9532414364115' 'present']]","[['F97' '79.71587260930134' 'mated']
 ['F56' '104.47632913762939' 'mated']
 ['F27' '118.84152607616842' 'mated']
 ['F82' '125.50897887427672' 'destroyed']
 ['F46' '127.99473124678107' 'absentdestroyed']
 ['F100' '145.09217019494218' 'mated']
 ['F47' '151.32124896750784' 'absent']
 ['F47' '151.32819341195227' 'absent']
 ['F48' '156.46793526665513' 'destroyed']
 ['F37' '159.65755126060523' 'destroyed']
 ['F74' '199.91487645206064' 'mated']
 ['F67' '203.90552568799367' 'mated']
 ['F70' '210.61642839419406' 'mated']
 ['F86' '211.976474321889' 'mated']
 ['F68' '218.91916270850973' 'absent']
 ['F81' '246.25133381120992' 'absent']
 ['F16' '246.64014674826555' 'mated']
 ['F99' '279.3218633846268' 'absent']
 ['F104' '299.33232468100124' 'mated']
 ['F76' '337.26369747739545' 'absentdestroyed']]",580.0,70.71887063898767,14.498523416547823,1414.0,246.8702522267276,54.69957476048927,254.0,42.43373455301557,8.87386459743626,0.0,0.0,0.0,0.0,0.0,0.0
6,0.054,9,360.00706225474266,"[['2' '2.7059566815379252' 'present']
 ['0' '5.459088038200764' 'present']
 ['10' '11.479175667683986' 'marauded']
 ['4' '37.147121667420706' 'present']
 ['11' '38.113601359654695' 'present']
 ['2' '47.92670097899085' 'present']
 ['2' '51.14168929469492' 'present']
 ['2' '51.784054527092096' 'present']
 ['4' '54.34832099314187' 'present']
 ['11' '63.19132834819627' 'present']
 ['3' '63.982705195710054' 'present']
 ['0' '67.76960846189972' 'marauded']
 ['8' '72.86041970128093' 'presentdestroyed']
 ['11' '73.57796818044913' 'presentdestroyed']
 ['7' '77.76965210801923' 'present']
 ['3' '80.50630265741249' 'present']
 ['1' '88.120691469377' 'marauded']
 ['1' '90.49006618536755' 'presentdestroyed']
 ['9' '96.69302602235913' 'present']
 ['3' '109.08304316160854' 'present']
 ['11' '109.33082935853466' 'present']
 ['4' '109.69146047039092' 'present']
 ['2' '112.80400885717512' 'marauded']
 ['7' '112.93070686125867' 'presentdestroyed']
 ['0' '117.09443957011304' 'presentdestroyed']
 ['11' '118.7264750048174' 'presentdestroyed']
 ['8' '124.3361083536406' 'marauded']
 ['11' '127.31068356418722' 'presentdestroyed']
 ['7' '127.41689620749348' 'presentdestroyed']
 ['7' '130.73396765990273' 'presentdestroyed']
 ['8' '143.34918087362928' 'present']
 ['3' '143.65417834623864' 'marauded']
 ['9' '143.79452218023584' 'presentdestroyed']
 ['1' '146.68700470536555' 'presentdestroyed']
 ['4' '147.66297586457685' 'presentdestroyed']
 ['2' '156.32837635724445' 'present']
 ['8' '161.94668459492826' 'present']
 ['2' '166.97459789763494' 'present']
 ['10' '170.13048349127047' 'present']
 ['3' '173.13646244513814' 'present']
 ['9' '178.70984916055795' 'present']
 ['7' '182.01667916940772' 'present']
 ['7' '186.3480326254142' 'present']
 ['8' '193.24021249318338' 'present']
 ['3' '193.59607672263428' 'present']
 ['4' '195.4428734254697' 'marauded']
 ['2' '196.12139494274777' 'destroyed']
 ['4' '197.94030903889734' 'presentdestroyed']
 ['7' '199.88351517015826' 'destroyed']
 ['10' '209.86886283955087' 'marauded']
 ['9' '212.0455025169288' 'destroyed']
 ['11' '218.0061742112778' 'present']
 ['2' '223.8307506337635' 'present']
 ['0' '237.39976921421874' 'present']
 ['3' '247.59863643955902' 'present']
 ['1' '248.52590286016093' 'present']
 ['2' '254.02394896200127' 'marauded']
 ['9' '258.2535239565699' 'presentdestroyed']
 ['9' '258.8493315804228' 'presentdestroyed']
 ['11' '258.95143178724334' 'presentdestroyed']
 ['1' '265.6508916014994' 'present']
 ['2' '273.9635625550342' 'present']
 ['3' '277.04537042133984' 'present']
 ['9' '283.00926917192425' 'marauded']
 ['1' '291.08720311342734' 'present']
 ['7' '299.8453935967442' 'present']
 ['10' '302.97476945382124' 'present']
 ['7' '308.685727808511' 'present']
 ['4' '314.27722320525316' 'present']
 ['11' '314.5406608589804' 'present']
 ['11' '327.4118976772496' 'present']
 ['2' '335.6108707026711' 'present']
 ['1' '338.80277305501164' 'present']
 ['9' '342.69539441190074' 'present']
 ['4' '350.9462373114301' 'present']
 ['11' '352.3916099040482' 'marauded']
 ['1' '356.26967075438597' 'destroyed']
 ['9' '358.480462305608' 'presentdestroyed']
 ['1' '359.0049755327211' 'presentdestroyed']]","[['F54' '61.239982132615694' 'mated']
 ['F72' '72.35968688109556' 'destroyed']
 ['F22' '89.72548269270328' 'absentdestroyed']
 ['F75' '99.10126087436234' 'mated']
 ['F66' '103.69389078418686' 'mated']
 ['F36' '106.70678762190529' 'mated']
 ['F82' '137.51592331872115' 'mated']
 ['F47' '151.32356378232265' 'absentdestroyed']
 ['F37' '159.65986607542004' 'mated']
 ['F83' '215.3095832704922' 'destroyed']
 ['F106' '224.40309374938352' 'mated']
 ['F33' '242.78298671418997' 'mated']
 ['F16' '246.63783193345074' 'absent']
 ['F99' '279.32649301425647' 'mated']]",578.0,71.25231289938334,14.697396256838395,1322.0,220.96378507343286,46.80676603066623,393.0,66.8448151146571,14.223677422713319,9.0,0.8999999999999999,0.09000000000000002,58.0,0.2685185185185183,0.0012431412894375847
7,0.054,6,360.56600135797026,"[['8' '0.28301956930505706' 'present']
 ['10' '3.675599914154207' 'present']
 ['8' '14.797854016699821' 'present']
 ['9' '18.782641388926848' 'marauded']
 ['9' '25.054994359302317' 'presentdestroyed']
 ['1' '39.879111865708055' 'present']
 ['2' '45.579575917676046' 'present']
 ['2' '54.95634693576238' 'present']
 ['4' '55.85043581088525' 'present']
 ['3' '65.79716944002071' 'present']
 ['0' '71.2090418462254' 'present']
 ['6' '76.9257786536859' 'present']
 ['3' '81.85956374019435' 'marauded']
 ['8' '85.54528122623095' 'presentdestroyed']
 ['4' '101.70318628848175' 'present']
 ['4' '133.82916788775225' 'present']
 ['9' '134.3211454242939' 'present']
 ['8' '137.1833619624179' 'present']
 ['2' '139.68613788247754' 'present']
 ['11' '143.14322773917337' 'present']
 ['3' '149.54932785045753' 'present']
 ['11' '150.98705772835947' 'present']
 ['3' '153.1169840855648' 'marauded']
 ['4' '153.93287782172663' 'destroyed']
 ['4' '155.1991909787184' 'presentdestroyed']
 ['0' '163.3232663363312' 'present']
 ['8' '178.1146321307175' 'present']
 ['2' '187.19350463768302' 'marauded']
 ['4' '193.0124266391246' 'presentdestroyed']
 ['1' '201.6502241386574' 'present']
 ['11' '232.0502112984985' 'present']
 ['11' '232.47693822064184' 'present']
 ['11' '234.29901671003762' 'present']
 ['2' '242.39291766229113' 'marauded']
 ['1' '247.5273197039481' 'presentdestroyed']
 ['6' '250.05397564338136' 'present']
 ['6' '251.20069937203684' 'present']
 ['3' '251.3793535484909' 'present']
 ['2' '252.70503915591843' 'present']
 ['3' '255.12648008085804' 'marauded']
 ['0' '269.8087844219777' 'marauded']
 ['3' '272.46958082733704' 'presentdestroyed']
 ['8' '274.04043696802086' 'presentdestroyed']
 ['6' '279.1056540499363' 'marauded']
 ['8' '279.75263495371644' 'presentdestroyed']
 ['4' '284.9153327744603' 'presentdestroyed']
 ['3' '290.61470528998876' 'present']
 ['8' '291.01733867961906' 'marauded']
 ['10' '295.11085236913704' 'presentdestroyed']
 ['0' '298.11521802538766' 'presentdestroyed']
 ['10' '300.8178393856261' 'present']
 ['4' '301.72499668678745' 'present']
 ['0' '302.1479495436659' 'present']
 ['11' '305.4448800544949' 'present']
 ['11' '308.27407717721934' 'present']
 ['1' '311.11163436353354' 'marauded']
 ['10' '315.00410693705106' 'presentdestroyed']
 ['1' '322.45478057690224' 'present']
 ['11' '323.79296554007567' 'present']
 ['4' '334.3447981636509' 'present']
 ['3' '341.30646558533454' 'present']
 ['11' '345.5628446595367' 'present']
 ['0' '348.8247587237909' 'present']
 ['9' '356.1499039687919' 'present']]","[['F9' '78.8048691310761' 'mated']
 ['F102' '128.1559982496058' 'mated']
 ['F65' '146.45413397669415' 'mated']
 ['F94' '208.39118530041696' 'mated']
 ['F83' '215.311898085307' 'mated']
 ['F45' '272.0744113332843' 'destroyed']
 ['F99' '279.32417819944163' 'destroyed']
 ['F95' '313.9363094445901' 'destroyed']
 ['F58' '347.4667958177663' 'mated']]",558.0,68.78152670387202,14.126128486473123,1367.0,228.31107245916542,48.23493122741352,337.0,61.141099560392234,14.015046282895565,14.0,1.4000000000000001,0.14000000000000007,94.0,0.43518518518518573,0.002014746227709189
8,0.054,8,360.25604014223285,"[['11' '3.979293752311469' 'present']
 ['0' '5.812788477532164' 'present']
 ['6' '5.957951786036502' 'present']
 ['9' '8.024695575665056' 'present']
 ['4' '17.415460762569747' 'present']
 ['6' '19.49418647404348' 'present']
 ['9' '20.90265756737655' 'present']
 ['4' '23.6014577015122' 'present']
 ['1' '26.280460551692276' 'present']
 ['9' '28.71919762728358' 'present']
 ['3' '47.142098808375906' 'present']
 ['10' '48.72031521174146' 'marauded']
 ['2' '50.025045742327556' 'destroyed']
 ['10' '52.87493549187222' 'presentdestroyed']
 ['7' '62.05035187534872' 'present']
 ['9' '78.13864651593876' 'marauded']
 ['0' '86.0508571058742' 'present']
 ['1' '88.64096960332672' 'present']
 ['7' '129.32344604831303' 'present']
 ['7' '132.23578116245702' 'present']
 ['7' '136.33680071079056' 'present']
 ['3' '140.4117243617156' 'present']
 ['9' '146.45251154031774' 'marauded']
 ['9' '159.49016087711533' 'present']
 ['9' '166.61724905395502' 'present']
 ['4' '168.2180686268011' 'present']
 ['0' '168.40951242142728' 'present']
 ['11' '169.14213440969948' 'present']
 ['3' '176.00298693598506' 'present']
 ['2' '176.99017492808585' 'present']
 ['1' '178.1561424044492' 'present']
 ['3' '189.293187973049' 'present']
 ['2' '219.60397387893755' 'present']
 ['2' '223.83538026339312' 'marauded']
 ['11' '234.30364633966724' 'present']
 ['9' '240.83185740895928' 'marauded']
 ['3' '251.17648527933963' 'present']
 ['3' '262.4617994380773' 'present']
 ['2' '265.34390092880636' 'present']
 ['1' '271.02883118588414' 'present']
 ['1' '274.8756700055305' 'present']
 ['9' '297.23946028771326' 'present']
 ['0' '297.3891504240888' 'present']
 ['7' '299.8500232263739' 'marauded']
 ['11' '308.37895284264505' 'present']
 ['3' '308.9443266841724' 'marauded']
 ['6' '309.22899476607466' 'destroyed']
 ['7' '310.0022732402899' 'presentdestroyed']
 ['6' '318.813075081264' 'present']
 ['10' '322.68345721564464' 'present']
 ['9' '322.7696502609799' 'present']
 ['4' '327.67066053251665' 'present']
 ['2' '329.7158474811746' 'present']
 ['2' '330.13719339063624' 'marauded']
 ['0' '337.78655342854444' 'destroyed']
 ['9' '342.7000240415304' 'present']
 ['11' '348.74367067448355' 'present']
 ['4' '349.14219353700537' 'present']
 ['7' '349.44872807945103' 'marauded']
 ['0' '353.1757294009602' 'presentdestroyed']
 ['3' '357.2024681123887' 'present']]","[['F28' '88.10529017417076' 'mated']
 ['F25' '101.1426422119606' 'mated']
 ['F4' '121.00532686764441' 'mated']
 ['F69' '141.329794639066' 'absent']
 ['F48' '156.47256489628475' 'absent']
 ['F98' '173.37089327193988' 'mated']
 ['F10' '191.2784869074367' 'mated']
 ['F38' '203.56337938218272' 'mated']
 ['F3' '218.2559592223602' 'absent']
 ['F42' '230.9599308156123' 'destroyed']
 ['F92' '269.3872724075668' 'mated']
 ['F45' '272.07904096291395' 'mated']
 ['F95' '313.93862425940495' 'absentdestroyed']
 ['F0' '333.87402456860787' 'destroyed']
 ['F76' '337.2613826625806' 'destroyed']]",567.0,69.85420257446263,14.125362094850919,1374.0,233.9036732296071,49.5409728594241,336.0,55.100813100427835,11.783236461803346,10.0,0.9999999999999999,0.10000000000000003,69.0,0.3194444444444445,0.0014789094650205748
9,0.054,8,360.22399352452624,"[['10' '3.5425117361700953' 'present']
 ['2' '3.930729011188724' 'present']
 ['2' '9.493069554428102' 'marauded']
 ['0' '10.757418135709225' 'presentdestroyed']
 ['6' '10.77278405542227' 'presentdestroyed']
 ['0' '15.533506578790746' 'presentdestroyed']
 ['3' '17.211205368729278' 'present']
 ['6' '20.70127433138847' 'present']
 ['10' '33.02416081951511' 'present']
 ['6' '53.53539805561077' 'present']
 ['10' '53.77030565866691' 'marauded']
 ['2' '57.53924285707824' 'presentdestroyed']
 ['11' '63.18669871856664' 'present']
 ['1' '64.04407337916894' 'present']
 ['3' '65.75221555994965' 'present']
 ['2' '81.4318852595189' 'present']
 ['2' '86.32861158811264' 'marauded']
 ['3' '95.30582298765255' 'present']
 ['6' '101.56375590493565' 'marauded']
 ['1' '108.96366510875734' 'presentdestroyed']
 ['11' '109.79067664864604' 'marauded']
 ['8' '117.02577617389703' 'marauded']
 ['8' '128.95975432648137' 'present']
 ['1' '146.85205429605188' 'present']
 ['0' '148.27401595906073' 'present']
 ['3' '148.9446959499891' 'marauded']
 ['0' '163.20158001904656' 'present']
 ['4' '164.4194741083111' 'present']
 ['1' '165.44840335385848' 'present']
 ['7' '169.7978240676199' 'marauded']
 ['0' '176.98203376572422' 'presentdestroyed']
 ['0' '181.18222298682875' 'present']
 ['1' '183.0505221278149' 'marauded']
 ['4' '184.1894484501644' 'presentdestroyed']
 ['4' '189.65568296541912' 'presentdestroyed']
 ['11' '199.59048944978056' 'present']
 ['1' '200.1553341845967' 'marauded']
 ['7' '202.09827801961902' 'presentdestroyed']
 ['2' '209.5452231020111' 'present']
 ['1' '217.11569203622292' 'present']
 ['1' '218.5714484116272' 'present']
 ['1' '219.16006429440412' 'present']
 ['2' '219.47456113916937' 'present']
 ['6' '219.9959361420625' 'present']
 ['7' '222.97997529282134' 'present']
 ['6' '224.6839487480233' 'present']
 ['2' '227.78518694727913' 'present']
 ['10' '236.99236603842263' 'present']
 ['11' '238.5859157870419' 'present']
 ['3' '242.11776264326292' 'marauded']
 ['1' '243.6326488033662' 'presentdestroyed']
 ['2' '253.19233070178316' 'present']
 ['2' '259.3115608976998' 'present']
 ['11' '260.86426426145954' 'marauded']
 ['10' '267.33208571299565' 'presentdestroyed']
 ['0' '278.43388014515176' 'present']
 ['0' '290.69424948636276' 'present']
 ['11' '295.6116154427981' 'present']
 ['11' '297.9085191094122' 'present']
 ['1' '300.4970223009275' 'present']
 ['10' '307.45241878040036' 'present']
 ['11' '308.26481791796' 'present']
 ['11' '308.26944754758966' 'present']
 ['2' '308.9448166045313' 'present']
 ['2' '314.9415677276939' 'marauded']
 ['0' '328.9488538776365' 'marauded']
 ['6' '347.56534388085714' 'present']
 ['2' '352.31834547583514' 'present']
 ['1' '354.538396983194' 'present']
 ['1' '359.0801427784965' 'present']]","[['F56' '104.47401432281458' 'destroyed']
 ['F27' '118.8368964465388' 'destroyed']
 ['F73' '125.2639633117843' '']
 ['F15' '127.8647312291714' 'mated']
 ['F46' '127.99704606159588' 'mated']
 ['F64' '137.82811598162456' 'mated']
 ['F7' '156.37233234105886' 'destroyed']
 ['F39' '164.4942170214037' 'mated']
 ['F91' '165.10831613676766' 'mated']
 ['F48' '168.47719452591437' 'mated']
 ['F98' '173.36857845712507' 'destroyed']
 ['F6' '181.1098899420172' 'mated']
 ['F5' '192.53253436788918' 'absent']
 ['F94' '208.38655567078735' 'absent']
 ['F3' '218.258274037175' 'absent']
 ['F68' '218.92147752332454' 'absent']
 ['F17' '244.87045254955643' 'absentdestroyed']
 ['F16' '246.63551711863593' 'destroyed']
 ['F95' '313.9409390742198' 'mated']]",553.0,73.54196195527258,16.415675041030017,1173.0,199.50210732871176,42.535575447143934,491.0,85.60930995641488,18.529147420765742,11.0,1.0999999999999999,0.11000000000000004,67.0,0.3101851851851852,0.0014360425240054857
10,0.054,14,360.6033037330353,"[['3' '0.6689784637976834' 'present']
 ['3' '1.6274640521398498' 'present']
 ['6' '5.633270755290404' 'present']
 ['1' '19.135216868778823' 'present']
 ['1' '22.684554228113782' 'marauded']
 ['2' '24.901683443481527' 'presentdestroyed']
 ['3' '28.16483837889969' 'presentdestroyed']
 ['9' '28.19725064536153' 'presentdestroyed']
 ['4' '35.174501348601005' 'present']
 ['1' '37.859644172187345' 'present']
 ['6' '40.937111128630605' 'marauded']
 ['0' '41.81634542714058' 'presentdestroyed']
 ['1' '48.92859836838288' 'present']
 ['6' '55.68185891755193' 'marauded']
 ['1' '64.37130523209356' 'marauded']
 ['3' '64.57384465871361' 'presentdestroyed']
 ['2' '82.52119862916635' 'present']
 ['3' '87.60037120239345' 'marauded']
 ['11' '89.14020197827803' 'presentdestroyed']
 ['0' '89.53796513057694' 'destroyed']
 ['4' '91.05728506892791' 'presentdestroyed']
 ['2' '109.24672747436608' 'marauded']
 ['0' '111.21922540902308' 'presentdestroyed']
 ['7' '122.51592537072173' 'present']
 ['7' '127.41226657786386' 'present']
 ['9' '131.16195499648617' 'present']
 ['7' '133.6892188571872' 'present']
 ['2' '135.7014951467158' 'marauded']
 ['9' '138.1224257496646' 'destroyed']
 ['2' '139.23181426132723' 'presentdestroyed']
 ['6' '152.80115505814024' 'present']
 ['9' '160.39735261003452' 'present']
 ['3' '162.00193508628675' 'marauded']
 ['2' '165.09734554491445' 'presentdestroyed']
 ['3' '169.57210060819315' 'destroyed']
 ['9' '178.8828341923286' 'present']
 ['6' '180.14563679754278' 'present']
 ['7' '182.0120495397781' 'present']
 ['1' '182.70695222405828' 'present']
 ['0' '184.21103328398218' 'present']
 ['2' '186.77788211956704' 'present']
 ['7' '195.67602160680988' 'present']
 ['1' '196.30726546490322' 'present']
 ['3' '196.7759251729563' 'present']
 ['2' '206.2523235934134' 'present']
 ['8' '206.34572505435625' 'present']
 ['0' '209.41132565393397' 'present']
 ['11' '211.3877304857616' 'present']
 ['1' '211.76424513209867' 'present']
 ['4' '215.5883593791047' 'marauded']
 ['6' '219.69765134226873' 'presentdestroyed']
 ['11' '225.63270487376838' 'present']
 ['1' '225.82789656115003' 'present']
 ['1' '226.3946421539288' 'present']
 ['2' '228.38832156452324' 'present']
 ['6' '239.2083325746072' 'present']
 ['0' '254.47502101837648' 'present']
 ['11' '255.5566676221115' 'marauded']
 ['4' '261.03028941209203' 'presentdestroyed']
 ['2' '261.27511444660183' 'presentdestroyed']
 ['2' '261.7150709952471' 'presentdestroyed']
 ['8' '262.9326410823393' 'destroyed']
 ['0' '266.5843147774663' 'present']
 ['3' '271.26674394587315' 'marauded']
 ['6' '272.26991732428223' 'presentdestroyed']
 ['0' '277.6770641660977' 'presentdestroyed']
 ['2' '277.911184598622' 'presentdestroyed']
 ['0' '280.76991168442885' 'present']
 ['3' '285.3656512063448' 'present']
 ['4' '288.9272595422654' 'present']
 ['7' '289.24776185339954' 'present']
 ['6' '291.52653756439275' 'present']
 ['8' '297.02568342528025' 'present']
 ['0' '305.92464525794696' 'present']
 ['7' '307.58977232789056' 'present']
 ['7' '319.3744747733197' 'present']
 ['7' '319.73876416802057' 'present']
 ['0' '320.2276034093858' 'present']
 ['9' '322.6534857717088' 'present']
 ['2' '324.74516813684903' 'present']
 ['11' '328.7246183695822' 'present']
 ['3' '357.3833735050029' 'marauded']
 ['7' '359.68648338470575' 'presentdestroyed']]","[['F54' '61.23766731780088' 'destroyed']
 ['F72' '72.36200169591037' 'mated']
 ['F101' '102.79484665017077' 'mated']
 ['F59' '110.49083013026448' 'destroyed']
 ['F73' '125.2662781265991' 'absent']
 ['F44' '175.5037602024815' 'mated']
 ['F14' '181.84490554821622' 'mated']
 ['F55' '184.0580821650563' 'mated']
 ['F105' '188.2072702345858' 'mated']
 ['F61' '213.7038027249072' 'mated']
 ['F24' '225.53489181326202' 'mated']
 ['F80' '226.46688749344582' 'mated']
 ['F40' '237.58844176163538' 'mated']
 ['F81' '246.25364862602473' 'mated']
 ['F107' '266.09328626724835' 'mated']
 ['F96' '298.09119794992756' 'mated']
 ['F84' '302.760896657881' 'absent']
 ['F76' '337.26832710702513' 'mated']]",559.0,71.52500093820544,15.858484326580724,1288.0,218.45473185042448,46.88968079413544,404.0,69.01657721239667,14.851646062770095,8.0,0.7999999999999999,0.08000000000000002,58.0,0.2685185185185183,0.0012431412894375847
11,0.054,12,360.1558246832144,"[['2' '12.142404317976263' 'present']
 ['4' '13.346032535689941' 'present']
 ['3' '18.400226649090268' 'present']
 ['6' '27.977244575106194' 'present']
 ['9' '34.32922292550097' 'present']
 ['0' '43.192474054593376' 'present']
 ['7' '45.81268208571096' 'present']
 ['9' '47.12085161238077' 'present']
 ['1' '52.35462335094141' 'marauded']
 ['2' '58.08994928649245' 'presentdestroyed']
 ['7' '65.5576277606435' 'marauded']
 ['6' '65.65767551272506' 'presentdestroyed']
 ['3' '75.11307699067932' 'marauded']
 ['3' '76.21247810123958' 'presentdestroyed']
 ['10' '76.67250209561256' 'destroyed']
 ['0' '81.99771695919172' 'presentdestroyed']
 ['9' '99.72367054592756' 'marauded']
 ['3' '101.00054547987462' 'destroyed']
 ['3' '101.00517510950424' 'destroyed']
 ['1' '102.12497499988697' 'presentdestroyed']
 ['8' '103.94441134167592' 'presentdestroyed']
 ['6' '108.16024531743527' 'present']
 ['7' '119.67370294285446' 'marauded']
 ['0' '122.75243034191242' 'presentdestroyed']
 ['0' '128.5886175862704' 'present']
 ['7' '131.63858571596165' 'present']
 ['2' '134.9991920349236' 'present']
 ['3' '135.40441304098303' 'present']
 ['10' '135.49659993019847' 'present']
 ['9' '145.34664341037478' 'present']
 ['9' '146.44788191068812' 'present']
 ['8' '155.17071767934092' 'marauded']
 ['4' '157.26450874797277' 'presentdestroyed']
 ['2' '163.23499805395454' 'present']
 ['7' '172.50653555920962' 'marauded']
 ['1' '173.46537130977518' 'presentdestroyed']
 ['2' '174.19280722974713' 'presentdestroyed']
 ['10' '176.80993453006548' 'presentdestroyed']
 ['1' '177.22606576772696' 'presentdestroyed']
 ['2' '178.5869663778167' 'presentdestroyed']
 ['3' '178.87663700171797' 'presentdestroyed']
 ['1' '181.83300224463872' 'marauded']
 ['6' '187.08714735748362' 'presentdestroyed']
 ['10' '193.85488975134717' 'present']
 ['8' '197.22314372695726' 'present']
 ['0' '204.20906554926833' 'present']
 ['2' '208.1295935319248' 'present']
 ['4' '241.38240239975113' 'present']
 ['7' '250.39178229026712' 'present']
 ['4' '276.94132209343087' 'marauded']
 ['8' '283.83598685487453' 'presentdestroyed']
 ['3' '292.3383346755003' 'present']
 ['6' '292.88364312675446' 'present']
 ['0' '294.31310034167245' 'present']
 ['10' '299.56673855372486' 'present']
 ['3' '323.26554396579803' 'present']
 ['2' '338.64640855100475' 'present']
 ['4' '339.4942666649152' 'present']
 ['8' '343.6796006198879' 'present']
 ['10' '349.5539742424078' 'present']
 ['7' '358.41722932593865' 'present']]","[['F9' '78.8025543162613' 'destroyed']
 ['F101' '102.79021702054115' 'destroyed']
 ['F36' '106.70447280709048' 'destroyed']
 ['F57' '116.46412435505599' 'mated']
 ['F4' '121.0006972380148' 'destroyed']
 ['F73' '125.25701886733987' 'destroyed']
 ['F82' '125.50666405946191' 'destroyed']
 ['F23' '130.64723862874726' 'mated']
 ['F29' '133.9228951820912' 'mated']
 ['F93' '143.1562889710439' 'mated']
 ['F48' '156.47487971109956' 'destroyed']
 ['F35' '163.0567564170354' 'mated']
 ['F2' '167.33086779024018' 'mated']
 ['F78' '168.28351802637837' 'mated']
 ['F14' '181.8425907334014' 'absentdestroyed']
 ['F105' '188.20495541977098' 'destroyed']
 ['F5' '192.534849182704' 'mated']
 ['F3' '218.2605888519898' 'mated']
 ['F42' '230.9622456304271' 'mated']
 ['F8' '240.03041170412232' 'mated']
 ['F99' '279.31954856981196' 'destroyed']
 ['F26' '295.1870983173758' 'mated']]",559.0,72.66318103301282,15.103239429834145,1385.0,230.94064054311056,48.762938770349635,319.0,55.00616482307692,12.039436184931953,11.0,1.0999999999999999,0.11000000000000004,77.0,0.3564814814814817,0.0016503772290809313
