id,probability_maraud,successful_mating,next_foraging_time,mar_attempts,mate_attempts,foraging_events,foraging_hrs,foraging_sqhrs,staying_events,staying_hrs,staying_sqhrs,repairing_events,repairing_hrs,repairing_sqhrs,marauding_events,marauding_hrs,marauding_sqhrs,traveling_events,traveling_hrs,traveling_sqhrs
0,0.054,8,360.44251612385597,"[['3' '16.851903413497737' 'present']
 ['5' '18.714164011190686' 'present']
 ['10' '57.11979061001097' 'marauded']
 ['10' '64.03268846346826' 'presentdestroyed']
 ['11' '65.16926026869466' 'present']
 ['11' '93.89163258104612' 'marauded']
 ['3' '106.88643680332879' 'marauded']
 ['11' '108.98210397241847' 'presentdestroyed']
 ['10' '116.05356059600942' 'present']
 ['10' '123.94930795008672' 'present']
 ['3' '126.5381216233553' 'marauded']
 ['3' '144.94490231615376' 'present']
 ['5' '177.1896885236508' 'present']
 ['5' '198.19889605054595' 'present']
 ['3' '204.41301285018602' 'present']
 ['23' '224.49185919681943' 'present']
 ['20' '234.24591836968804' 'present']
 ['20' '237.93431186631037' 'present']
 ['11' '240.93961106329104' 'present']
 ['20' '247.29055693031555' 'present']
 ['10' '304.61689358888754' 'marauded']
 ['5' '334.0709599371834' 'marauded']
 ['3' '340.60870956453' 'presentdestroyed']
 ['10' '358.4511181108758' 'present']]","[['F49' '45.169945108552064' 'mated']
 ['F175' '96.93538694133966' 'destroyed']
 ['F55' '124.48924244610068' 'mated']
 ['F92' '130.2381966207525' 'destroyed']
 ['F189' '146.4926579476233' 'absent']
 ['F159' '166.55284730589187' 'mated']
 ['F208' '167.18324242926116' 'mated']
 ['F123' '167.3921762797466' 'absent']
 ['F98' '205.89221923481855' 'mated']
 ['F211' '206.23588612239814' 'mated']
 ['F209' '277.12347678247556' 'mated']
 ['F130' '296.01362626584876' 'mated']]",575.0,72.86891496297399,15.396846832988333,1441.0,244.6125030461199,52.615147328973045,219.0,36.33296101691082,7.737160701272861,20.0,2.0000000000000004,0.20000000000000012,92.0,4.25925925925926,0.19718792866940982
1,0.0,11,360.7000349649879,"[['3' '3.4685781337402433' 'present']
 ['0' '7.346488752725953' 'present']
 ['10' '17.66508807989493' 'present']
 ['0' '33.234532352650696' 'present']
 ['5' '39.85578992618216' 'present']
 ['20' '40.335600184381065' 'marauded']
 ['11' '47.66248776255064' 'present']
 ['11' '57.24602029918342' 'present']
 ['10' '104.23695785989682' 'present']
 ['10' '104.8961638183315' 'present']
 ['5' '106.7701562471682' 'present']
 ['3' '125.7295647536834' 'present']
 ['0' '134.99428927459056' 'present']
 ['10' '140.87846460939087' 'present']
 ['0' '178.13433801792775' 'present']
 ['20' '233.46827693965875' 'present']
 ['11' '248.80605259504625' 'marauded']
 ['20' '263.36698347987596' 'present']
 ['3' '281.22178819804276' 'marauded']
 ['3' '297.3651177850324' 'present']
 ['20' '308.34421843830637' 'present']
 ['5' '315.2363751662008' 'present']
 ['5' '319.95792049498215' 'present']
 ['0' '327.81068983385603' 'marauded']
 ['20' '331.8537985997084' 'destroyed']
 ['10' '338.00170761373096' 'present']
 ['10' '341.4317298849252' 'present']
 ['23' '345.68829975862803' 'present']
 ['10' '345.9216800479968' 'marauded']
 ['20' '352.91655309122507' 'presentdestroyed']]","[['F102' '8.439529480789211' 'mated']
 ['F7' '55.92586476871137' 'mated']
 ['F150' '102.08262802871204' 'mated']
 ['F15' '112.15789742706845' 'mated']
 ['F105' '112.37748513428315' 'mated']
 ['F143' '160.64487092272933' 'mated']
 ['F199' '163.63921901059368' 'mated']
 ['F26' '175.95831825479175' 'mated']
 ['F73' '210.03575000012253' 'absent']
 ['F36' '293.9843988845895' 'mated']
 ['F162' '294.54961811182227' 'absent']
 ['F67' '305.33714186085484' 'mated']
 ['F167' '357.1358812309229' 'mated']]",578.0,69.29423760965003,13.748114196144103,1518.0,260.2336071800177,56.003856507950125,199.0,30.591124840144357,6.2546103047109565,0.0,0.0,0.0,0.0,0.0,0.0
2,0.0,6,361.04893516042785,"[['5' '0.27473286659209617' 'marauded']
 ['5' '14.858953842488807' 'present']
 ['0' '17.770491104496685' 'present']
 ['11' '26.781880054586317' 'present']
 ['11' '28.893681498685517' 'present']
 ['0' '49.547990903621724' 'marauded']
 ['23' '49.93351397795767' 'presentdestroyed']
 ['23' '61.5607654495049' 'present']
 ['5' '73.86326182477423' 'present']
 ['0' '79.86611776399577' 'present']
 ['0' '79.91241406029208' 'present']
 ['0' '87.23308665259229' 'present']
 ['0' '90.23166971288556' 'present']
 ['23' '110.55320638702597' 'present']
 ['20' '112.46081253297177' 'present']
 ['23' '127.73467142594103' 'present']
 ['23' '136.5855554141087' 'present']
 ['10' '153.47268763712935' 'marauded']
 ['11' '169.06361911970677' 'present']
 ['3' '193.16003336899837' 'present']
 ['20' '194.62653031627676' 'present']
 ['23' '205.56398476378516' 'present']
 ['10' '218.41127475129605' 'present']
 ['0' '227.56309510638064' 'present']
 ['0' '227.9413038924356' 'present']
 ['10' '234.46327041838148' 'marauded']
 ['11' '251.2278608373752' 'present']
 ['5' '266.5991111786671' 'present']
 ['11' '269.3505603907092' 'present']
 ['3' '285.24804376079715' 'marauded']
 ['23' '311.65286375625794' 'present']
 ['11' '315.55317764788623' 'present']
 ['0' '329.7662549054004' 'present']]","[['F129' '53.770128957370886' 'destroyed']
 ['F137' '54.34830203720184' 'absentdestroyed']
 ['F195' '134.72002125081082' 'mated']
 ['F108' '160.34210150808892' 'absentdestroyed']
 ['F183' '161.4562719147138' 'mated']
 ['F181' '170.10959167581422' 'mated']
 ['F163' '177.77373230046476' 'mated']
 ['F106' '185.4893259199135' 'mated']
 ['F32' '190.89609661913903' 'absent']
 ['F1' '194.7907713094686' 'mated']
 ['F114' '214.18274993134318' 'absent']
 ['F215' '235.53195491166878' 'absentdestroyed']
 ['F29' '235.83639714699515' 'destroyed']]",572.0,72.28741398681052,14.863471664881262,1478.0,257.2744277816154,56.19890139400325,180.0,30.632914928681814,6.410319358780025,0.0,0.0,0.0,0.0,0.0,0.0
3,0.054,4,360.3642591472257,"[['11' '13.502076381511449' 'present']
 ['5' '21.99581827982112' 'present']
 ['5' '37.35249712901344' 'present']
 ['23' '51.00098220928778' 'present']
 ['23' '104.1830763602066' 'present']
 ['23' '113.23514758957803' 'present']
 ['10' '123.90301165379041' 'present']
 ['23' '131.1991503678859' 'present']
 ['23' '140.70675022128555' 'present']
 ['5' '184.4358893959979' 'present']
 ['20' '199.9465071083972' 'present']
 ['0' '236.3542483150106' 'marauded']
 ['10' '244.29518744811864' 'present']
 ['0' '268.77284062262106' 'present']
 ['10' '271.81418264612995' 'present']
 ['5' '285.3808592471406' 'present']]","[['F145' '120.37463280444841' 'mated']
 ['F155' '197.27222018971258' 'absent']
 ['F80' '206.88334799081068' 'mated']
 ['F52' '233.60544884483238' 'mated']
 ['F124' '263.27318579802807' 'absent']
 ['F90' '326.1743867222849' 'mated']]",566.0,71.90641888549698,14.807517640679956,1643.0,276.54518984048207,59.07480617402291,38.0,6.287436610718534,1.2569174398260001,12.0,1.2,0.12000000000000005,88.0,4.0740740740740735,0.18861454046639203
4,0.0,6,360.25553068232387,"[['3' '0.9544008638636573' 'present']
 ['0' '4.3619374201257015' 'present']
 ['10' '25.855478141768756' 'present']
 ['11' '32.25397250868815' 'present']
 ['11' '49.31977277391486' 'present']
 ['10' '54.799087684642416' 'present']
 ['10' '61.14743851830687' 'present']
 ['5' '80.11528135314961' 'present']
 ['3' '81.66786509744304' 'present']
 ['10' '96.0311366764056' 'present']
 ['10' '105.7111040735328' 'present']
 ['3' '113.90127149176922' 'present']
 ['0' '121.64654937931361' 'present']
 ['11' '129.50988418983175' 'present']
 ['11' '140.7578838377257' 'present']
 ['5' '171.18274168822427' 'present']
 ['0' '172.54590196235844' 'marauded']
 ['3' '189.96691170666077' 'marauded']
 ['0' '192.28012302662057' 'destroyed']
 ['20' '195.19230179596198' 'presentdestroyed']
 ['11' '196.35856435629674' 'presentdestroyed']
 ['23' '204.4666594426715' 'present']
 ['10' '223.07669471521064' 'present']
 ['10' '235.25093847853816' 'present']
 ['20' '241.29703660921624' 'present']
 ['23' '312.64534626035385' 'present']
 ['20' '319.7000675557288' 'present']
 ['10' '331.3739431052462' 'present']
 ['5' '333.92466364088705' 'marauded']
 ['3' '337.730040499535' 'presentdestroyed']
 ['3' '339.4928245912312' 'presentdestroyed']]","[['F165' '27.223577343546022' 'mated']
 ['F153' '106.95449316769682' 'mated']
 ['F89' '150.90254477905145' 'mated']
 ['F204' '161.81120375503644' 'mated']
 ['F0' '174.85691994588606' 'absentdestroyed']
 ['F26' '175.9351701066436' 'absentdestroyed']
 ['F42' '179.58608067441475' 'destroyed']
 ['F109' '187.63228192345213' 'mated']
 ['F71' '232.33951507115674' 'mated']]",568.0,66.82218365041632,13.054701589094721,1573.0,275.04244794248405,60.372899998334034,101.0,18.29134125009786,3.818464658674875,0.0,0.0,0.0,0.0,0.0,0.0
5,0.054,15,360.2223957087119,"[['3' '46.078602338216676' 'present']
 ['3' '59.889217007369446' 'present']
 ['20' '68.74124841149292' 'present']
 ['23' '69.6502417177123' 'present']
 ['0' '74.21658876770472' 'present']
 ['10' '94.08392091326314' 'present']
 ['23' '94.32430196653978' 'present']
 ['0' '117.50200228959184' 'marauded']
 ['3' '168.25787177971185' 'present']
 ['10' '182.42260437816233' 'present']
 ['0' '184.3900838599853' 'present']
 ['23' '185.1148120516682' 'marauded']
 ['10' '213.32370009801204' 'present']
 ['20' '223.40779199406742' 'present']
 ['11' '230.72621565941574' 'present']
 ['0' '250.16803933301702' 'present']
 ['23' '290.03417766743' 'present']
 ['23' '333.72206105940984' 'present']
 ['23' '351.13864474001576' 'present']]","[['F134' '74.54360301316119' 'mated']
 ['F139' '92.77268920348386' 'mated']
 ['F138' '117.37023579417792' 'mated']
 ['F47' '134.14745754441955' 'absent']
 ['F57' '140.48225671872922' 'absent']
 ['F120' '149.13518633479416' 'mated']
 ['F37' '161.30049419668197' 'mated']
 ['F106' '185.46617777176536' 'destroyed']
 ['F142' '188.52299769065152' 'destroyed']
 ['F32' '190.87294847099088' 'absentdestroyed']
 ['F212' '195.45168881470022' 'mated']
 ['F35' '204.15094730975477' 'mated']
 ['F203' '228.45377182400824' 'mated']
 ['F214' '231.45643523113316' 'mated']
 ['F215' '235.57825120796508' 'mated']
 ['F201' '240.57399422129203' 'mated']
 ['F124' '263.2037413535836' 'absent']
 ['F39' '267.38957671389124' 'mated']
 ['F96' '288.82545825378725' 'mated']
 ['F198' '316.9711457494761' 'mated']
 ['F85' '318.0489518396509' 'mated']]",574.0,72.23422945381367,14.86459590511221,1564.0,269.792881364065,58.66612927406706,68.0,12.37146067075485,2.779073506254288,14.0,1.4000000000000001,0.14000000000000007,96.0,4.444444444444447,0.2057613168724276
6,0.0,8,359.9989652000934,"[['23' '3.3483471402733147' 'marauded']
 ['3' '25.811835559887555' 'present']
 ['5' '35.37023029085286' 'present']
 ['5' '36.16746605688683' 'present']
 ['20' '40.48189648067736' 'marauded']
 ['20' '66.67378441248012' 'present']
 ['5' '130.4220846806737' 'present']
 ['23' '169.7757779287758' 'present']
 ['23' '172.63088266189715' 'present']
 ['3' '179.52375900508005' 'present']
 ['10' '249.1670194827537' 'marauded']
 ['0' '276.1672365926963' 'present']
 ['20' '279.8131437390674' 'present']
 ['3' '279.8200940780905' 'present']
 ['5' '311.47863140768186' 'present']
 ['3' '338.4413236859005' 'present']]","[['F46' '21.91486974561507' 'mated']
 ['F137' '54.44089462979442' 'absent']
 ['F192' '86.45682014128187' 'mated']
 ['F13' '155.7364582298845' 'absent']
 ['F205' '168.6936315347526' 'absent']
 ['F0' '174.88006809403421' 'mated']
 ['F172' '188.28011356429678' 'absent']
 ['F77' '189.03731244845514' 'mated']
 ['F101' '220.9013182668591' 'mated']
 ['F124' '263.2963339461762' 'mated']
 ['F184' '264.2593504075575' 'mated']
 ['F132' '293.46337707143186' 'mated']]",555.0,70.61766074302642,14.990120210404706,1617.0,271.3129347618297,58.00303502134985,111.0,18.11828935176719,3.8178125085933017,0.0,0.0,0.0,0.0,0.0,0.0
7,0.0,9,359.98143769290465,"[['23' '1.6736887869696482' 'marauded']
 ['0' '29.083699998743242' 'present']
 ['23' '32.58363470910029' 'present']
 ['11' '50.81236949839398' 'present']
 ['20' '54.399858205964506' 'present']
 ['3' '55.73543840398328' 'present']
 ['20' '70.01759755572338' 'present']
 ['20' '102.04321976380044' 'present']
 ['20' '105.47783782185009' 'marauded']
 ['20' '121.05716738056324' 'present']
 ['11' '128.29271564361204' 'present']
 ['3' '161.85945965052474' 'present']
 ['0' '176.94862230167908' 'present']
 ['0' '222.63472696114525' 'marauded']
 ['20' '256.9443063454631' 'present']
 ['0' '282.2863705705645' 'present']
 ['20' '282.7755219063409' 'present']]","[['F21' '93.84643061721637' 'mated']
 ['F79' '122.07069894327401' 'mated']
 ['F34' '145.49094599538097' 'mated']
 ['F42' '179.6092288225629' 'absent']
 ['F193' '183.98523107873393' 'mated']
 ['F121' '187.0196198593972' 'mated']
 ['F131' '191.33572084236368' 'mated']
 ['F125' '203.36087054565712' 'mated']
 ['F40' '215.84449359608163' 'mated']
 ['F4' '226.05031617040171' 'destroyed']
 ['F157' '294.80416513010334' 'mated']]",568.0,72.54483806389449,15.3419984009592,1569.0,269.1801304416975,57.56352863020657,111.0,18.444301422860303,3.9108834240699903,0.0,0.0,0.0,0.0,0.0,0.0
8,0.0,12,360.13578179349616,"[['20' '9.145218066834707' 'marauded']
 ['11' '11.322003250043142' 'presentdestroyed']
 ['3' '11.835912188701208' 'presentdestroyed']
 ['23' '40.223280077711124' 'present']
 ['23' '47.37552040311567' 'marauded']
 ['5' '50.373621069002304' 'presentdestroyed']
 ['5' '62.026886828380704' 'marauded']
 ['20' '69.61107979358302' 'presentdestroyed']
 ['20' '71.97388689115247' 'present']
 ['3' '79.18170400520313' 'present']
 ['23' '80.97276247161817' 'present']
 ['3' '125.77586104997971' 'present']
 ['23' '131.06320705162048' 'present']
 ['3' '184.21125382605373' 'present']
 ['3' '188.29172650494488' 'present']
 ['23' '196.66752823172513' 'present']
 ['20' '199.47568681142536' 'marauded']
 ['23' '222.4291284694475' 'marauded']
 ['23' '225.87829958364946' 'presentdestroyed']
 ['5' '239.09315789818527' 'present']
 ['0' '247.46320332616028' 'present']
 ['10' '249.92283225020427' 'present']
 ['5' '264.1096081105136' 'present']
 ['5' '266.00254582161574' 'present']
 ['3' '268.23864230058877' 'present']
 ['11' '274.15881955342525' 'present']
 ['11' '276.1398428010473' 'present']
 ['3' '294.5960240202102' 'present']
 ['0' '300.78690155789104' 'present']
 ['5' '311.6786775006006' 'present']
 ['23' '316.4070533911077' 'marauded']
 ['3' '318.96678443084375' 'presentdestroyed']
 ['0' '326.0222833781155' 'marauded']
 ['10' '328.96006722268766' 'presentdestroyed']
 ['0' '331.2837276432926' 'presentdestroyed']
 ['5' '332.80594191703915' 'presentdestroyed']
 ['5' '338.3724148864565' 'marauded']
 ['23' '355.4960328096144' 'present']]","[['F151' '87.85067362253575' 'mated']
 ['F66' '122.90273840235193' 'mated']
 ['F92' '130.26134476890064' 'mated']
 ['F50' '130.69024311018956' 'mated']
 ['F133' '163.84067348001219' 'mated']
 ['F166' '177.37821653328007' 'mated']
 ['F163' '177.7505841523166' 'absent']
 ['F82' '185.53309777255168' 'mated']
 ['F121' '186.99647171124906' 'absent']
 ['F1' '194.76762316132044' 'absent']
 ['F56' '198.27002871599132' 'mated']
 ['F140' '212.9293389721442' 'mated']
 ['F161' '237.15567697026165' 'mated']
 ['F18' '287.2605459440241' 'mated']
 ['F210' '297.63811021058206' 'mated']]",567.0,73.00392654740503,15.691110039815916,1435.0,238.03589435570882,50.24060685946672,292.0,49.122807724978514,10.665013231340913,0.0,0.0,0.0,0.0,0.0,0.0
9,0.0,12,360.038011471252,"[['20' '13.425215803578917' 'marauded']
 ['20' '16.285691260580798' 'destroyed']
 ['5' '41.24971460040189' 'present']
 ['20' '69.14724877682063' 'present']
 ['5' '82.43532118216936' 'present']
 ['23' '107.15431741024327' 'present']
 ['23' '120.18575618094347' 'present']
 ['5' '142.2921150925769' 'present']
 ['0' '155.2823308704937' 'present']
 ['5' '155.91450475787198' 'present']
 ['23' '185.6261575981928' 'present']
 ['3' '197.9656945884256' 'present']
 ['20' '208.02996093630796' 'present']
 ['10' '221.0884166327723' 'present']
 ['20' '231.3757940725392' 'marauded']
 ['10' '237.1275386993365' 'presentdestroyed']
 ['3' '252.10696172204652' 'present']
 ['5' '256.43351317358497' 'present']
 ['10' '256.8880256531959' 'present']
 ['5' '257.02248312859456' 'present']
 ['10' '259.8954021859355' 'present']
 ['20' '268.7927161486068' 'present']
 ['23' '274.587385813527' 'marauded']
 ['23' '277.0090700970457' 'presentdestroyed']
 ['0' '280.4224357394562' 'destroyed']
 ['11' '280.9387919936808' 'presentdestroyed']
 ['5' '293.0864010007814' 'present']
 ['23' '307.25844756972623' 'present']
 ['5' '326.2459792971216' 'marauded']
 ['23' '343.4645159819517' 'present']]","[['F22' '43.86351172373502' 'mated']
 ['F68' '75.04803336255011' 'mated']
 ['F19' '81.29065983752096' 'mated']
 ['F86' '98.42409977318887' 'mated']
 ['F126' '153.80293394428173' 'mated']
 ['F199' '163.61607086244553' 'absent']
 ['F197' '181.05156098692433' 'mated']
 ['F172' '188.30326171244494' 'mated']
 ['F32' '190.94239291543533' 'mated']
 ['F127' '199.73229999460983' 'mated']
 ['F73' '210.05889814827069' 'mated']
 ['F194' '231.7960634858438' 'absentdestroyed']
 ['F215' '235.55510305981693' 'destroyed']
 ['F64' '242.7315166752148' 'mated']
 ['F38' '257.77526717018566' 'mated']]",567.0,70.32325386276821,14.669936129939073,1593.0,265.2243448314929,56.4858305022545,142.0,24.577576860146717,5.254511868750865,0.0,0.0,0.0,0.0,0.0,0.0
10,0.054,7,360.13818634129507,"[['11' '10.143125644833646' 'present']
 ['3' '18.070631449373185' 'marauded']
 ['5' '29.643979128564872' 'marauded']
 ['3' '40.35290789190565' 'present']
 ['23' '54.64007393331878' 'present']
 ['5' '75.42389307194289' 'marauded']
 ['23' '83.51127883787493' 'present']
 ['5' '96.73520095605446' 'marauded']
 ['0' '103.27041719330558' 'presentdestroyed']
 ['20' '107.667664216961' 'present']
 ['20' '126.18371078484327' 'present']
 ['11' '166.59131952625887' 'present']
 ['11' '171.42785309461055' 'marauded']
 ['20' '200.85222614160264' 'present']
 ['5' '209.5340932766616' 'present']
 ['5' '215.44410275496952' 'present']
 ['23' '223.7681987730547' 'marauded']
 ['20' '227.2738652295573' 'presentdestroyed']
 ['20' '270.5610904045196' 'present']
 ['23' '279.27737354836825' 'present']
 ['11' '293.8821251411099' 'marauded']
 ['5' '295.7899387679267' 'presentdestroyed']
 ['23' '304.64444203048885' 'marauded']
 ['11' '317.5886704275673' 'present']
 ['3' '325.08745641241035' 'present']
 ['3' '326.9709595414071' 'present']
 ['23' '331.5402060914004' 'present']
 ['20' '346.8932811977037' 'present']]","[['F185' '59.05089673793501' 'absent']
 ['F185' '59.0971930342313' 'absent']
 ['F190' '94.81165186520256' 'mated']
 ['F20' '110.83788693326277' 'mated']
 ['F23' '154.06136897439524' 'absent']
 ['F78' '178.13316881648421' 'destroyed']
 ['F9' '213.93086872507627' 'mated']
 ['F8' '231.10991162296006' 'mated']
 ['F144' '240.90885998256377' 'mated']
 ['F178' '247.31797996432186' 'mated']
 ['F124' '263.22688950173176' 'absent']
 ['F152' '265.5577746650889' 'mated']]",565.0,68.30259158917397,14.010706286885448,1409.0,238.16889323135845,50.532051707528126,271.0,48.544377056953365,11.010238994602943,14.0,1.4000000000000001,0.14000000000000007,79.0,3.6574074074074066,0.16932441700960202
11,0.054,12,359.96993285943444,"[['0' '7.300192456429657' 'present']
 ['20' '8.983818523854625' 'present']
 ['10' '13.274936726393051' 'present']
 ['3' '31.45987549217873' 'present']
 ['3' '65.46050176139384' 'present']
 ['20' '79.71962206138778' 'present']
 ['5' '84.8146021265384' 'marauded']
 ['10' '198.20319832371035' 'present']
 ['0' '215.56288305040025' 'present']
 ['5' '232.67883060642222' 'present']
 ['0' '248.9960865215245' 'present']
 ['23' '254.0825995978464' 'marauded']
 ['3' '255.44694678806334' 'presentdestroyed']
 ['3' '259.6923855701341' 'presentdestroyed']
 ['23' '276.07971928192126' 'present']
 ['3' '291.77738773931554' 'present']
 ['20' '297.19242495073956' 'present']
 ['20' '308.3905147346027' 'present']
 ['3' '310.5541068316208' 'present']
 ['23' '321.0799557785567' 'present']
 ['5' '325.0076331247642' 'present']
 ['10' '344.1508859695097' 'marauded']
 ['10' '344.9567403473305' 'presentdestroyed']
 ['10' '353.00832755471407' 'marauded']]","[['F185' '59.12034118237945' 'mated']
 ['F104' '61.58566970302661' 'mated']
 ['F180' '63.38044915698807' 'mated']
 ['F191' '66.0971809568557' 'mated']
 ['F72' '99.4293800543532' 'mated']
 ['F15' '112.1347492789203' 'absent']
 ['F174' '138.11039060144446' 'mated']
 ['F69' '141.6049695861151' 'mated']
 ['F61' '146.6523526494516' 'mated']
 ['F99' '175.68958798711333' 'mated']
 ['F26' '175.91202195849544' 'absent']
 ['F33' '220.54478459320987' 'mated']
 ['F173' '222.23180329228612' 'absent']
 ['F5' '236.29865503756136' 'mated']
 ['F196' '277.95045808014805' 'mated']]",565.0,73.4316055515577,16.132816849461776,1531.0,257.8108972902836,54.88717292047446,154.0,24.437265755125065,4.919469353312505,9.0,0.8999999999999999,0.09000000000000002,74.0,3.425925925925925,0.1586076817558298
12,0.0,10,360.2507674097113,"[['23' '26.009074384142348' 'marauded']
 ['23' '36.229123664970146' 'present']
 ['0' '44.110385282301564' 'present']
 ['23' '53.30870026642258' 'present']
 ['3' '56.57105879322689' 'present']
 ['23' '57.30498020043538' 'present']
 ['20' '59.289163995946375' 'present']
 ['20' '72.73943934759052' 'marauded']
 ['10' '74.51377650106615' 'destroyed']
 ['20' '76.62749761791082' 'presentdestroyed']
 ['20' '85.0673355906951' 'present']
 ['3' '97.65441767332132' 'marauded']
 ['3' '110.98611270641734' 'present']
 ['10' '159.95547518938506' 'marauded']
 ['23' '205.61028106008146' 'marauded']
 ['23' '213.54498381767598' 'present']
 ['0' '232.71571050898132' 'present']
 ['11' '246.52702717644402' 'present']
 ['11' '253.59351908840426' 'present']
 ['0' '260.66983282723334' 'present']
 ['3' '274.92566435130516' 'present']
 ['20' '284.4183745283068' 'marauded']
 ['5' '289.5568023689798' 'presentdestroyed']
 ['5' '301.7497598984454' 'present']]","[['F25' '43.117411120906404' 'mated']
 ['F129' '53.81642525366718' 'mated']
 ['F175' '96.95853508948781' 'absent']
 ['F115' '127.22416765391031' 'mated']
 ['F112' '155.14864250950566' 'mated']
 ['F13' '155.75960637803266' 'mated']
 ['F60' '197.42747050668962' 'mated']
 ['F202' '198.89040254908124' 'mated']
 ['F179' '225.0946845420591' 'mated']
 ['F171' '235.10439233210724' 'absent']
 ['F100' '254.11088580243973' 'mated']
 ['F39' '267.34328041759494' 'absent']
 ['F107' '296.9641427238837' 'mated']]",583.0,67.42525678258669,13.191987254970305,1519.0,256.1690888506369,54.771317273265275,221.0,36.522990294062794,7.690116091948495,0.0,0.0,0.0,0.0,0.0,0.0
13,0.0,7,359.87750811914145,"[['20' '2.0770223331748388' 'present']
 ['0' '13.561796642104737' 'present']
 ['11' '60.505092710331375' 'present']
 ['5' '67.35220651601875' 'marauded']
 ['5' '72.36240404709824' 'presentdestroyed']
 ['23' '79.35827835017712' 'present']
 ['3' '90.21726189913134' 'present']
 ['23' '98.84698069086473' 'present']
 ['20' '100.87440623700786' 'present']
 ['11' '108.68353453569951' 'present']
 ['10' '111.7443401880341' 'present']
 ['3' '141.15727552179172' 'marauded']
 ['3' '149.2244105271733' 'present']
 ['0' '175.51136578577925' 'present']
 ['0' '189.258017793051' 'present']
 ['20' '199.35325762522933' 'present']
 ['20' '201.3088421123257' 'present']
 ['0' '227.7950075961393' 'marauded']
 ['11' '239.6360518783098' 'present']
 ['20' '292.96765432644565' 'present']
 ['5' '320.21540023963576' 'present']
 ['23' '320.42315848370873' 'present']
 ['3' '334.9439711725861' 'marauded']
 ['0' '358.75784514775995' 'present']]","[['F97' '104.15714077872784' 'mated']
 ['F50' '130.6670949620414' 'absent']
 ['F156' '154.80361833065152' 'mated']
 ['F54' '159.48381785420753' 'mated']
 ['F200' '183.9605310727142' 'mated']
 ['F81' '187.77225687895074' 'mated']
 ['F155' '197.29536833786074' 'mated']
 ['F173' '222.25495144043427' 'mated']]",572.0,66.17766471380946,12.241866844865,1584.0,269.28003341837956,58.21577415783242,148.0,24.568479431582343,5.215421240115537,0.0,0.0,0.0,0.0,0.0,0.0
14,0.0,4,360.58649622231934,"[['0' '10.227339791032566' 'present']
 ['20' '15.148651334164123' 'present']
 ['5' '62.52566292817111' 'present']
 ['0' '81.21738565451203' 'present']
 ['20' '100.45576232487322' 'marauded']
 ['11' '104.4063419885096' 'presentdestroyed']
 ['23' '132.84491271031297' 'present']
 ['10' '138.8075284027128' 'present']
 ['23' '143.28202797544958' 'present']
 ['0' '150.71817704500296' 'present']
 ['20' '194.32665992742466' 'present']
 ['20' '207.60005621198283' 'present']
 ['0' '212.7613343839057' 'marauded']
 ['20' '253.31042029979784' 'present']
 ['5' '260.94223622654636' 'present']
 ['3' '264.33341278356636' 'present']
 ['23' '270.6778540472572' 'present']
 ['20' '282.8681144989335' 'present']
 ['0' '291.31812848570837' 'marauded']
 ['5' '291.6095979128112' 'presentdestroyed']
 ['5' '292.1690128478586' 'presentdestroyed']
 ['10' '293.475696216798' 'presentdestroyed']
 ['3' '315.6457379048285' 'present']
 ['0' '317.7735397911093' 'present']
 ['11' '326.5117597731857' 'present']
 ['23' '340.1779203271263' 'present']]","[['F74' '20.868852912387947' 'absent']
 ['F189' '146.5389542439196' 'mated']
 ['F110' '183.14792462547666' 'mated']
 ['F119' '204.6840982558093' 'mated']
 ['F140' '212.90619082399604' 'destroyed']
 ['F9' '213.9077205769281' 'destroyed']
 ['F48' '218.64261452390355' 'destroyed']
 ['F12' '255.9796476900844' 'absent']
 ['F116' '282.43987476128865' 'mated']
 ['F132' '293.41708077513556' 'destroyed']]",577.0,70.77028013355917,14.198401515795153,1610.0,271.1458040723263,57.98042979461453,101.0,18.209404200216536,4.157357975919693,0.0,0.0,0.0,0.0,0.0,0.0
15,0.0,9,360.56106083728656,"[['11' '10.096829348537348' 'present']
 ['23' '55.30139768193684' 'present']
 ['3' '67.91814343092368' 'marauded']
 ['11' '76.18969370287923' 'marauded']
 ['5' '115.31556372137145' 'present']
 ['3' '121.34943934788356' 'present']
 ['20' '124.16135332048478' 'present']
 ['5' '130.4715072827774' 'present']
 ['10' '136.1414896685626' 'present']
 ['0' '154.42945799130882' 'present']
 ['20' '167.31616673061825' 'marauded']
 ['0' '171.29387865564215' 'presentdestroyed']
 ['11' '176.78172842656207' 'present']
 ['11' '178.62979544063566' 'marauded']
 ['11' '190.1737391042371' 'present']
 ['11' '215.76691721167225' 'present']
 ['5' '221.08846170687445' 'present']
 ['11' '242.44574914413312' 'present']
 ['11' '243.93873372131662' 'present']
 ['5' '244.10208758369484' 'present']
 ['20' '250.33931098034185' 'present']
 ['20' '282.9144107952298' 'present']
 ['5' '283.71188763119534' 'present']
 ['20' '286.56660853874325' 'present']
 ['11' '293.6531547883603' 'present']
 ['5' '338.51871118275284' 'present']
 ['3' '343.6131441536029' 'present']
 ['20' '346.37414448268385' 'present']
 ['5' '355.39775247177135' 'present']]","[['F175' '96.98168323763596' 'mated']
 ['F45' '110.43287462305594' 'mated']
 ['F59' '131.38088669328306' 'mated']
 ['F168' '166.21122353221787' 'mated']
 ['F136' '217.2858263928643' 'mated']
 ['F4' '226.07346431854987' 'mated']
 ['F206' '254.96730739887806' 'mated']
 ['F30' '267.3420391523749' 'mated']
 ['F53' '290.4081889284041' 'absent']
 ['F162' '294.5727662599704' 'mated']]",575.0,70.91201634103295,14.654683185888274,1585.0,264.6070026403479,56.06196207903303,141.0,24.568618338010577,5.402302716069931,0.0,0.0,0.0,0.0,0.0,0.0
16,0.0,11,359.8865412910922,"[['20' '18.813783180541847' 'present']
 ['0' '24.74180538915211' 'present']
 ['11' '34.50871834178203' 'present']
 ['20' '78.7297105789937' 'present']
 ['20' '81.18680830591873' 'marauded']
 ['3' '82.16138319359366' 'destroyed']
 ['5' '93.31108815621823' 'present']
 ['3' '99.07944682653668' 'present']
 ['3' '111.72723872357435' 'present']
 ['5' '125.04379429370556' 'present']
 ['23' '127.58837512964473' 'marauded']
 ['20' '127.86968883526572' 'presentdestroyed']
 ['20' '132.8675306663439' 'presentdestroyed']
 ['23' '133.2919920552012' 'presentdestroyed']
 ['3' '141.1109792254954' 'present']
 ['0' '142.32582936584467' 'present']
 ['0' '147.3953523141275' 'present']
 ['5' '162.7653539643909' 'present']
 ['10' '191.09794359825435' 'present']
 ['3' '213.11144003771503' 'present']
 ['10' '235.57615746356655' 'present']
 ['5' '240.94810985341658' 'present']
 ['20' '262.95920163047725' 'marauded']
 ['3' '278.09878391527167' 'present']
 ['5' '286.9491131308185' 'present']
 ['0' '321.82792153523513' 'present']
 ['5' '336.9590080576992' 'present']
 ['0' '346.4315233426819' 'marauded']]","[['F137' '54.39459833349813' 'absent']
 ['F137' '66.46404277794257' 'mated']
 ['F87' '99.85286139842138' 'mated']
 ['F169' '110.6379896442827' 'mated']
 ['F76' '147.03359198600185' 'mated']
 ['F84' '186.10945744753496' 'mated']
 ['F176' '221.4664220281719' 'mated']
 ['F148' '236.32235669871437' 'mated']
 ['F62' '250.8968819323892' 'mated']
 ['F10' '255.17702065484252' 'mated']
 ['F27' '274.4837163915995' 'mated']
 ['F11' '280.662125352791' 'mated']]",566.0,71.05896866337993,15.368952492283524,1598.0,264.40482163210623,54.97286300253866,144.0,24.588100204654555,5.472732493548789,0.0,0.0,0.0,0.0,0.0,0.0
17,0.0,16,360.35879949049445,"[['11' '28.322173641993167' 'present']
 ['23' '29.55341185728879' 'present']
 ['5' '33.792292386432045' 'present']
 ['20' '39.60039164171172' 'present']
 ['0' '47.07535024421179' 'marauded']
 ['10' '75.36632344669813' 'present']
 ['20' '92.85703258276533' 'present']
 ['11' '132.45851383541742' 'present']
 ['23' '143.04812285842175' 'present']
 ['5' '151.48755150488572' 'present']
 ['0' '163.1404157706987' 'present']
 ['0' '200.18172890196297' 'present']
 ['5' '207.89238623318033' 'present']
 ['5' '208.20514091328693' 'present']
 ['0' '246.2091139127872' 'present']
 ['23' '274.9383256289447' 'marauded']
 ['23' '286.92260315901444' 'present']
 ['11' '287.4831698382836' 'present']
 ['3' '291.4053937303914' 'present']
 ['11' '294.6903536465278' 'present']
 ['23' '310.64351816356947' 'present']
 ['5' '336.47924062208637' 'present']
 ['10' '354.402207944063' 'present']]","[['F91' '23.265605323880063' 'mated']
 ['F83' '103.21844740898153' 'mated']
 ['F24' '113.67216791691138' 'mated']
 ['F58' '113.85960265753367' 'mated']
 ['F147' '167.5589013404509' 'mated']
 ['F205' '168.71677968290075' 'mated']
 ['F122' '175.5713181697533' 'mated']
 ['F44' '187.1115660079373' 'mated']
 ['F187' '199.44300835178848' 'absent']
 ['F114' '214.20589807949133' 'mated']
 ['F194' '231.81921163399196' 'mated']
 ['F171' '235.1275404802554' 'mated']
 ['F12' '256.0259439863807' 'mated']
 ['F39' '267.3664285657431' 'absent']
 ['F93' '272.29108081171836' 'mated']
 ['F51' '289.7756965817873' 'mated']
 ['F53' '290.4544852247004' 'mated']
 ['F170' '298.54788813612447' 'mated']]",567.0,74.6970813760249,16.23614546656838,1610.0,273.2390317534322,58.30776466310781,71.0,12.096789537992754,2.5570971221039125,0.0,0.0,0.0,0.0,0.0,0.0
18,0.0,11,359.9115978236006,"[['20' '0.9003994662224808' 'present']
 ['11' '12.155033164717791' 'present']
 ['3' '14.334719524806347' 'present']
 ['3' '18.80561499031171' 'present']
 ['20' '24.075413275120283' 'present']
 ['10' '61.78357827444714' 'present']
 ['10' '95.59285581980066' 'present']
 ['20' '100.36431290514957' 'present']
 ['5' '104.61896772938583' 'present']
 ['23' '114.77446699776635' 'present']
 ['0' '123.46356859342663' 'marauded']
 ['11' '128.63849563625521' 'presentdestroyed']
 ['5' '133.85680177174464' 'present']
 ['20' '134.5475235591201' 'present']
 ['0' '142.76840525148722' 'present']
 ['10' '154.21883381413903' 'present']
 ['0' '162.0127665621759' 'present']
 ['5' '180.7928000246961' 'marauded']
 ['10' '230.8296296266655' 'present']
 ['5' '233.3599659628173' 'present']
 ['0' '252.59708720714937' 'present']
 ['10' '256.50419504584335' 'present']
 ['3' '269.23712479466474' 'present']
 ['20' '282.8218182026372' 'present']
 ['11' '294.7636833496166' 'present']
 ['5' '305.36689016590316' 'present']
 ['11' '324.17883609729955' 'present']
 ['10' '339.2820514805519' 'present']
 ['20' '341.5601422949125' 'present']
 ['23' '355.4497365133181' 'present']]","[['F75' '18.11258370683387' 'mated']
 ['F129' '53.74698080922274' 'absent']
 ['F129' '53.79327710551903' 'absent']
 ['F111' '59.17783283169289' 'mated']
 ['F118' '85.41824167707293' 'mated']
 ['F154' '85.72197345801501' 'mated']
 ['F169' '110.61484149613455' 'absent']
 ['F47' '134.1243093962714' 'absent']
 ['F14' '142.62272060313654' 'mated']
 ['F135' '176.66053028503538' 'mated']
 ['F94' '180.45516703377976' 'mated']
 ['F158' '192.43868291261867' 'mated']
 ['F95' '209.20396542161424' 'mated']
 ['F2' '211.03794676620652' 'mated']
 ['F11' '280.63897720464286' 'absent']
 ['F16' '293.5210777292094' 'mated']
 ['F188' '315.7831416118844' 'absent']]",559.0,69.2000374286358,14.166168456814232,1652.0,278.567081047414,59.46481206100115,66.0,12.291838330026636,2.727094241189324,0.0,0.0,0.0,0.0,0.0,0.0
19,0.0,7,360.22190029164955,"[['20' '3.8665195771360508' 'present']
 ['20' '6.35342673232794' 'present']
 ['0' '22.58024503388182' 'present']
 ['23' '27.330316803144015' 'present']
 ['10' '48.39007797884565' 'marauded']
 ['5' '88.84667798959879' 'marauded']
 ['20' '96.02921060071404' 'destroyed']
 ['20' '98.94962520755699' 'marauded']
 ['23' '120.23205247723978' 'present']
 ['20' '121.8488100906023' 'marauded']
 ['23' '143.23573167915328' 'present']
 ['23' '145.11887352118046' 'present']
 ['23' '147.83855406425127' 'present']
 ['23' '148.2714493572888' 'present']
 ['23' '148.44405305255555' 'present']
 ['23' '154.10755925115154' 'marauded']
 ['0' '158.09834143168888' 'presentdestroyed']
 ['3' '161.33147852699594' 'present']
 ['11' '170.37663688137036' 'marauded']
 ['0' '177.53851984451902' 'presentdestroyed']
 ['23' '200.34570381308188' 'present']
 ['11' '244.00504571769298' 'present']
 ['5' '247.9556169566358' 'present']
 ['20' '285.7392153470859' 'marauded']
 ['5' '318.9509950416574' 'present']
 ['10' '319.93887039150417' 'present']
 ['0' '321.1865646177881' 'marauded']
 ['10' '326.12832008907634' 'presentdestroyed']
 ['10' '336.33122752916427' 'present']
 ['5' '356.5093871171567' 'present']]","[['F185' '59.07404488608316' 'absent']
 ['F97' '104.13399263057968' 'destroyed']
 ['F47' '134.10116124812325' 'absent']
 ['F57' '140.50540486687737' 'mated']
 ['F155' '197.24907204156443' 'absent']
 ['F28' '213.0119517992787' 'mated']
 ['F48' '218.6657626720517' 'mated']
 ['F182' '224.6539584871441' 'mated']
 ['F207' '242.38213343985137' 'mated']
 ['F53' '290.43133707655227' 'destroyed']
 ['F160' '301.4789936547787' 'mated']
 ['F17' '319.09830681704705' 'mated']]",547.0,72.25949560546965,16.107649269713036,1397.0,238.98760157995986,52.26904742985012,292.0,48.81163458560911,10.21653970430014,0.0,0.0,0.0,0.0,0.0,0.0
20,0.054,7,359.9945225864909,"[['11' '75.51589177032312' 'present']
 ['10' '95.44284896268218' 'present']
 ['11' '96.99512065021237' 'present']
 ['5' '111.65043242268248' 'present']
 ['3' '117.29367993436176' 'present']
 ['10' '144.51877728182652' 'marauded']
 ['0' '148.4243912609018' 'presentdestroyed']
 ['23' '150.74994594511506' 'presentdestroyed']
 ['23' '156.39166280314834' 'present']
 ['11' '156.4861911200884' 'present']
 ['23' '169.139942909511' 'present']
 ['23' '169.8784330303787' 'marauded']
 ['23' '176.46510833750844' 'presentdestroyed']
 ['10' '193.87692703313428' 'present']
 ['11' '210.71563151707107' 'present']
 ['10' '216.67182430049758' 'present']
 ['3' '256.7804737682588' 'present']
 ['0' '288.02319609207217' 'present']
 ['5' '314.0615692500526' 'present']
 ['11' '320.0293473734691' 'marauded']
 ['5' '353.1534054996899' 'present']
 ['0' '353.7271967057439' 'present']
 ['5' '354.49511885660615' 'present']
 ['3' '357.510557751264' 'present']]","[['F41' '30.106812713724846' 'mated']
 ['F68' '75.02488521440196' 'absent']
 ['F6' '132.4886954939126' 'mated']
 ['F47' '134.1706056925677' 'mated']
 ['F78' '178.15631696463237' 'mated']
 ['F31' '179.4864301392474' 'mated']
 ['F32' '190.91924476728718' 'absent']
 ['F119' '204.66095010766114' 'absent']
 ['F3' '212.07476057016777' 'mated']
 ['F179' '225.07153639391095' 'absent']
 ['F64' '242.6852203789185' 'absent']
 ['F113' '249.72288558732183' 'mated']
 ['F132' '293.4402289232837' 'absent']]",565.0,69.88714014998263,14.771485673602724,1529.0,265.45297018669805,57.74701092842496,106.0,18.378571239821024,4.057251607045818,18.0,1.8000000000000005,0.1800000000000001,102.0,4.722222222222228,0.21862139917695428
21,0.0,8,359.8919273443358,"[['20' '26.28495023483291' 'present']
 ['5' '35.930808793145594' 'present']
 ['20' '38.276499145640905' 'marauded']
 ['3' '48.57815852259749' 'present']
 ['3' '52.00327704960076' 'present']
 ['3' '90.80680085566931' 'present']
 ['10' '93.6235818372949' 'present']
 ['20' '129.09969688822622' 'present']
 ['11' '158.21645332807043' 'present']
 ['23' '166.9682494649733' 'present']
 ['23' '174.19410157634366' 'present']
 ['3' '224.0651643089808' 'present']
 ['20' '238.87588350970583' 'present']
 ['10' '241.80653522958934' 'present']
 ['10' '242.50741143445583' 'marauded']
 ['23' '265.1552908748315' 'present']
 ['3' '284.00230094077796' 'marauded']
 ['5' '300.7854660674244' 'present']
 ['20' '306.09030954876874' 'present']
 ['20' '308.7084434373206' 'present']
 ['3' '312.14902148136645' 'present']
 ['11' '325.92524850726335' 'present']
 ['0' '354.27868164428395' 'present']]","[['F74' '20.892001060536096' 'mated']
 ['F137' '54.371450185349985' 'absent']
 ['F137' '54.417746481646276' 'absent']
 ['F65' '66.086911105456' 'mated']
 ['F213' '156.8960148835595' 'mated']
 ['F164' '178.7944939779468' 'mated']
 ['F42' '179.63237697071105' 'mated']
 ['F142' '188.54614583879967' 'mated']
 ['F187' '199.46615649993663' 'mated']
 ['F12' '255.95649954193624' 'absent']
 ['F124' '263.2500376498799' 'absent']
 ['F188' '315.80628976003254' 'mated']]",578.0,69.2815743490309,13.541485174756259,1617.0,272.68571652410554,58.05917981367776,109.0,18.096112204775004,3.8117745360353137,0.0,0.0,0.0,0.0,0.0,0.0
22,0.0,10,360.2495908883359,"[['10' '2.0229661437107196' 'marauded']
 ['20' '19.534124987356254' 'present']
 ['3' '41.68068103029123' 'present']
 ['11' '58.732820824297654' 'marauded']
 ['10' '75.41261974299444' 'present']
 ['10' '84.19916595295075' 'present']
 ['0' '93.26257901761359' 'marauded']
 ['5' '106.7238599508719' 'present']
 ['5' '143.16954586140034' 'present']
 ['0' '155.32862716679' 'marauded']
 ['10' '161.65709531550775' 'destroyed']
 ['20' '166.56878174657768' 'present']
 ['5' '176.51427220215345' 'present']
 ['20' '188.4609456825939' 'present']
 ['10' '195.09543398569946' 'present']
 ['3' '205.88224699487995' 'present']
 ['0' '214.3931318034902' 'present']
 ['0' '241.24107751297927' 'marauded']
 ['0' '251.15496062836485' 'present']
 ['0' '251.6851228708831' 'present']
 ['0' '265.19061083783924' 'present']
 ['10' '272.5481576773218' 'present']
 ['11' '275.2488583818977' 'present']
 ['11' '276.90915878497134' 'present']
 ['5' '283.42272265304877' 'present']
 ['10' '286.43136699868927' 'marauded']
 ['0' '313.7864529362625' 'present']
 ['0' '316.47987174397815' 'present']
 ['3' '328.2008656892134' 'present']
 ['11' '334.88080399371813' 'present']]","[['F102' '8.416381332641063' 'destroyed']
 ['F46' '21.891721597466923' 'absent']
 ['F103' '26.418716823779217' 'mated']
 ['F104' '61.562521554878465' 'destroyed']
 ['F186' '131.02902526119573' 'mated']
 ['F146' '143.91415069739247' 'mated']
 ['F189' '146.51580609577144' 'absent']
 ['F23' '154.0845171225434' 'mated']
 ['F149' '195.8055128359818' 'mated']
 ['F128' '235.74679854536822' 'mated']
 ['F64' '242.6389240826222' 'destroyed']
 ['F12' '256.00279583823254' 'absent']
 ['F70' '301.6143328813946' 'mated']
 ['F43' '318.6257377562606' 'mated']
 ['F141' '344.7260543629001' 'mated']
 ['F63' '359.9447908963662' 'mated']]",576.0,71.25115823172585,15.072159659629108,1489.0,252.13497298835603,54.691218744854254,218.0,36.61543704325963,7.647855720573049,0.0,0.0,0.0,0.0,0.0,0.0
23,0.054,6,360.0906417307822,"[['3' '5.494208077595383' 'marauded']
 ['20' '9.291514363131004' 'presentdestroyed']
 ['11' '59.066328717869666' 'present']
 ['3' '87.61022007448264' 'present']
 ['3' '99.03315053024038' 'present']
 ['0' '106.60386981175881' 'present']
 ['20' '133.97165030660855' 'present']
 ['5' '133.97644322575658' 'present']
 ['0' '142.37212566214097' 'present']
 ['0' '182.6461276657649' 'present']
 ['11' '195.77216373656228' 'present']
 ['0' '213.91167464593582' 'marauded']
 ['0' '225.89471306056097' 'marauded']
 ['3' '226.27705902251137' 'presentdestroyed']
 ['20' '236.78333784395394' 'marauded']
 ['0' '236.93695713380995' 'presentdestroyed']
 ['0' '255.2768257327118' 'marauded']
 ['11' '263.75060072203416' 'present']
 ['11' '265.60159884046004' 'present']
 ['5' '293.3604556979973' 'marauded']
 ['20' '298.9276220801397' 'presentdestroyed']
 ['3' '301.7935623392482' 'present']
 ['11' '326.70777197397916' 'present']
 ['10' '345.8753837517005' 'present']
 ['10' '349.4519308661011' 'present']
 ['10' '358.60105870992567' 'present']]","[['F117' '99.0787979074284' 'mated']
 ['F108' '160.36524965623707' 'mated']
 ['F123' '167.41532442789475' 'mated']
 ['F177' '179.5972058153968' 'mated']
 ['F88' '190.9001889917106' 'mated']
 ['F29' '235.8595452951433' 'mated']
 ['F64' '242.66207223077035' 'destroyed']
 ['F64' '242.70836852706665' 'destroyed']
 ['F90' '326.15123857413676' 'absent']]",565.0,72.32449681440445,15.27184821046099,1487.0,245.44725217348244,51.99614654564108,218.0,36.41508890348541,7.748150255116952,16.0,1.6000000000000003,0.1600000000000001,92.0,4.25925925925926,0.19718792866940982
