id,probability_maraud,successful_mating,next_foraging_time,mar_attempts,mate_attempts,foraging_events,foraging_hrs,foraging_sqhrs,staying_events,staying_hrs,staying_sqhrs,repairing_events,repairing_hrs,repairing_sqhrs,marauding_events,marauding_hrs,marauding_sqhrs,traveling_events,traveling_hrs,traveling_sqhrs
0,0.0,6,360.27332385352935,"[['4' '10.556217292623646' 'present']
 ['13' '28.91445020176981' 'present']
 ['17' '62.018828527455604' 'marauded']
 ['14' '90.82003519615112' 'present']
 ['1' '97.64101819041707' 'present']
 ['14' '135.21919631252183' 'present']
 ['13' '135.9505632109022' 'present']
 ['10' '141.30959797490453' 'present']
 ['13' '167.16066498675727' 'present']
 ['4' '176.46895131971843' 'present']
 ['14' '180.58882258154094' 'present']
 ['17' '180.86082631165957' 'present']
 ['10' '181.36700670077485' 'present']
 ['4' '188.2029204879802' 'present']
 ['10' '230.57493601646468' 'marauded']
 ['3' '253.88202581610906' 'present']
 ['14' '255.68975792592016' 'present']
 ['17' '260.87314207751194' 'marauded']
 ['10' '306.60873287755464' 'marauded']
 ['10' '306.9013254701473' 'presentdestroyed']
 ['3' '317.3987071189458' 'present']
 ['1' '318.06821814555906' 'present']
 ['4' '318.96648724926337' 'present']
 ['3' '333.32155010135716' 'present']
 ['14' '346.508457424108' 'present']
 ['17' '346.5409974967131' 'present']]","[['F38' '62.476399585559776' 'destroyed']
 ['F168' '92.1346419779261' 'absent']
 ['F48' '122.3462908111075' 'absent']
 ['F129' '126.9078867593152' 'mated']
 ['F104' '162.51683049905927' 'mated']
 ['F71' '177.40294941958254' 'absent']
 ['F57' '215.00794186266387' 'mated']
 ['F10' '244.70033956700487' 'mated']
 ['F149' '255.89653895816346' 'mated']
 ['F123' '264.97656158662403' 'destroyed']
 ['F107' '275.9736434460485' 'mated']]",573.0,69.68185536066864,13.68185556285217,1587.0,266.02781460269154,56.699122563140484,152.0,24.382002998196835,4.928350173317815,0.0,0.0,0.0,0.0,0.0,0.0
1,0.054,7,359.8562245482285,"[['13' '43.70749144386235' 'present']
 ['13' '43.980897945697244' 'present']
 ['10' '87.43655313332322' 'present']
 ['17' '118.39340035042993' 'present']
 ['17' '125.32164518190322' 'present']
 ['3' '129.31082971111044' 'marauded']
 ['4' '129.8846790109312' 'presentdestroyed']
 ['3' '142.1398252622449' 'present']
 ['14' '167.5409088636267' 'present']
 ['13' '188.7750323281042' 'present']
 ['3' '209.13812056259496' 'marauded']
 ['13' '212.856623362291' 'destroyed']
 ['17' '258.5397856603769' 'marauded']
 ['4' '303.98259098173753' 'present']
 ['13' '328.9754259315397' 'present']
 ['17' '349.65062144386695' 'present']
 ['13' '350.23274967106937' 'present']
 ['4' '353.4387217187109' 'present']
 ['13' '353.68909532815894' 'present']]","[['F101' '91.80785262698788' 'mated']
 ['F49' '112.60902456063187' 'mated']
 ['F70' '137.33573562227986' 'mated']
 ['F138' '138.16674799410526' 'absent']
 ['F46' '143.56740868519245' 'mated']
 ['F90' '165.77162512445747' 'absent']
 ['F154' '185.15230144918968' 'mated']
 ['F187' '195.18013385800188' 'absent']
 ['F98' '213.3360890232898' 'destroyed']
 ['F30' '240.6979104153739' 'mated']
 ['F103' '262.98326810397504' 'destroyed']
 ['F18' '264.3406907021526' 'destroyed']
 ['F206' '277.94563839719603' 'mated']
 ['F137' '297.97294063974437' 'absent']]",568.0,66.31573630348082,12.566694199619285,1584.0,269.96369661040285,57.281374827537626,111.0,18.255221187319485,4.04136057373164,18.0,1.8000000000000005,0.1800000000000001,80.0,3.703703703703703,0.17146776406035646
2,0.0,9,360.2628616118932,"[['3' '15.174176758725508' 'present']
 ['13' '29.446264327692138' 'present']
 ['14' '39.94507560226048' 'present']
 ['10' '50.067845000877846' 'present']
 ['10' '52.16541599734603' 'present']
 ['4' '56.25772960880176' 'present']
 ['17' '56.611039110396696' 'present']
 ['1' '68.15670554287158' 'present']
 ['4' '88.30390543422146' 'present']
 ['10' '107.9558873600634' 'present']
 ['17' '147.26805441634116' 'present']
 ['1' '162.7760751567662' 'marauded']
 ['17' '189.48950692951033' 'present']
 ['17' '226.4193095852781' 'present']
 ['3' '227.01237815917233' 'present']
 ['3' '230.16502886707772' 'present']
 ['4' '255.24102460910714' 'present']
 ['13' '259.51554549058875' 'present']
 ['4' '284.8446301101879' 'present']
 ['3' '290.0481716934646' 'present']
 ['13' '294.44140019768986' 'present']
 ['13' '314.36578576069695' 'marauded']
 ['13' '316.266098540515' 'presentdestroyed']
 ['14' '324.6866703265617' 'present']
 ['3' '341.01713972051556' 'marauded']
 ['14' '353.1923284102432' 'present']]","[['F131' '4.753472417013934' 'absent']
 ['F155' '80.60412660573411' 'absent']
 ['F191' '86.36449581972114' 'absent']
 ['F16' '103.2440312530816' 'mated']
 ['F77' '119.341225212235' 'mated']
 ['F48' '122.32314266295934' 'absent']
 ['F147' '134.67126176019147' 'mated']
 ['F79' '139.90597489346877' 'mated']
 ['F45' '186.9306158983836' 'absent']
 ['F115' '189.25683475944018' 'mated']
 ['F158' '189.8014102049407' 'mated']
 ['F152' '195.54894218159248' 'mated']
 ['F122' '237.0005558788094' 'absent']
 ['F11' '239.96957738406107' 'mated']
 ['F211' '280.37685012980796' 'mated']
 ['F12' '315.32218975620344' 'absentdestroyed']]",572.0,68.83339018517303,13.598719457034191,1635.0,272.9367325598383,57.77169978617544,109.0,18.332080126826185,4.042493172663256,0.0,0.0,0.0,0.0,0.0,0.0
3,0.054,14,360.25096116154845,"[['1' '25.983237632253537' 'present']
 ['14' '44.84266923725107' 'marauded']
 ['1' '63.10820112897887' 'marauded']
 ['14' '85.1119350589953' 'present']
 ['14' '100.38062589829023' 'marauded']
 ['1' '138.9092647251561' 'present']
 ['4' '160.76946709052032' 'present']
 ['14' '162.9754839865129' 'present']
 ['13' '172.03278491345202' 'present']
 ['14' '243.22548883164393' 'present']
 ['10' '255.02633760741918' 'present']
 ['4' '294.6819356274123' 'present']]","[['F100' '39.51326115968261' 'mated']
 ['F38' '62.45325143741163' 'absent']
 ['F118' '74.89733127209031' 'absent']
 ['F32' '84.74313848651406' 'mated']
 ['F36' '93.6934971067857' 'mated']
 ['F66' '99.72050656871518' 'mated']
 ['F142' '109.51611347893558' 'absent']
 ['F93' '135.2540601352314' 'mated']
 ['F160' '162.26382862333014' 'mated']
 ['F53' '169.48809415913198' 'mated']
 ['F69' '171.71753179037023' 'mated']
 ['F212' '174.9891254658429' 'absent']
 ['F71' '177.35665312328624' 'absent']
 ['F187' '195.20328200615003' 'mated']
 ['F177' '207.47241790339598' 'absent']
 ['F113' '210.88169512793806' 'absent']
 ['F98' '213.35923717143794' 'mated']
 ['F171' '241.28083840095175' 'mated']
 ['F130' '277.7310771493452' 'mated']
 ['F4' '281.24613727689757' 'mated']
 ['F88' '301.49625983994076' 'mated']]",559.0,68.06665225463733,13.59510837487464,1594.0,268.3773210553791,57.706404729607804,112.0,18.456148379811065,4.014197913958893,15.0,1.5000000000000002,0.15000000000000008,81.0,3.749999999999999,0.1736111111111109
4,0.054,5,360.0330670443957,"[['1' '28.982643246285537' 'marauded']
 ['1' '37.81493900762989' 'present']
 ['17' '39.3702285263765' 'present']
 ['3' '59.33246480593059' 'present']
 ['1' '78.69914457329281' 'present']
 ['13' '100.26246782333335' 'present']
 ['13' '106.90761062032642' 'marauded']
 ['1' '137.02452448193' 'present']
 ['14' '138.29659460650356' 'present']
 ['13' '151.4944423450175' 'present']
 ['3' '162.13889120681006' 'present']
 ['17' '187.3767967148431' 'present']
 ['14' '227.8995784158601' 'present']
 ['10' '240.1011690365514' 'present']
 ['14' '266.6878857194725' 'present']
 ['13' '330.0763533114667' 'marauded']
 ['17' '339.82801616613796' 'marauded']]","[['F155' '80.62727475388226' 'mated']
 ['F148' '83.0715349371354' 'mated']
 ['F37' '108.31858858307847' 'destroyed']
 ['F79' '139.85967859717246' 'absent']
 ['F139' '153.51860103166973' 'mated']
 ['F165' '199.39776668533733' 'mated']
 ['F204' '217.13103425743063' 'mated']
 ['F151' '242.53678164337384' 'absent']
 ['F213' '248.90628392092088' 'absent']]",559.0,69.07928032457387,13.710404261608698,1539.0,260.3368680460447,56.2733048217505,161.0,24.570045609017416,4.953612088165275,18.0,1.8000000000000005,0.1800000000000001,92.0,4.25925925925926,0.19718792866940982
5,0.0,8,360.064112535341,"[['3' '38.354547524870775' 'present']
 ['17' '48.31997007694878' 'present']
 ['17' '65.61194761296505' 'present']
 ['14' '66.66377566447895' 'marauded']
 ['10' '78.7211414843732' 'present']
 ['3' '87.97303372791815' 'marauded']
 ['17' '113.10997306311361' 'present']
 ['10' '133.82770727231534' 'present']
 ['17' '133.94082584800276' 'present']
 ['14' '180.2493307255925' 'present']
 ['3' '185.1605462361151' 'present']
 ['3' '206.38329485487125' 'present']
 ['10' '207.05727502381313' 'present']
 ['3' '221.63895613956984' 'present']
 ['10' '232.7730646052828' 'present']
 ['10' '254.2523483864522' 'present']
 ['13' '301.7981424141906' 'present']
 ['3' '303.6627880403305' 'present']
 ['1' '330.33241025241506' 'marauded']
 ['17' '352.2562513343813' 'marauded']]","[['F131' '4.776620565162082' 'mated']
 ['F84' '56.582597454402155' 'mated']
 ['F28' '84.63611479402411' 'mated']
 ['F81' '94.24563135677676' 'destroyed']
 ['F105' '96.01220961712663' 'destroyed']
 ['F146' '125.66399814697472' 'absent']
 ['F153' '202.0223420328487' 'mated']
 ['F197' '218.47542199551006' 'mated']
 ['F140' '247.75113739754502' 'mated']
 ['F166' '294.3769232490356' 'mated']
 ['F145' '303.8462643856871' 'mated']]",568.0,69.52690230909542,13.779595460217507,1557.0,266.4028562530648,57.23316648096444,140.0,24.190567319236674,5.282958208346435,0.0,0.0,0.0,0.0,0.0,0.0
6,0.0,10,360.1997678802013,"[['13' '4.9578972778461265' 'present']
 ['13' '10.596685219391873' 'present']
 ['13' '11.818370247281964' 'present']
 ['14' '13.706727208521379' 'present']
 ['10' '29.42620657677714' 'marauded']
 ['10' '31.725866404440488' 'presentdestroyed']
 ['4' '42.285927134153305' 'present']
 ['3' '62.441646125271276' 'present']
 ['14' '68.80082711355375' 'present']
 ['17' '86.90292848903232' 'marauded']
 ['17' '94.80408544761687' 'present']
 ['3' '98.54067668612458' 'marauded']
 ['1' '98.97648429801123' 'presentdestroyed']
 ['10' '121.05853637368224' 'present']
 ['3' '127.76608892879365' 'present']
 ['3' '130.86090529610698' 'present']
 ['10' '138.16239529886775' 'present']
 ['13' '141.24717801893948' 'present']
 ['3' '150.58205119045257' 'present']
 ['4' '152.22596309418768' 'present']
 ['4' '153.68779164727826' 'present']
 ['1' '185.6166118385287' 'present']
 ['10' '221.37676841940518' 'present']
 ['13' '224.69732344628156' 'present']
 ['4' '227.73928674975167' 'present']
 ['4' '239.6788030818933' 'present']
 ['13' '239.935256294365' 'present']
 ['4' '248.80832133277164' 'marauded']
 ['13' '292.6253116909733' 'present']
 ['13' '293.6283264271775' 'present']
 ['10' '309.149991474116' 'present']
 ['4' '321.38619545295035' 'present']
 ['14' '325.6389904367494' 'present']
 ['4' '325.97041855964534' 'present']
 ['1' '334.5177544344682' 'present']]","[['F21' '12.93925793688356' 'mated']
 ['F61' '80.17413036544231' 'mated']
 ['F192' '120.53064423400767' 'mated']
 ['F86' '129.88467529950952' 'mated']
 ['F87' '165.25867064200335' 'absent']
 ['F50' '176.69502541038472' 'mated']
 ['F25' '179.6948965363798' 'mated']
 ['F1' '227.9221142755623' 'mated']
 ['F151' '242.559929791522' 'mated']
 ['F96' '262.3848523346879' 'mated']
 ['F103' '263.0064162521232' 'mated']]",569.0,68.7974262218998,13.53990144057451,1547.0,266.93390190692054,58.13444832867769,135.0,24.35636127416259,5.447726623850943,0.0,0.0,0.0,0.0,0.0,0.0
7,0.0,11,360.1408430021878,"[['13' '0.7744891042678694' 'present']
 ['10' '7.931438873478503' 'present']
 ['3' '16.62722939357987' 'present']
 ['17' '17.71229340988099' 'present']
 ['4' '22.267040448552432' 'present']
 ['10' '30.18377942188283' 'present']
 ['10' '30.490433286261904' 'present']
 ['10' '32.73405562713702' 'present']
 ['14' '45.98155611785152' 'present']
 ['17' '50.69829579782343' 'present']
 ['10' '52.21171229364232' 'present']
 ['4' '71.1651259011136' 'marauded']
 ['1' '74.23206895097402' 'presentdestroyed']
 ['14' '77.27051268167975' 'presentdestroyed']
 ['4' '79.82380858830349' 'present']
 ['1' '85.19988613389101' 'present']
 ['4' '97.52236009684763' 'marauded']
 ['17' '118.00754799734689' 'present']
 ['14' '126.83581132246582' 'present']
 ['17' '155.41302974935067' 'present']
 ['13' '155.97903669197086' 'present']
 ['4' '179.176976319709' 'present']
 ['13' '192.0040501931108' 'present']
 ['3' '194.07039463793768' 'present']
 ['10' '214.82720321156444' 'present']
 ['14' '230.9146277192232' 'present']
 ['10' '239.60442203042783' 'present']
 ['3' '239.75239015426976' 'present']
 ['13' '255.05016621949648' 'present']
 ['14' '256.0318564433447' 'present']
 ['13' '258.57943746592144' 'present']
 ['4' '268.8484162277996' 'present']
 ['1' '269.3616557731806' 'present']
 ['3' '303.9895351509484' 'present']
 ['14' '305.2589808184292' 'present']
 ['14' '308.89999772291776' 'marauded']
 ['17' '317.2819900892957' 'marauded']
 ['4' '322.6019524074554' 'presentdestroyed']
 ['10' '324.94057950479845' 'present']
 ['1' '325.7423777706481' 'present']
 ['3' '332.05343332553724' 'present']
 ['4' '349.93727074934986' 'present']
 ['17' '352.43804338697436' 'present']]","[['F89' '16.567617153947786' 'mated']
 ['F179' '67.20115869603758' 'mated']
 ['F209' '97.50926373796116' 'absent']
 ['F31' '109.17429144141462' 'mated']
 ['F43' '115.71580093723142' 'mated']
 ['F198' '122.18071624569694' 'mated']
 ['F52' '134.90428348941236' 'mated']
 ['F167' '153.47512039501927' 'mated']
 ['F136' '198.0317860022916' 'mated']
 ['F204' '217.10788610928248' 'absent']
 ['F59' '228.0115145495855' 'mated']
 ['F171' '241.2576902528036' 'absent']
 ['F22' '280.6570884254314' 'mated']
 ['F125' '293.9562554754272' 'mated']]",565.0,72.23167725654298,15.50445862059745,1586.0,263.4717557250981,56.243078589705064,153.0,24.43591862907718,5.082097217770176,0.0,0.0,0.0,0.0,0.0,0.0
8,0.0,12,360.0610388322564,"[['10' '2.9444538532122153' 'marauded']
 ['4' '16.52066337961212' 'present']
 ['17' '31.26102883269788' 'present']
 ['14' '32.38129989623038' 'present']
 ['14' '33.579726330001705' 'present']
 ['13' '82.30546557635557' 'present']
 ['4' '93.24728667106899' 'marauded']
 ['14' '105.42180902285523' 'present']
 ['10' '153.64245524280926' 'present']
 ['10' '184.23068070841106' 'present']
 ['13' '204.25648013587949' 'present']
 ['1' '220.90617845984488' 'present']
 ['10' '235.05694636927356' 'present']
 ['17' '246.38117906491757' 'present']
 ['1' '250.27438524950549' 'present']
 ['4' '269.8258080209356' 'present']
 ['13' '281.6418466205152' 'present']
 ['3' '288.41447605325914' 'present']
 ['13' '316.21980224421867' 'present']
 ['10' '319.6461751668118' 'present']
 ['3' '355.37804958475334' 'present']]","[['F118' '74.92047942023846' 'mated']
 ['F156' '107.56972796817111' 'mated']
 ['F142' '109.53926162708373' 'mated']
 ['F134' '118.42020697495181' 'mated']
 ['F79' '139.8828267453206' 'absent']
 ['F13' '159.99146714490456' 'absent']
 ['F175' '163.1132041890491' 'absent']
 ['F72' '173.16633543921427' 'mated']
 ['F82' '174.85082017258492' 'mated']
 ['F76' '176.33329696248921' 'mated']
 ['F163' '177.4284459624115' 'mated']
 ['F132' '210.7486158628529' 'mated']
 ['F188' '218.95694014013114' 'absent']
 ['F185' '243.2427795958572' 'mated']
 ['F75' '262.2182334308458' 'mated']
 ['F164' '288.40332658577154' 'mated']]",573.0,70.28594040252217,14.665274506645108,1658.0,277.9201210505234,59.181501765766974,73.0,12.024271966715501,2.364427273708943,0.0,0.0,0.0,0.0,0.0,0.0
9,0.0,5,360.3664141724779,"[['10' '13.02073507157076' 'present']
 ['1' '13.489257512926946' 'present']
 ['4' '17.340308863956356' 'present']
 ['13' '55.52967461476559' 'present']
 ['4' '61.58672061549091' 'present']
 ['13' '74.16948323406406' 'present']
 ['3' '89.00450186900038' 'marauded']
 ['14' '91.78776482823415' 'destroyed']
 ['1' '93.77234696262661' 'presentdestroyed']
 ['4' '96.59604141311094' 'destroyed']
 ['14' '108.90590157099786' 'present']
 ['1' '116.74960588894866' 'present']
 ['10' '128.01498515017013' 'marauded']
 ['1' '140.0651983758878' 'present']
 ['13' '143.118307798856' 'present']
 ['17' '153.34879914814255' 'present']
 ['14' '160.68345018557383' 'present']
 ['13' '176.10244608423307' 'present']
 ['3' '191.141505269403' 'present']
 ['4' '205.73265407965746' 'present']
 ['1' '238.0569620428197' 'marauded']
 ['1' '274.0510735970823' 'marauded']
 ['17' '279.2269124390015' 'presentdestroyed']
 ['1' '292.81632669542773' 'present']
 ['17' '304.0210798768215' 'present']
 ['1' '315.63718124640485' 'marauded']
 ['1' '329.0704015326845' 'present']
 ['17' '341.0357351721676' 'present']
 ['4' '353.0000512808186' 'marauded']]","[['F191' '86.34134767157299' 'absent']
 ['F36' '93.67034895863755' 'destroyed']
 ['F209' '97.48611558981301' 'absent']
 ['F138' '138.12045169780896' 'absent']
 ['F138' '138.18989614225342' 'mated']
 ['F116' '175.68382092747655' 'mated']
 ['F45' '186.95376404653175' 'mated']
 ['F113' '210.83539883164175' 'absent']
 ['F59' '227.98836640143736' 'absent']
 ['F157' '267.55904465757425' 'mated']
 ['F130' '277.70792900119704' 'destroyed']
 ['F9' '288.31655335062015' 'mated']]",571.0,72.00186400594178,15.042980383702885,1466.0,252.20541219261813,54.731824936402376,204.0,35.935122928983134,8.007675388657859,0.0,0.0,0.0,0.0,0.0,0.0
10,0.054,5,359.9764201638444,"[['17' '0.023148148148148147' 'present']
 ['14' '3.212846879237038' 'present']
 ['14' '8.649398114178995' 'present']
 ['13' '14.398838358064774' 'present']
 ['13' '18.262733063400077' 'present']
 ['4' '22.94530159513887' 'present']
 ['1' '50.14618931925415' 'present']
 ['3' '63.04583374511889' 'marauded']
 ['1' '69.90058462328048' 'destroyed']
 ['14' '72.90832141737707' 'present']
 ['4' '75.48619047119524' 'present']
 ['13' '76.78075617338908' 'present']
 ['1' '79.09734482036782' 'marauded']
 ['13' '84.73764849240256' 'presentdestroyed']
 ['14' '134.75495137215805' 'present']
 ['13' '152.9713261620757' 'present']
 ['3' '156.3908331477056' 'marauded']
 ['13' '161.13128261724646' 'presentdestroyed']
 ['1' '162.2688053401569' 'presentdestroyed']
 ['4' '179.8144132722914' 'present']
 ['1' '185.82150104951464' 'marauded']
 ['14' '191.28354516775968' 'presentdestroyed']
 ['14' '201.1603407425286' 'present']
 ['13' '219.85858887079794' 'present']
 ['13' '224.28406304978978' 'present']
 ['14' '225.36352920469722' 'present']
 ['14' '230.0156560974157' 'present']
 ['3' '266.81397430854395' 'present']
 ['14' '269.93820041378456' 'marauded']
 ['14' '276.62532870946154' 'presentdestroyed']
 ['3' '354.5055877378555' 'present']
 ['17' '355.84632644555586' 'marauded']]","[['F189' '2.768553979808867' 'mated']
 ['F14' '107.28645885876635' 'mated']
 ['F49' '112.58587641248371' 'absent']
 ['F106' '201.658416856604' 'absent']
 ['F74' '205.32558505072424' 'mated']
 ['F54' '208.5890879724253' 'mated']
 ['F207' '274.3015655900705' 'absentdestroyed']
 ['F73' '289.6857230093449' 'mated']]",577.0,74.65610253555423,16.24630407314703,1483.0,246.65180767598713,52.094474645392005,197.0,34.11694670008148,7.160812530542882,11.0,1.0999999999999999,0.11000000000000004,76.0,3.5185185185185177,0.16289437585733868
11,0.0,16,360.0349902000307,"[['13' '8.488252520124705' 'present']
 ['4' '28.766085798723665' 'present']
 ['10' '31.130077154096938' 'marauded']
 ['1' '35.40571431530651' 'presentdestroyed']
 ['10' '53.10990659713637' 'present']
 ['4' '76.30974619510394' 'present']
 ['10' '105.74190086059498' 'present']
 ['13' '165.1310616825254' 'present']
 ['4' '192.96018609826157' 'marauded']
 ['4' '198.02575255223832' 'presentdestroyed']
 ['13' '217.63111612538003' 'present']
 ['14' '221.26732655163178' 'present']
 ['14' '232.90033269645446' 'present']
 ['4' '235.16400160441466' 'present']
 ['1' '275.96758363064544' 'present']
 ['4' '284.42382392653167' 'present']
 ['4' '324.1530880382823' 'marauded']
 ['3' '332.21290784750084' 'present']]","[['F100' '39.466964863386316' 'absent']
 ['F180' '57.482088375834415' 'mated']
 ['F168' '92.1809382742224' 'mated']
 ['F31' '109.15114329326647' 'absent']
 ['F117' '121.17295464706062' 'mated']
 ['F56' '146.42334168023646' 'mated']
 ['F172' '147.3469897767841' 'mated']
 ['F99' '153.59180696410039' 'mated']
 ['F95' '158.1328514925725' 'mated']
 ['F13' '160.0146152930527' 'mated']
 ['F104' '162.49368235091112' 'absent']
 ['F152' '195.52579403344433' 'destroyed']
 ['F203' '200.87444170297064' 'mated']
 ['F98' '213.31294087514163' 'absent']
 ['F85' '226.40065342754417' 'mated']
 ['F8' '231.4761910796455' 'absent']
 ['F64' '236.0579954900441' 'mated']
 ['F200' '244.0579812270866' 'mated']
 ['F121' '252.50811200329997' 'mated']
 ['F17' '262.9974211848215' 'mated']
 ['F23' '265.35622633657897' 'mated']
 ['F68' '287.8868736909506' 'mated']]",564.0,72.67378745913228,16.504417437856425,1555.0,269.06064491257115,58.098874315502044,112.0,18.310914532879586,3.6907813769366946,0.0,0.0,0.0,0.0,0.0,0.0
12,0.0,9,359.99978771846577,"[['3' '0.023148148148148147' 'present']
 ['17' '2.2627405597851316' 'present']
 ['10' '32.30331325866519' 'present']
 ['10' '41.827806561174015' 'present']
 ['1' '65.36144195667988' 'present']
 ['14' '68.29624751619836' 'present']
 ['1' '76.36540087224625' 'present']
 ['13' '81.66773946486973' 'present']
 ['3' '82.65629807612082' 'present']
 ['1' '88.24614233484172' 'present']
 ['14' '108.54401640989308' 'present']
 ['1' '128.05866949766514' 'present']
 ['14' '131.2083441816327' 'present']
 ['14' '136.38632931144485' 'marauded']
 ['13' '141.15150376947483' 'presentdestroyed']
 ['13' '164.63591671641092' 'present']
 ['17' '165.95010097239992' 'present']
 ['4' '177.94102255612026' 'present']
 ['1' '182.75369465074473' 'present']
 ['14' '183.88586668126027' 'present']
 ['10' '211.51616423426992' 'present']
 ['1' '225.45070552361446' 'present']
 ['13' '239.60634737278707' 'present']
 ['17' '252.12619387730751' 'present']
 ['4' '271.95367881775826' 'marauded']
 ['14' '284.54999759741406' 'present']
 ['1' '295.3574212138356' 'present']
 ['10' '333.197090074835' 'present']]","[['F89' '16.544469005799638' 'absent']
 ['F100' '39.49011301153446' 'absent']
 ['F91' '56.69053742509737' 'mated']
 ['F38' '62.49954773370792' 'mated']
 ['F28' '84.61296664587596' 'absent']
 ['F71' '177.4260975677307' 'mated']
 ['F27' '226.22755427719935' 'mated']
 ['F83' '227.79268745122053' 'mated']
 ['F26' '238.0621156966283' 'mated']
 ['F17' '262.97427303667337' 'absent']
 ['F35' '269.9325489396492' 'absent']
 ['F208' '275.139754003732' 'destroyed']
 ['F182' '293.79781066800354' 'mated']
 ['F194' '314.3572517914705' 'mated']
 ['F12' '315.3453379043516' 'mated']]",566.0,69.78559779542219,14.884522940310399,1642.0,278.139935294193,60.04252305964265,74.0,12.103234978410898,2.3761875718240812,0.0,0.0,0.0,0.0,0.0,0.0
13,0.054,8,360.1234213907175,"[['4' '5.08231935986279' 'present']
 ['3' '30.996957183932754' 'marauded']
 ['1' '42.74876671101351' 'present']
 ['10' '52.575119123741054' 'present']
 ['1' '64.14532116075564' 'marauded']
 ['10' '74.61145499609452' 'present']
 ['1' '85.05358983759471' 'marauded']
 ['10' '107.75396687903955' 'present']
 ['14' '143.49854645840915' 'present']
 ['4' '162.39138187436677' 'present']
 ['10' '222.59468389210824' 'present']
 ['10' '263.6767881577946' 'marauded']
 ['1' '336.21944316600394' 'marauded']]","[['F209' '97.53241188610932' 'mated']
 ['F2' '101.17633633946737' 'mated']
 ['F138' '138.1435998459571' 'absent']
 ['F102' '139.25312948802383' 'mated']
 ['F13' '159.9683189967564' 'absent']
 ['F175' '163.1595004853454' 'mated']
 ['F0' '176.44382480503492' 'mated']
 ['F108' '176.65410852029308' 'mated']
 ['F205' '201.75215831076525' 'mated']
 ['F18' '264.36383885030074' 'destroyed']
 ['F107' '275.9273471497522' 'absent']
 ['F67' '291.12889681600734' 'mated']]",561.0,72.14141661629394,16.494646039552936,1457.0,252.32644215225355,54.98354206772218,176.0,30.7909528545213,6.839287468002241,8.0,0.7999999999999999,0.08000000000000002,86.0,3.9814814814814805,0.18432784636488314
14,0.054,11,360.0718910484516,"[['17' '1.2081490735980356' 'present']
 ['3' '28.07022254632823' 'present']
 ['13' '52.52297923820598' 'present']
 ['3' '80.29912799659579' 'present']
 ['17' '99.81433785355573' 'present']
 ['1' '110.99846430564928' 'present']
 ['3' '111.57895987765671' 'present']
 ['3' '155.87109336138724' 'present']
 ['4' '170.427219063065' 'present']
 ['17' '171.10746852090216' 'present']
 ['3' '190.78691214198676' 'present']
 ['4' '203.99756959398738' 'present']
 ['13' '209.53622860442292' 'marauded']
 ['17' '213.8041960142224' 'presentdestroyed']
 ['13' '221.98121781311607' 'present']
 ['1' '353.485241934713' 'present']]","[['F78' '21.42660908246992' 'mated']
 ['F159' '39.323600188312746' 'mated']
 ['F190' '52.55430542590154' 'mated']
 ['F183' '62.50997966638777' 'mated']
 ['F5' '84.36274010852715' 'mated']
 ['F150' '129.67600358800735' 'mated']
 ['F70' '137.3125874741317' 'absent']
 ['F186' '137.54569433787606' 'mated']
 ['F97' '167.92062861969987' 'mated']
 ['F213' '248.92943206906904' 'mated']
 ['F47' '276.3708900594652' 'mated']
 ['F22' '280.6339402772833' 'absent']
 ['F111' '335.2548949663159' 'mated']]",574.0,73.6951392354707,16.459214879425662,1625.0,274.852217094382,58.79097138682494,41.0,6.282193578077208,1.2481726566196116,12.0,1.2,0.12000000000000005,88.0,4.0740740740740735,0.18861454046639203
15,0.0,9,359.95431958183866,"[['13' '4.1839765105267075' 'present']
 ['17' '25.646472132992283' 'present']
 ['14' '56.64131258642795' 'present']
 ['13' '62.58187397338366' 'present']
 ['4' '75.11642674777949' 'present']
 ['3' '76.04655918828126' 'present']
 ['17' '79.62489264041601' 'present']
 ['4' '86.18189923869197' 'present']
 ['1' '116.33731046530083' 'present']
 ['3' '139.87535978457873' 'present']
 ['14' '179.5764621282909' 'present']
 ['10' '204.9006015726913' 'present']
 ['4' '215.15845641162068' 'present']
 ['1' '231.4637128157213' 'present']
 ['17' '243.74797181421053' 'present']
 ['13' '251.68034427488348' 'present']
 ['14' '263.29636640737044' 'marauded']
 ['4' '297.5501927141051' 'present']
 ['14' '299.7197941976759' 'present']
 ['3' '306.8869123742804' 'present']
 ['10' '323.2350323314616' 'marauded']]","[['F112' '75.27130896173152' 'absent']
 ['F135' '79.34591872271648' 'mated']
 ['F191' '86.3876439678693' 'mated']
 ['F66' '99.69735842056703' 'absent']
 ['F202' '101.83210637668176' 'mated']
 ['F3' '114.58202379127809' 'mated']
 ['F87' '165.2818187901515' 'absent']
 ['F40' '193.1516861336762' 'mated']
 ['F124' '199.7862058587919' 'mated']
 ['F106' '201.63526870845584' 'absent']
 ['F113' '210.9048432760862' 'mated']
 ['F144' '227.15517539713014' 'mated']
 ['F196' '262.01178624267664' 'absent']
 ['F33' '282.7779349255597' 'mated']]",569.0,73.23678153493277,15.6443676781449,1605.0,274.61697632936364,59.463132596533235,82.0,12.259422969698011,2.4198249423799103,0.0,0.0,0.0,0.0,0.0,0.0
16,0.0,8,360.46426146244625,"[['10' '9.377209146218346' 'present']
 ['13' '12.925428357690505' 'marauded']
 ['1' '22.994114731772285' 'present']
 ['4' '38.68424940612871' 'marauded']
 ['10' '46.02852926554328' 'present']
 ['3' '74.06664677125264' 'present']
 ['10' '90.29577061994223' 'present']
 ['4' '101.82795356760519' 'present']
 ['3' '115.09083644859783' 'present']
 ['4' '139.79616673730393' 'marauded']
 ['13' '145.3528068904963' 'presentdestroyed']
 ['14' '151.87518877852523' 'marauded']
 ['13' '160.35732743093138' 'present']
 ['13' '191.9577538968145' 'present']
 ['17' '196.8942576431743' 'present']
 ['14' '205.6337215378879' 'present']
 ['10' '214.04629074777358' 'present']
 ['4' '234.86719394901573' 'present']
 ['17' '243.20861760364323' 'present']
 ['10' '244.7905320971906' 'present']
 ['13' '245.92776911995242' 'marauded']
 ['13' '259.46924919429244' 'present']
 ['14' '271.35959756941236' 'present']
 ['3' '280.83774418385934' 'marauded']
 ['3' '286.4680798125775' 'destroyed']
 ['4' '287.53665266917795' 'presentdestroyed']
 ['14' '293.64452151306904' 'present']
 ['4' '304.02888727803384' 'present']
 ['17' '330.92681902879383' 'present']
 ['17' '332.68421922356833' 'present']
 ['10' '339.34129088570205' 'marauded']
 ['17' '349.0508781052482' 'present']]","[['F101' '91.78470447883973' 'absent']
 ['F195' '114.65064438544474' 'mated']
 ['F19' '128.90291180270273' 'mated']
 ['F6' '135.9792224686553' 'mated']
 ['F79' '139.8365304490243' 'absentdestroyed']
 ['F175' '163.13635233719725' 'absent']
 ['F210' '164.48175785339856' 'mated']
 ['F212' '175.01227361399106' 'mated']
 ['F0' '176.39752850873862' 'absent']
 ['F120' '218.6847911010827' 'mated']
 ['F137' '297.9960887878925' 'mated']
 ['F214' '307.3235676910264' 'mated']]",564.0,71.9863600374284,15.398979820205804,1459.0,245.54212637032998,52.53818388202105,246.0,42.57046766955806,9.41332679085264,0.0,0.0,0.0,0.0,0.0,0.0
17,0.054,7,360.0602311610585,"[['13' '2.6146469081091532' 'marauded']
 ['14' '85.1582313552916' 'present']
 ['1' '88.95141133713955' 'present']
 ['1' '104.0849814750157' 'marauded']
 ['4' '106.8876444060478' 'presentdestroyed']
 ['14' '118.69250648364752' 'present']
 ['3' '136.35517931892736' 'present']
 ['4' '155.77281010809062' 'present']
 ['1' '164.8778442971757' 'present']
 ['13' '179.78475685310613' 'present']
 ['13' '198.58410689574487' 'present']
 ['3' '204.4414690021662' 'present']
 ['14' '220.91492337806747' 'present']
 ['3' '236.3392433311167' 'present']
 ['4' '239.30002505235427' 'present']
 ['4' '241.04025026367805' 'present']
 ['3' '280.45865702332037' 'present']
 ['4' '308.6920489003732' 'present']
 ['3' '335.8618131736805' 'present']
 ['14' '354.42694117655077' 'present']]","[['F168' '92.15779012607425' 'absent']
 ['F161' '182.54974001763935' 'mated']
 ['F173' '201.589703713045' 'mated']
 ['F177' '207.49556605154413' 'mated']
 ['F188' '218.9800882882793' 'mated']
 ['F60' '232.0410223979692' 'mated']
 ['F123' '264.9997097347722' 'mated']
 ['F35' '269.9556970877974' 'mated']]",571.0,70.24403261012354,13.778992616570477,1637.0,273.37879639327105,58.1163550886396,72.0,12.045425511804218,2.4340837048641757,10.0,0.9999999999999999,0.10000000000000003,77.0,3.564814814814814,0.16503772290809313
18,0.0,8,359.95577927123804,"[['4' '17.194012567660057' 'marauded']
 ['4' '73.46735953287937' 'present']
 ['13' '75.4717739326312' 'present']
 ['17' '76.00323550229605' 'present']
 ['17' '78.1527036665657' 'present']
 ['3' '87.71430136794211' 'present']
 ['1' '100.98905553661002' 'marauded']
 ['14' '120.72893297313999' 'present']
 ['13' '127.39715667782751' 'present']
 ['10' '132.84592439089144' 'present']
 ['13' '153.9672711144983' 'marauded']
 ['17' '160.2580490691965' 'presentdestroyed']
 ['1' '164.924140593472' 'present']
 ['17' '179.91583610935697' 'present']
 ['1' '202.07034267305593' 'present']
 ['1' '219.26141795380903' 'present']
 ['14' '230.9609240155195' 'present']
 ['4' '248.95461762906794' 'present']
 ['1' '270.31916719462504' 'present']
 ['17' '277.2786359762825' 'present']
 ['1' '311.52648475244604' 'marauded']
 ['3' '323.1752890388217' 'present']
 ['14' '323.7791228670446' 'present']
 ['4' '324.6555548711099' 'marauded']
 ['17' '333.32171749491755' 'present']
 ['3' '333.8932524515802' 'present']
 ['1' '348.78067005111546' 'present']]","[['F112' '75.29445710987967' 'mated']
 ['F134' '118.39705882680366' 'absent']
 ['F48' '122.36943895925565' 'mated']
 ['F34' '133.96255680714557' 'mated']
 ['F0' '176.42067665688677' 'absent']
 ['F55' '212.75459116942883' 'mated']
 ['F30' '240.67476226722576' 'absent']
 ['F92' '278.6810460013238' 'mated']
 ['F119' '282.59646116493207' 'mated']
 ['F24' '302.24126616864396' 'mated']
 ['F181' '343.70186408297' 'mated']]",564.0,68.76501243532356,13.718919583752317,1531.0,260.99742307789955,56.09907089382096,175.0,30.323558830832784,6.676052555601772,0.0,0.0,0.0,0.0,0.0,0.0
19,0.0,5,359.93354200112907,"[['1' '9.62530799027529' 'present']
 ['1' '18.23759359332115' 'present']
 ['10' '60.0271037427082' 'present']
 ['14' '85.34867060405145' 'present']
 ['1' '101.13535183290632' 'present']
 ['14' '105.46810531915153' 'present']
 ['4' '119.31812047889251' 'present']
 ['3' '126.6222459787943' 'present']
 ['10' '128.84670655528373' 'present']
 ['14' '147.31595086555288' 'present']
 ['10' '149.72992484047623' 'present']
 ['13' '159.62824455555062' 'present']
 ['17' '162.65227131841903' 'present']
 ['4' '164.35041562382386' 'present']
 ['14' '183.31758121340803' 'present']
 ['14' '189.22780474992933' 'present']
 ['4' '192.81388980196527' 'marauded']
 ['10' '217.59015907323612' 'present']
 ['10' '229.3007179284723' 'present']
 ['3' '233.4821691701819' 'present']
 ['13' '236.20805888257215' 'present']
 ['1' '254.27273185366965' 'present']
 ['10' '258.81677746524656' 'present']
 ['10' '281.9471120495968' 'present']
 ['3' '300.419689975004' 'marauded']
 ['4' '311.8265917692917' 'present']
 ['17' '316.69724781682555' 'present']
 ['17' '329.0465814160157' 'present']
 ['14' '339.3106641187141' 'present']
 ['17' '347.1435595015064' 'present']
 ['17' '348.06442018320246' 'present']
 ['3' '357.7559017027067' 'present']]","[['F143' '161.4105917927882' 'mated']
 ['F63' '190.64880037991864' 'mated']
 ['F174' '201.2009736253292' 'mated']
 ['F113' '210.8585469797899' 'absent']
 ['F122' '237.02370402695755' 'mated']
 ['F207' '274.32471373821863' 'absent']
 ['F51' '289.19695887012296' 'mated']]",572.0,68.601737253277,13.841848079707775,1633.0,279.2782593779208,60.1317293852841,68.0,12.23369096191804,2.7487136273612776,0.0,0.0,0.0,0.0,0.0,0.0
20,0.0,11,360.239482788707,"[['10' '1.5407045969900837' 'present']
 ['1' '17.069115256602927' 'present']
 ['3' '24.74858435438927' 'present']
 ['10' '35.80068059246331' 'present']
 ['17' '38.56567624733893' 'present']
 ['4' '52.74865804607871' 'present']
 ['17' '59.845571027558975' 'present']
 ['1' '83.52528434140636' 'marauded']
 ['10' '88.52347863923636' 'presentdestroyed']
 ['10' '109.74262243128373' 'present']
 ['14' '118.64621018735122' 'present']
 ['17' '118.85103855933335' 'present']
 ['14' '129.3181838390547' 'present']
 ['17' '150.11837879767967' 'present']
 ['14' '199.29726144510667' 'present']
 ['10' '204.63894585106337' 'present']
 ['4' '228.6491190584884' 'present']
 ['14' '239.75061065200254' 'present']
 ['4' '246.66900365557765' 'marauded']
 ['14' '266.7341820157688' 'present']
 ['14' '275.6743590213485' 'marauded']
 ['13' '280.47840762278685' 'presentdestroyed']
 ['17' '309.35522045495077' 'present']
 ['17' '317.0592683624335' 'present']
 ['3' '332.09972962183355' 'present']
 ['10' '340.04885421696224' 'marauded']
 ['1' '351.4943156047038' 'present']]","[['F20' '33.86832051882839' 'mated']
 ['F179' '67.17801054788943' 'absent']
 ['F114' '80.95676267148767' 'mated']
 ['F133' '118.89164298012916' 'mated']
 ['F29' '125.95265350481085' 'mated']
 ['F94' '182.27839435378297' 'mated']
 ['F193' '182.84825666626767' 'mated']
 ['F127' '193.22592059720154' 'mated']
 ['F162' '205.86917256200925' 'mated']
 ['F184' '219.03726299239958' 'mated']
 ['F18' '264.3869869984489' 'mated']
 ['F42' '271.7371594622363' 'mated']
 ['F92' '278.65789785317565' 'absentdestroyed']
 ['F4' '281.2229891287494' 'destroyed']]",577.0,72.66722927684111,15.28509422711959,1525.0,263.02714397564483,57.0839628343914,139.0,24.325951895907384,5.321788234830726,0.0,0.0,0.0,0.0,0.0,0.0
21,0.0,9,360.2748479296975,"[['10' '2.0287683933246554' 'present']
 ['10' '4.058889763443111' 'present']
 ['3' '17.658440736762373' 'present']
 ['3' '43.71091247879719' 'present']
 ['13' '59.61909209995121' 'present']
 ['13' '76.43773918022754' 'present']
 ['17' '79.21291062593495' 'marauded']
 ['17' '85.41473203067105' 'presentdestroyed']
 ['3' '109.67890282433191' 'present']
 ['4' '166.78920166232353' 'present']
 ['17' '189.56288942957275' 'present']
 ['14' '199.15096514881037' 'marauded']
 ['3' '208.61132635269277' 'present']
 ['3' '246.56407721329452' 'present']
 ['17' '257.3785574609369' 'present']
 ['4' '268.60777337341955' 'present']
 ['13' '287.81175196732266' 'present']
 ['13' '294.37601600276577' 'present']
 ['14' '308.7048409915408' 'present']
 ['14' '329.31909695467516' 'marauded']
 ['3' '342.21611571206654' 'marauded']]","[['F215' '32.41906402703881' 'mated']
 ['F148' '83.04838678898724' 'destroyed']
 ['F170' '103.79407683662508' 'mated']
 ['F39' '104.94455806240673' 'mated']
 ['F109' '147.83170315658265' 'mated']
 ['F90' '165.79477327260562' 'mated']
 ['F169' '181.09624963746813' 'mated']
 ['F141' '189.24105653288686' 'mated']
 ['F173' '201.56655556489684' 'absentdestroyed']
 ['F44' '214.88084559489263' 'mated']
 ['F58' '287.7881779742068' 'mated']]",553.0,70.46030941983737,15.727112349118364,1567.0,265.1097174347894,56.75025004003558,142.0,24.54089038112612,5.12124140530551,0.0,0.0,0.0,0.0,0.0,0.0
22,0.0,14,360.18334159769876,"[['4' '6.742526155325305' 'present']
 ['3' '19.30090052946584' 'marauded']
 ['17' '32.59194830371882' 'marauded']
 ['4' '54.043634629240515' 'marauded']
 ['4' '80.42920759250252' 'present']
 ['3' '98.84294040749045' 'present']
 ['10' '101.02637893649225' 'present']
 ['14' '104.93792857356175' 'present']
 ['13' '114.061923835462' 'present']
 ['3' '135.02253422480925' 'marauded']
 ['14' '137.31135761204632' 'presentdestroyed']
 ['3' '145.84326836889892' 'present']
 ['13' '171.0229629851786' 'present']
 ['1' '187.3466117845508' 'present']
 ['3' '232.583534596448' 'present']
 ['1' '255.05575551148178' 'present']
 ['1' '270.1446417712822' 'present']
 ['4' '274.44099466209445' 'marauded']
 ['3' '279.8883619680554' 'presentdestroyed']
 ['10' '306.75502917385097' 'marauded']
 ['1' '358.27954265408505' 'marauded']]","[['F178' '1.3121090888729967' 'mated']
 ['F135' '79.32277057456832' 'absent']
 ['F105' '96.03535776527478' 'mated']
 ['F201' '98.0334549855144' 'mated']
 ['F37' '108.34173673122662' 'mated']
 ['F62' '148.83522789598956' 'mated']
 ['F65' '152.04581556015881' 'mated']
 ['F97' '167.89748047155172' 'absent']
 ['F71' '177.3798012714344' 'absent']
 ['F15' '177.67349496928406' 'mated']
 ['F80' '196.99705984966465' 'mated']
 ['F106' '201.68156500475214' 'mated']
 ['F8' '231.49933922779366' 'mated']
 ['F41' '249.65258969498768' 'mated']
 ['F196' '262.0349343908248' 'mated']
 ['F176' '287.63762981066554' 'mated']
 ['F128' '338.1759077795932' 'mated']]",569.0,70.2324346120722,14.058926266100825,1502.0,251.90427794926742,53.04444373815645,230.0,37.87018849263612,7.663911016633601,0.0,0.0,0.0,0.0,0.0,0.0
23,0.0,9,360.3410671145137,"[['4' '5.525176076283986' 'present']
 ['1' '27.458007223851766' 'marauded']
 ['1' '31.626167961513204' 'presentdestroyed']
 ['1' '86.07322774716566' 'present']
 ['4' '101.48614301237278' 'present']
 ['4' '103.25109505716514' 'marauded']
 ['14' '120.68263667684369' 'present']
 ['4' '126.51063614482666' 'present']
 ['3' '132.89981821452645' 'marauded']
 ['4' '152.56445082131515' 'present']
 ['10' '155.58202376868704' 'present']
 ['4' '173.2812855474441' 'present']
 ['17' '175.54684148912787' 'present']
 ['17' '191.66870285704138' 'present']
 ['14' '204.49133672152428' 'marauded']
 ['13' '218.8104497146497' 'present']
 ['13' '221.69872478870073' 'present']
 ['3' '233.4358728738856' 'present']
 ['17' '237.03245747003265' 'present']
 ['4' '306.9569550609509' 'marauded']
 ['1' '323.0907535260859' 'present']
 ['1' '334.4714581381719' 'present']
 ['17' '344.10866979243593' 'present']
 ['1' '352.1474042632358' 'present']]","[['F199' '67.57383149081473' 'mated']
 ['F81' '94.26877950492491' 'mated']
 ['F146' '125.68714629512287' 'mated']
 ['F6' '135.95607432050716' 'destroyed']
 ['F87' '165.30496693829966' 'mated']
 ['F126' '165.71105621709296' 'mated']
 ['F110' '182.5816100830712' 'mated']
 ['F203' '200.8512935548225' 'absent']
 ['F7' '268.381203082273' 'mated']
 ['F207' '274.3478618863668' 'mated']
 ['F208' '275.16290215188013' 'mated']
 ['F107' '275.9504952979004' 'absent']]",566.0,72.96810241209273,16.294406396402415,1496.0,256.7681035608176,55.445391677892886,180.0,30.378459712803572,6.4341255081389574,0.0,0.0,0.0,0.0,0.0,0.0
