id,probability_maraud,successful_mating,next_foraging_time,mar_attempts,mate_attempts,foraging_events,foraging_hrs,foraging_sqhrs,staying_events,staying_hrs,staying_sqhrs,repairing_events,repairing_hrs,repairing_sqhrs,marauding_events,marauding_hrs,marauding_sqhrs,traveling_events,traveling_hrs,traveling_sqhrs
0,0.054,4,360.386839003914,"[['17' '7.869411932532253' 'present']
 ['19' '32.77476222212665' 'present']
 ['14' '108.50264556160285' 'present']
 ['19' '116.98907523876875' 'marauded']
 ['12' '134.65876053260817' 'marauded']
 ['18' '156.710527446902' 'present']
 ['21' '161.71887576958036' 'present']
 ['12' '162.43472540692386' 'present']
 ['21' '176.54760706407328' 'present']
 ['14' '213.0164291396751' 'present']
 ['12' '218.44796249906486' 'present']
 ['17' '218.49639877652672' 'present']
 ['17' '218.93552462977055' 'present']
 ['12' '229.04526433696157' 'present']
 ['17' '229.6238440897343' 'marauded']
 ['17' '242.59501540514384' 'present']
 ['19' '268.06303695587536' 'present']
 ['14' '274.9721886916048' 'present']
 ['18' '275.7219026780058' 'marauded']
 ['19' '281.02333695042523' 'presentdestroyed']
 ['12' '286.5555243572104' 'present']
 ['12' '290.83709167581384' 'present']
 ['14' '292.92243291407' 'present']
 ['21' '298.6073992389434' 'present']
 ['21' '313.0173308542669' 'present']
 ['12' '314.7324206683223' 'present']
 ['21' '342.5272293970507' 'present']
 ['19' '347.5628367042838' 'present']
 ['17' '357.07711248212894' 'present']
 ['21' '359.2764177976793' 'marauded']]","[['F29' '68.51936481446793' 'mated']
 ['F110' '104.34971602006722' 'mated']
 ['F9' '186.34293009841076' 'absent']
 ['F77' '189.9362455169639' 'mated']
 ['F206' '215.45531867928275' 'absent']
 ['F65' '229.92857516998748' 'destroyed']
 ['F5' '258.31532443762205' 'mated']
 ['F4' '277.9727040269434' 'destroyed']]",562.0,72.07756308934592,15.769676652671292,1519.0,256.4693645223487,55.26620035834501,150.0,25.031243812371876,5.1354227755742,17.0,1.7000000000000004,0.1700000000000001,104.0,4.814814814814821,0.22290809327846317
1,0.0,14,360.3672361775087,"[['0' '5.570415583581785' 'present']
 ['17' '17.39194806792667' 'marauded']
 ['12' '18.756911768541656' 'presentdestroyed']
 ['17' '58.938323721212335' 'present']
 ['19' '68.10978205048778' 'present']
 ['12' '69.60078688790179' 'present']
 ['17' '70.61683680510036' 'present']
 ['12' '74.6032693723949' 'present']
 ['21' '91.66604463634201' 'present']
 ['18' '113.2394554901742' 'present']
 ['18' '157.36873838790777' 'present']
 ['21' '163.51853936391032' 'marauded']
 ['17' '171.6914717862481' 'present']
 ['17' '171.7377680825444' 'marauded']
 ['12' '172.40248040937522' 'presentdestroyed']
 ['14' '182.65371247869146' 'present']
 ['19' '191.40860311540277' 'present']
 ['0' '196.3347855234405' 'present']
 ['21' '198.41128486602253' 'present']
 ['14' '236.52223414283452' 'present']
 ['19' '238.10972644684102' 'present']
 ['14' '252.08306180063926' 'present']
 ['14' '261.6935662129736' 'present']
 ['17' '276.55874288754495' 'marauded']
 ['17' '295.7176993000715' 'present']
 ['21' '303.4435955939359' 'marauded']
 ['0' '313.8163124191345' 'present']
 ['18' '344.1894849776746' 'present']
 ['12' '360.00740324339364' 'present']]","[['F14' '90.2301686657815' 'mated']
 ['F185' '116.4191314663569' 'mated']
 ['F69' '127.32115111642744' 'mated']
 ['F50' '137.94580518958418' 'mated']
 ['F103' '141.1259834605597' 'mated']
 ['F46' '149.18146914876806' 'mated']
 ['F123' '158.85395912893654' 'mated']
 ['F12' '161.4663925056997' 'mated']
 ['F70' '177.56831850242892' 'destroyed']
 ['F22' '188.3445910690159' 'mated']
 ['F125' '200.5290754874465' 'mated']
 ['F115' '221.60820279087613' 'mated']
 ['F211' '231.10099450804668' 'absent']
 ['F208' '244.86375209992076' 'mated']
 ['F36' '254.65314132822198' 'mated']
 ['F18' '263.44413476281125' 'absent']
 ['F141' '266.78890167323084' 'mated']
 ['F79' '278.20251579913844' 'destroyed']
 ['F80' '284.0791461339387' 'destroyed']
 ['F27' '294.6818676494082' 'absent']]",573.0,67.83649795257162,13.241467604227063,1528.0,261.7635775907975,56.16909117512531,185.0,30.5560207513774,6.506205597519473,0.0,0.0,0.0,0.0,0.0,0.0
2,0.0,7,359.9149813306095,"[['12' '10.531716037872238' 'marauded']
 ['0' '12.644478641236665' 'presentdestroyed']
 ['12' '23.012205410486185' 'present']
 ['21' '33.30581574606756' 'present']
 ['14' '65.10250530258996' 'present']
 ['21' '79.94303140366686' 'marauded']
 ['21' '87.34412335583406' 'presentdestroyed']
 ['19' '97.08727943507337' 'present']
 ['21' '100.35367494423446' 'present']
 ['12' '125.39735277665673' 'present']
 ['12' '134.2377875566708' 'marauded']
 ['0' '152.5878658946246' 'present']
 ['21' '189.7131026587084' 'present']
 ['17' '191.6424342608866' 'marauded']
 ['17' '192.29852829212055' 'presentdestroyed']
 ['21' '193.88090833047514' 'destroyed']
 ['18' '194.52937146394504' 'presentdestroyed']
 ['18' '222.05079797221816' 'marauded']
 ['0' '225.41040701546194' 'presentdestroyed']
 ['12' '241.94652636972793' 'present']
 ['14' '267.0266990801015' 'present']
 ['14' '279.3568122674913' 'present']
 ['17' '284.4734402249244' 'present']
 ['21' '312.5045793277917' 'present']
 ['0' '314.57470470816145' 'present']
 ['12' '326.65820148889503' 'present']
 ['14' '341.53038276758116' 'present']
 ['18' '342.35106489054823' 'present']]","[['F90' '47.19285470888728' 'mated']
 ['F201' '102.03932869509009' 'mated']
 ['F175' '107.91977706523414' 'mated']
 ['F122' '109.86586044524003' 'mated']
 ['F2' '132.2107292177164' 'mated']
 ['F13' '159.1335627906009' 'mated']
 ['F3' '198.4647718885538' 'destroyed']
 ['F72' '341.0609669231719' 'mated']]",553.0,70.7439642596321,14.607770910355596,1491.0,258.5753162690641,55.813017336661694,184.0,30.685442336562716,6.730027725823678,0.0,0.0,0.0,0.0,0.0,0.0
3,0.0,9,360.69229464957397,"[['18' '14.839304630413626' 'present']
 ['21' '17.655863548999985' 'present']
 ['19' '18.02004106752382' 'present']
 ['19' '23.503988211745206' 'present']
 ['0' '49.789119787574336' 'present']
 ['19' '51.26259305726551' 'present']
 ['21' '70.88099177949228' 'present']
 ['21' '85.62811756870057' 'present']
 ['0' '104.79168460038765' 'present']
 ['19' '113.21744238701037' 'present']
 ['19' '123.55913179465554' 'present']
 ['17' '189.96062061604894' 'present']
 ['0' '190.16957536827056' 'present']
 ['14' '212.9701328433788' 'present']
 ['18' '220.02688971916754' 'present']
 ['14' '231.95763038506152' 'present']
 ['17' '232.00253826807298' 'present']
 ['0' '239.4103420342355' 'present']
 ['17' '248.8547560427438' 'present']
 ['12' '255.25251046703724' 'present']
 ['21' '257.6367770375757' 'marauded']
 ['21' '260.8956813382612' 'presentdestroyed']
 ['14' '263.30770923497624' 'presentdestroyed']
 ['14' '269.90619394207624' 'present']
 ['19' '275.5827964208433' 'present']
 ['21' '282.4033189304998' 'present']
 ['19' '284.14961080024955' 'present']
 ['0' '284.4304740140294' 'marauded']
 ['18' '290.3686633222979' 'presentdestroyed']
 ['17' '301.81346366798175' 'present']
 ['18' '305.0016612956234' 'present']
 ['19' '306.1247382000425' 'present']
 ['0' '309.46436780046173' 'present']
 ['0' '317.861380823121' 'present']
 ['18' '358.673257273477' 'present']]","[['F185' '116.39598331820875' 'absent']
 ['F213' '122.46160781628492' 'mated']
 ['F55' '130.9834112256604' 'mated']
 ['F198' '168.97132207686997' 'mated']
 ['F186' '169.47098918423595' 'mated']
 ['F170' '182.24014100042484' 'mated']
 ['F93' '183.71301703737655' 'mated']
 ['F86' '190.71024047513282' 'mated']
 ['F37' '229.958736659756' 'mated']
 ['F51' '248.86859873416117' 'mated']]",567.0,72.64036847914417,15.210465107077463,1628.0,274.9045481044573,58.97798508350388,72.0,12.541462182958961,2.6729572100185623,0.0,0.0,0.0,0.0,0.0,0.0
4,0.0,11,360.25080850294324,"[['21' '6.804800447046072' 'present']
 ['17' '10.545187297534742' 'present']
 ['12' '12.61041353136671' 'marauded']
 ['14' '20.437239197086388' 'present']
 ['19' '25.602529417095134' 'present']
 ['0' '30.32908459868849' 'present']
 ['0' '31.893255588763854' 'present']
 ['0' '37.215973840418265' 'present']
 ['12' '40.57494953250736' 'present']
 ['14' '42.133393400943305' 'present']
 ['0' '47.95359554643617' 'marauded']
 ['17' '50.59483872706039' 'presentdestroyed']
 ['19' '79.0598209643337' 'present']
 ['0' '79.10092273353528' 'present']
 ['0' '104.83798089668396' 'marauded']
 ['21' '117.0958618080335' 'present']
 ['21' '138.39938243203582' 'present']
 ['0' '156.31860217862757' 'present']
 ['19' '156.9681624236917' 'present']
 ['0' '161.90487442832855' 'marauded']
 ['21' '213.69872386328854' 'present']
 ['12' '218.81331121775082' 'marauded']
 ['19' '219.56773369461635' 'presentdestroyed']
 ['12' '227.04016356187174' 'present']
 ['19' '238.28075358748268' 'present']
 ['14' '249.74725721080424' 'present']
 ['17' '258.4669466482791' 'present']
 ['18' '263.92107460548584' 'present']
 ['19' '281.9831654629121' 'present']
 ['14' '286.71994894686316' 'present']
 ['18' '293.15662038818533' 'present']
 ['21' '299.8638480103915' 'present']
 ['19' '303.1273287909992' 'present']
 ['12' '307.31551351563854' 'present']
 ['0' '327.5813503012794' 'present']
 ['14' '329.2039934924733' 'marauded']
 ['19' '332.45331758658364' 'destroyed']
 ['19' '337.8021219417416' 'present']]","[['F144' '98.46475976207259' 'mated']
 ['F173' '144.77751629927553' 'mated']
 ['F176' '158.19044626663504' 'mated']
 ['F153' '172.7764809177818' 'mated']
 ['F130' '185.24725771114996' 'mated']
 ['F44' '193.94736147360103' 'mated']
 ['F115' '221.58505464272798' 'destroyed']
 ['F57' '243.98773031196475' 'mated']
 ['F0' '275.74824943608473' 'mated']
 ['F79' '278.2256639472866' 'mated']
 ['F127' '304.27893779157944' 'mated']
 ['F40' '316.0526943935582' 'mated']]",561.0,72.4577321458883,15.57059031451569,1466.0,251.2588387029342,54.78747737806634,207.0,36.37716147822248,7.847097382440102,0.0,0.0,0.0,0.0,0.0,0.0
5,0.0,7,359.90494742399335,"[['0' '4.140749433523378' 'present']
 ['12' '4.4016338647042' 'present']
 ['0' '5.249456464444068' 'present']
 ['21' '21.142164616014583' 'marauded']
 ['21' '54.66056318940817' 'present']
 ['19' '62.130306507931586' 'present']
 ['21' '93.1301923312219' 'present']
 ['19' '95.54210860453226' 'present']
 ['14' '101.01615155560668' 'present']
 ['14' '104.3816070732932' 'present']
 ['18' '131.26469863782543' 'marauded']
 ['12' '138.54992104562902' 'presentdestroyed']
 ['18' '143.80557795594322' 'marauded']
 ['14' '149.11775816350476' 'destroyed']
 ['18' '158.06563289730983' 'present']
 ['17' '159.98686602966808' 'present']
 ['0' '165.38646644361634' 'present']
 ['0' '191.6430270226282' 'marauded']
 ['19' '204.96602116886834' 'present']
 ['18' '213.80429517849132' 'marauded']
 ['0' '227.81389176273646' 'marauded']
 ['19' '233.0554212164623' 'destroyed']
 ['18' '245.96267977570616' 'present']
 ['0' '247.93183525345498' 'present']
 ['14' '274.18984108061807' 'marauded']
 ['14' '278.5435434438136' 'presentdestroyed']
 ['18' '285.2690392471493' 'present']
 ['19' '321.17673817184414' 'present']
 ['12' '338.63328375104317' 'present']
 ['17' '345.2125141621871' 'present']
 ['19' '359.44888738642265' 'marauded']]","[['F11' '93.97788738839432' 'mated']
 ['F39' '99.58413914116984' 'mated']
 ['F66' '121.48315624657445' 'mated']
 ['F49' '164.9675440880529' 'mated']
 ['F31' '181.9541679259574' 'absent']
 ['F94' '182.7054388723003' 'mated']
 ['F117' '190.04922197419396' 'mated']
 ['F45' '195.13374951231003' 'destroyed']
 ['F65' '229.90542702183933' 'destroyed']
 ['F181' '248.4140356070783' 'mated']
 ['F165' '254.15372563088903' 'absent']
 ['F10' '295.253116649536' 'absent']]",569.0,67.71913787668285,13.23837257016143,1480.0,249.27039453494493,52.65839851512176,257.0,43.07860344609117,8.955409421839512,0.0,0.0,0.0,0.0,0.0,0.0
6,0.0,12,360.4021598293011,"[['17' '3.711298580636092' 'present']
 ['18' '19.607177971480358' 'present']
 ['12' '23.871349422582664' 'present']
 ['12' '25.201172911054368' 'present']
 ['18' '43.06789257809842' 'present']
 ['14' '61.043622715587205' 'present']
 ['12' '67.50747066777836' 'marauded']
 ['21' '80.09589949950727' 'present']
 ['21' '91.4734520437494' 'marauded']
 ['14' '111.79994281787387' 'present']
 ['14' '173.3027205817735' 'present']
 ['14' '181.65909943674626' 'present']
 ['18' '197.65262980739837' 'marauded']
 ['18' '224.71513079833016' 'present']
 ['18' '224.9144696502787' 'marauded']
 ['12' '236.6897661789928' 'present']
 ['0' '238.82028042933268' 'present']
 ['14' '247.89908936708102' 'present']
 ['19' '250.4861119602679' 'present']
 ['0' '261.99994324556894' 'marauded']
 ['17' '270.40429132621443' 'present']
 ['0' '298.0287622421186' 'present']
 ['18' '306.4840054516024' 'marauded']
 ['12' '322.079353360059' 'present']]","[['F107' '14.812306116159615' 'mated']
 ['F82' '18.334189294271564' 'mated']
 ['F52' '21.421273588209598' 'absent']
 ['F171' '92.36342376201105' 'destroyed']
 ['F71' '115.18397770180046' 'mated']
 ['F164' '121.3083264282319' 'mated']
 ['F17' '135.9942834650595' 'mated']
 ['F200' '136.92978269059662' 'mated']
 ['F109' '161.03249538598374' 'mated']
 ['F182' '171.03388491063092' 'absent']
 ['F70' '177.54517035428077' 'absent']
 ['F187' '179.47368931901346' 'mated']
 ['F9' '186.3197819502626' 'absent']
 ['F214' '193.9890986038824' 'mated']
 ['F3' '198.4184755922575' 'destroyed']
 ['F47' '245.10008810147883' 'mated']
 ['F180' '248.80282032818354' 'mated']
 ['F192' '280.6988985631915' 'mated']]",570.0,71.66291126578835,14.82277183524365,1492.0,251.77288412289903,53.743273400506,211.0,36.69726172399129,7.902180270442177,0.0,0.0,0.0,0.0,0.0,0.0
7,0.0,12,360.2631207382577,"[['14' '33.48494497465579' 'present']
 ['19' '44.847269567433244' 'marauded']
 ['21' '59.011307049576125' 'present']
 ['14' '61.801518230055684' 'present']
 ['17' '68.87780504811602' 'present']
 ['19' '83.48629106179104' 'present']
 ['19' '122.22708402439864' 'present']
 ['18' '126.07675323934014' 'present']
 ['19' '130.62047734400446' 'present']
 ['0' '151.7830150475403' 'present']
 ['12' '170.9066633611582' 'present']
 ['19' '193.59756718011994' 'marauded']
 ['19' '207.0833344189034' 'present']
 ['21' '231.8382055870844' 'present']
 ['12' '243.94489638207835' 'marauded']
 ['18' '247.74412891635487' 'destroyed']
 ['0' '252.20472624615556' 'present']
 ['0' '255.98056430391858' 'present']
 ['0' '261.58999763033535' 'marauded']
 ['19' '292.6110684212172' 'present']
 ['12' '304.23258478640764' 'present']
 ['14' '319.7132449601446' 'present']]","[['F81' '33.929320542969286' 'mated']
 ['F24' '88.44286572151206' 'mated']
 ['F132' '164.31991152662272' 'mated']
 ['F128' '171.50033035584778' 'absent']
 ['F70' '177.59146665057708' 'mated']
 ['F98' '180.9826102764364' 'mated']
 ['F113' '184.28924521948457' 'mated']
 ['F61' '193.16437554962855' 'mated']
 ['F210' '211.74722820302543' 'mated']
 ['F88' '212.44854233460143' 'mated']
 ['F206' '215.4784668274309' 'mated']
 ['F181' '248.39088745893014' 'absentdestroyed']
 ['F118' '270.1099796432319' 'mated']
 ['F99' '308.46557918300186' 'mated']]",564.0,73.712924145359,15.651327754089662,1520.0,262.3178485064084,57.50754017399344,148.0,24.141477494695767,4.843318591925715,0.0,0.0,0.0,0.0,0.0,0.0
8,0.0,10,360.1974391608715,"[['21' '27.044736204378392' 'present']
 ['19' '27.99147727046653' 'present']
 ['19' '40.531533298256186' 'present']
 ['14' '54.64863016055706' 'marauded']
 ['19' '64.54652819582334' 'present']
 ['17' '70.57054050880406' 'present']
 ['0' '82.67399609953618' 'marauded']
 ['18' '108.11029900253078' 'present']
 ['12' '108.26962648485876' 'present']
 ['14' '128.00572143420803' 'present']
 ['18' '153.9158463276687' 'present']
 ['0' '169.16104661566177' 'present']
 ['19' '173.8351475946332' 'present']
 ['21' '233.83349041221456' 'present']
 ['21' '253.8737304842193' 'present']
 ['19' '262.2009910702278' 'present']
 ['14' '267.96917524107465' 'present']
 ['0' '288.32464027928916' 'present']
 ['21' '314.43437641576315' 'present']
 ['12' '320.24182182686434' 'present']
 ['21' '335.511488978132' 'present']
 ['17' '352.6313904119473' 'present']
 ['12' '358.66695677682566' 'present']]","[['F64' '117.51659338245332' 'mated']
 ['F161' '125.2237325695747' 'absent']
 ['F108' '140.85409738485205' 'mated']
 ['F160' '156.46447846273892' 'absent']
 ['F150' '164.11996842013167' 'mated']
 ['F172' '210.89368306901108' 'mated']
 ['F60' '220.76602805320732' 'mated']
 ['F101' '254.0755354513496' 'mated']
 ['F18' '263.49043105910755' 'mated']
 ['F4' '278.0190003232397' 'mated']
 ['F136' '295.888200579931' 'mated']
 ['F120' '354.52664175539695' 'mated']]",554.0,70.15445795451608,14.834650654435265,1639.0,277.758377045396,59.23484966161793,71.0,12.106101485549607,2.6574186975352134,0.0,0.0,0.0,0.0,0.0,0.0
9,0.0,3,360.36282750723115,"[['0' '1.772812660513866' 'present']
 ['14' '1.9604482287928902' 'present']
 ['19' '20.379341123722202' 'present']
 ['19' '24.152934768616703' 'present']
 ['18' '49.64649929409492' 'marauded']
 ['14' '88.28514903847257' 'present']
 ['18' '90.99105456400507' 'present']
 ['21' '122.71334737975181' 'present']
 ['19' '132.33534007879476' 'present']
 ['17' '175.37340914837253' 'present']
 ['21' '195.4553241795056' 'marauded']
 ['19' '197.95744426259586' 'presentdestroyed']
 ['18' '219.98059342287124' 'present']
 ['12' '224.30344000886444' 'present']
 ['17' '227.05814928821243' 'marauded']
 ['0' '287.92092491462614' 'present']
 ['12' '314.3071278150844' 'present']
 ['19' '334.07134605381293' 'marauded']
 ['0' '340.996217174696' 'presentdestroyed']
 ['0' '345.48279196587595' 'present']]","[['F8' '113.41521566616733' 'mated']
 ['F21' '120.4236447364133' 'mated']
 ['F176' '158.16729811848688' 'absent']
 ['F28' '196.7437453881101' 'destroyed']
 ['F156' '346.44864071417146' 'mated']]",561.0,70.02459346099054,14.101509923649632,1593.0,265.58773697101896,56.67929269922437,142.0,24.44443070811879,5.318199856487355,0.0,0.0,0.0,0.0,0.0,0.0
10,0.0,7,360.2359577672813,"[['0' '17.854832744270137' 'marauded']
 ['18' '19.02324115107729' 'presentdestroyed']
 ['12' '19.126150560214274' 'presentdestroyed']
 ['19' '19.46063526442324' 'presentdestroyed']
 ['19' '24.106638472320405' 'presentdestroyed']
 ['12' '100.34516568583118' 'present']
 ['0' '107.03590590609987' 'present']
 ['12' '129.70685046262722' 'marauded']
 ['19' '135.67469417159538' 'presentdestroyed']
 ['17' '162.9755193988533' 'marauded']
 ['18' '166.26132737309229' 'presentdestroyed']
 ['18' '168.16608857673702' 'destroyed']
 ['18' '178.67125022300007' 'present']
 ['21' '208.08326930657591' 'present']
 ['21' '234.18030368308868' 'marauded']
 ['17' '252.8389514522561' 'present']
 ['0' '268.20119972688536' 'present']
 ['21' '268.80811563714326' 'marauded']
 ['19' '277.69019890926387' 'present']
 ['18' '297.0784395362519' 'present']
 ['14' '312.57091371083783' 'present']
 ['19' '318.5437665202106' 'present']
 ['0' '346.12179668032655' 'present']
 ['14' '358.8702450434833' 'present']]","[['F52' '21.444421736357747' 'destroyed']
 ['F215' '94.29238548356743' 'mated']
 ['F177' '131.87259841522282' 'destroyed']
 ['F32' '179.92167126893347' 'absent']
 ['F112' '183.93865833232212' 'mated']
 ['F9' '186.3660782465589' 'absent']
 ['F41' '191.38340980346487' 'mated']
 ['F152' '192.2157639892467' 'mated']
 ['F15' '193.11037252782953' 'absent']
 ['F104' '247.18999894661516' 'mated']
 ['F118' '270.0636833469356' 'destroyed']
 ['F10' '295.2762647976842' 'mated']
 ['F193' '325.5491849771115' 'mated']]",556.0,74.19747913460333,17.30102439223094,1500.0,255.4397408140125,55.283599652971574,172.0,30.363255862847875,6.6571762340357115,0.0,0.0,0.0,0.0,0.0,0.0
11,0.0,5,360.2797498856215,"[['12' '30.388085877337023' 'marauded']
 ['18' '42.00696746923814' 'present']
 ['18' '47.36846712672338' 'present']
 ['17' '47.72128537151357' 'present']
 ['17' '52.69131336321228' 'present']
 ['12' '55.338194445550286' 'present']
 ['21' '75.43818890394938' 'present']
 ['21' '118.2033439114453' 'present']
 ['14' '127.60658994674917' 'present']
 ['21' '137.24011213985347' 'present']
 ['12' '140.08588255406463' 'present']
 ['18' '141.46373650715125' 'present']
 ['14' '147.81340793764417' 'present']
 ['19' '149.39049377110166' 'present']
 ['19' '160.48541038196558' 'present']
 ['18' '163.25840643626762' 'present']
 ['14' '166.68506736835582' 'present']
 ['18' '179.37502208937' 'marauded']
 ['19' '213.46684806560458' 'marauded']
 ['17' '219.55954545417188' 'destroyed']
 ['0' '225.45670331175825' 'present']
 ['14' '231.20472080935335' 'present']
 ['17' '240.58318205950562' 'present']
 ['18' '259.21256164777037' 'present']
 ['14' '286.26314910449304' 'present']
 ['18' '293.110324091889' 'present']
 ['21' '339.75392944027493' 'present']
 ['19' '349.1190847909304' 'present']]","[['F26' '42.160173648819395' 'mated']
 ['F62' '127.27788633277922' 'mated']
 ['F87' '132.56189113643507' 'mated']
 ['F104' '247.166850798467' 'absent']
 ['F18' '263.4672829109594' 'absent']
 ['F118' '270.08683149508374' 'absent']
 ['F95' '279.7785405419258' 'mated']
 ['F136' '295.86505243178283' 'absent']
 ['F149' '351.1537475156801' 'mated']]",557.0,71.75762836332132,15.669495087053935,1597.0,270.0424492150013,57.98737096448401,118.0,18.20645865592717,3.5990801113860083,0.0,0.0,0.0,0.0,0.0,0.0
12,0.054,9,360.21159271520554,"[['0' '37.169677544121974' 'present']
 ['14' '61.378074583407326' 'present']
 ['17' '65.86732144028552' 'present']
 ['21' '68.41456535073381' 'present']
 ['19' '76.14510580502942' 'present']
 ['17' '80.06998723384515' 'marauded']
 ['18' '87.70504093790692' 'marauded']
 ['18' '89.35064953520704' 'presentdestroyed']
 ['14' '92.33088863190945' 'presentdestroyed']
 ['14' '93.89365242216302' 'presentdestroyed']
 ['0' '143.05308031332015' 'present']
 ['0' '144.15138777705204' 'present']
 ['19' '178.76947444042995' 'present']
 ['19' '180.82183137145879' 'marauded']
 ['18' '187.76664497934738' 'presentdestroyed']
 ['17' '199.9092654375278' 'marauded']
 ['14' '213.0627254359714' 'present']
 ['21' '241.61498965178637' 'present']
 ['14' '246.41072810583304' 'marauded']
 ['19' '249.299817504609' 'presentdestroyed']
 ['0' '306.8978750342803' 'present']
 ['0' '309.51066409675803' 'present']
 ['18' '310.6529121299633' 'present']
 ['19' '313.77629597908077' 'present']
 ['21' '318.5719759370797' 'present']
 ['17' '325.13238917805336' 'present']
 ['21' '327.6816316469005' 'marauded']
 ['19' '333.6126690161795' 'presentdestroyed']
 ['21' '341.6873767427736' 'marauded']]","[['F196' '3.757480738279664' 'absent']
 ['F24' '88.41971757336391' 'destroyed']
 ['F30' '146.02225878667653' 'mated']
 ['F106' '148.09488634400918' 'mated']
 ['F35' '149.35875444308223' 'mated']
 ['F176' '158.14414997033873' 'absent']
 ['F53' '163.1368598230938' 'mated']
 ['F182' '170.96444046618646' 'absent']
 ['F23' '173.98905496437214' 'mated']
 ['F157' '177.32135743538322' 'mated']
 ['F34' '241.075652747644' 'absent']
 ['F129' '275.05345327998043' 'mated']
 ['F4' '277.99585217509156' 'absent']
 ['F166' '287.7734393452506' 'mated']
 ['F91' '313.8013029569863' 'mated']]",553.0,71.04439474649452,14.470512126550682,1469.0,240.5175874080922,49.90317983295455,261.0,42.74079145917632,9.297543679306635,17.0,1.7000000000000004,0.1700000000000001,87.0,4.027777777777777,0.1864711934156376
13,0.0,6,360.4951020279674,"[['19' '35.93445695109074' 'present']
 ['19' '58.203786270484876' 'present']
 ['21' '68.46086164703011' 'marauded']
 ['12' '97.77901801467675' 'present']
 ['17' '108.15239278828864' 'present']
 ['17' '130.86801342776192' 'present']
 ['21' '141.58212230857288' 'marauded']
 ['19' '146.37101139425022' 'presentdestroyed']
 ['14' '149.44849411372692' 'present']
 ['0' '154.40920055218643' 'present']
 ['18' '168.32484247877773' 'present']
 ['21' '169.2852393455396' 'present']
 ['21' '171.77758032037465' 'present']
 ['21' '172.76833373228146' 'present']
 ['18' '190.83903430269822' 'present']
 ['14' '229.25012292335938' 'present']
 ['21' '231.36683253893352' 'present']
 ['14' '235.52340308413798' 'present']
 ['17' '245.68782660637822' 'present']
 ['18' '252.97478257899078' 'present']
 ['0' '269.6720849692711' 'present']
 ['19' '277.0858909939888' 'present']
 ['12' '281.6423475823601' 'marauded']
 ['14' '292.3631903384514' 'present']
 ['14' '293.8426590164133' 'present']
 ['18' '300.246916736836' 'present']
 ['12' '304.33657031606805' 'present']
 ['12' '305.8674665950944' 'present']
 ['18' '317.79634531542183' 'present']
 ['0' '321.51899262629615' 'present']]","[['F196' '3.780628886427812' 'mated']
 ['F212' '40.632629313741624' 'mated']
 ['F75' '63.870850280576256' 'mated']
 ['F162' '103.19483917274235' 'absent']
 ['F177' '131.89574656337098' 'mated']
 ['F92' '152.18164709045035' 'mated']
 ['F94' '182.68229072415215' 'absent']
 ['F211' '231.12414265619483' 'mated']
 ['F181' '248.36773931078199' 'absent']
 ['F80' '284.05599798579055' 'destroyed']
 ['F166' '287.75029119710246' 'destroyed']]",559.0,69.64282882676238,14.455762215439613,1605.0,272.1846071388848,59.446063660505,107.0,18.30564284828471,3.958055673026762,0.0,0.0,0.0,0.0,0.0,0.0
14,0.054,14,359.975525152755,"[['18' '2.588883641353734' 'marauded']
 ['12' '3.77928855162548' 'presentdestroyed']
 ['12' '11.208415977644018' 'present']
 ['17' '22.343436152427056' 'marauded']
 ['0' '25.97113095095271' 'presentdestroyed']
 ['19' '26.400542147349043' 'destroyed']
 ['19' '29.117794469344265' 'destroyed']
 ['21' '29.503028928799235' 'presentdestroyed']
 ['12' '33.915636403443145' 'present']
 ['21' '42.3663244534969' 'marauded']
 ['19' '47.09803051869619' 'destroyed']
 ['18' '49.92340793986159' 'presentdestroyed']
 ['19' '67.96348575419148' 'marauded']
 ['19' '77.85429229487181' 'marauded']
 ['0' '91.71066859912708' 'present']
 ['19' '122.50915925163201' 'present']
 ['18' '154.41789645808632' 'marauded']
 ['17' '154.50638186881548' 'destroyed']
 ['17' '156.43195194179626' 'presentdestroyed']
 ['21' '188.8005715274504' 'present']
 ['12' '196.73242061197445' 'present']
 ['17' '207.03631011152746' 'present']
 ['17' '229.7701403860306' 'present']
 ['12' '230.41813983913113' 'present']
 ['19' '292.16684581535975' 'present']
 ['17' '294.0179640844328' 'marauded']
 ['12' '298.9612245896965' 'destroyed']
 ['21' '328.6930866693957' 'present']
 ['19' '329.32501233078847' 'marauded']
 ['12' '337.2298605830907' 'present']
 ['0' '341.68715729475815' 'present']
 ['18' '343.81941745033157' 'present']]","[['F26' '42.13702550067125' 'absent']
 ['F90' '47.16970656073914' 'absentdestroyed']
 ['F139' '55.272234994995536' 'mated']
 ['F38' '93.2638957895446' 'mated']
 ['F167' '99.90588806343676' 'mated']
 ['F178' '124.59205499482293' 'mated']
 ['F151' '125.78891565585573' 'mated']
 ['F58' '144.82684806080113' 'mated']
 ['F97' '150.46508794150478' 'absent']
 ['F146' '150.80275916495822' 'mated']
 ['F116' '170.1192781093952' 'mated']
 ['F207' '187.11460264683606' 'mated']
 ['F41' '191.33711350716857' 'absent']
 ['F183' '220.78783587894202' 'mated']
 ['F158' '274.72385864582293' 'mated']
 ['F4' '277.94955587879525' 'absent']
 ['F197' '289.07529097457393' 'mated']
 ['F105' '290.9872409584301' 'mated']
 ['F25' '316.0461451415425' 'mated']]",574.0,69.91128088454619,13.945634095741047,1393.0,235.87429950433489,50.50466248432982,295.0,48.988924697813836,9.932220417178545,12.0,1.2,0.12000000000000005,89.0,4.12037037037037,0.19075788751714648
15,0.0,13,360.0232698747476,"[['21' '3.5021892815715945' 'present']
 ['14' '16.21205722817956' 'present']
 ['21' '20.413917113473616' 'marauded']
 ['18' '84.98117435994898' 'present']
 ['12' '114.2905264693944' 'present']
 ['14' '119.9238178029156' 'present']
 ['19' '121.14845347788268' 'present']
 ['12' '146.41837478014946' 'present']
 ['19' '148.66773368233146' 'present']
 ['17' '167.13887252420324' 'present']
 ['19' '178.2905619664303' 'marauded']
 ['14' '192.25960195596957' 'marauded']
 ['0' '195.0856232295821' 'presentdestroyed']
 ['12' '199.02608995990025' 'destroyed']
 ['19' '201.11767320669654' 'present']
 ['14' '224.62478034696252' 'present']
 ['18' '233.31997096888887' 'present']
 ['14' '308.47374105569247' 'present']
 ['21' '340.3866940648624' 'present']
 ['12' '341.70631398681' 'marauded']
 ['12' '349.72440592690447' 'marauded']]","[['F100' '38.41398289653729' 'mated']
 ['F131' '67.74279578123529' 'mated']
 ['F74' '73.21712225786094' 'mated']
 ['F179' '113.0728803689949' 'mated']
 ['F202' '139.262740855503' 'mated']
 ['F97' '150.51138423780108' 'mated']
 ['F9' '186.38922639470707' 'mated']
 ['F119' '199.1189964418515' 'destroyed']
 ['F89' '203.14887669807476' 'mated']
 ['F68' '204.66656811964847' 'mated']
 ['F199' '208.01044663952754' 'mated']
 ['F190' '240.41951911497546' 'mated']
 ['F80' '284.10229428208686' 'mated']
 ['F83' '290.5486697426159' 'mated']
 ['F72' '340.9683743305793' 'absent']]",555.0,70.3946249391616,14.544315564228306,1559.0,259.2195373461704,55.591601826196836,175.0,30.598381474647663,6.619052220072088,0.0,0.0,0.0,0.0,0.0,0.0
16,0.0,5,360.05384207692606,"[['14' '11.058290941652471' 'marauded']
 ['18' '52.702670650539176' 'present']
 ['18' '68.23087962267135' 'present']
 ['18' '68.84528724497441' 'present']
 ['19' '71.22599770217494' 'present']
 ['14' '76.02929400254408' 'present']
 ['12' '78.54943045950478' 'present']
 ['14' '109.46354218673825' 'marauded']
 ['21' '114.80222179615271' 'presentdestroyed']
 ['14' '127.25604121941973' 'marauded']
 ['12' '143.361870688443' 'present']
 ['0' '166.23583913392943' 'marauded']
 ['18' '175.339543897404' 'present']
 ['17' '178.00694273746396' 'present']
 ['18' '185.8208625421099' 'present']
 ['0' '189.72126125085506' 'present']
 ['19' '201.9842565432736' 'present']
 ['0' '205.61539450179453' 'marauded']
 ['17' '216.94935635392895' 'present']
 ['18' '221.20084809202763' 'present']
 ['0' '261.8577394614468' 'present']
 ['12' '266.59547198598574' 'present']
 ['12' '297.3860403281963' 'marauded']
 ['19' '310.6491970368451' 'present']
 ['18' '312.329880067365' 'present']]","[['F204' '106.93693128550655' 'mated']
 ['F161' '125.24688071772285' 'mated']
 ['F69' '127.29800296827929' 'absentdestroyed']
 ['F124' '159.76847928218817' 'mated']
 ['F182' '171.01073676248276' 'absentdestroyed']
 ['F128' '171.47718220769963' 'absentdestroyed']
 ['F147' '234.46253123980097' 'mated']
 ['F33' '236.63353326150144' 'mated']]",560.0,71.72570185929105,15.003199701841746,1460.0,251.55841884241414,54.721730221311205,225.0,36.76881202967124,7.8033624186975405,0.0,0.0,0.0,0.0,0.0,0.0
17,0.054,12,360.633851819799,"[['18' '16.08067763717325' 'present']
 ['19' '21.30804421939996' 'present']
 ['19' '21.8349078763539' 'present']
 ['0' '23.137003593303284' 'marauded']
 ['14' '34.46066467094234' 'marauded']
 ['21' '39.729304389320625' 'presentdestroyed']
 ['18' '57.99786575686731' 'present']
 ['12' '68.12996470599614' 'present']
 ['14' '76.88614470473149' 'present']
 ['14' '91.1988500602653' 'present']
 ['21' '121.50342221187289' 'marauded']
 ['12' '123.0013695914729' 'presentdestroyed']
 ['19' '128.9648176745003' 'present']
 ['18' '131.5896427999873' 'present']
 ['14' '132.22531792227858' 'marauded']
 ['14' '137.69270255457687' 'destroyed']
 ['18' '138.99559610614503' 'destroyed']
 ['0' '152.5415695983283' 'present']
 ['0' '162.4597364746787' 'present']
 ['0' '165.06167933236168' 'present']
 ['0' '171.49121963386594' 'present']
 ['19' '172.08624398781237' 'present']
 ['14' '179.82764154857057' 'marauded']
 ['0' '181.79772423438126' 'presentdestroyed']
 ['14' '233.0721340085526' 'present']
 ['19' '249.85175580655465' 'present']
 ['19' '252.19004009704744' 'present']
 ['19' '295.9357564291803' 'present']
 ['21' '313.0636271505632' 'marauded']]","[['F171' '92.3865719101592' 'mated']
 ['F188' '99.21691160913728' 'mated']
 ['F66' '121.4600080984263' 'absent']
 ['F189' '123.46015703031904' 'destroyed']
 ['F87' '132.5387429882869' 'destroyed']
 ['F59' '159.16885794284318' 'mated']
 ['F134' '168.71939179351781' 'mated']
 ['F128' '171.52347850399593' 'mated']
 ['F137' '172.66195230466175' 'mated']
 ['F207' '187.0914544986879' '']
 ['F41' '191.36026165531672' 'absent']
 ['F143' '192.1009679018314' 'absent']
 ['F138' '194.61733255042594' 'mated']
 ['F145' '200.24934385281458' 'mated']
 ['F148' '225.60477944819053' 'mated']
 ['F65' '229.95172331813563' 'mated']
 ['F7' '248.54768524283875' 'absent']
 ['F154' '262.4685251777326' 'mated']
 ['F140' '329.3013697502231' 'mated']]",570.0,69.4761225302873,13.290038668162637,1454.0,248.91156531411337,53.45009829733789,212.0,36.50164861387766,8.03770723269158,15.0,1.5000000000000002,0.15000000000000008,85.0,3.9351851851851842,0.1821844993141287
18,0.054,7,360.00599155596404,"[['17' '15.468292170645668' 'present']
 ['19' '21.261747923103663' 'present']
 ['0' '21.352592072754714' 'present']
 ['17' '31.531453860607147' 'marauded']
 ['0' '37.51650130018138' 'destroyed']
 ['17' '54.4259457827676' 'present']
 ['19' '65.10029942943875' 'present']
 ['21' '91.6197483400457' 'present']
 ['12' '96.47356526692799' 'marauded']
 ['0' '107.60637722410723' 'present']
 ['14' '111.75364652157756' 'present']
 ['17' '128.88829398158245' 'present']
 ['21' '164.6125376147927' 'present']
 ['21' '170.35470114098857' 'present']
 ['17' '174.29988403535793' 'present']
 ['21' '197.93902369535246' 'present']
 ['19' '202.4432938742727' 'marauded']
 ['12' '220.13218518947906' 'present']
 ['19' '233.45792728369028' 'marauded']
 ['0' '241.27968081674405' 'destroyed']
 ['21' '248.76109989879976' 'present']
 ['12' '258.8453346302996' 'present']
 ['14' '263.9610262837745' 'present']
 ['0' '271.7135483133771' 'present']
 ['19' '281.9368691666158' 'present']
 ['17' '290.15925002819495' 'present']
 ['21' '291.3072929320577' 'present']
 ['0' '297.4937470242334' 'present']
 ['19' '299.8503493654363' 'present']
 ['0' '325.4510595518626' 'present']]","[['F52' '21.467569884505895' 'mated']
 ['F100' '38.390834748389146' 'destroyed']
 ['F19' '102.32665694874076' 'destroyed']
 ['F67' '113.42190916496176' 'mated']
 ['F84' '135.68806949677287' 'mated']
 ['F133' '182.21905408723336' 'mated']
 ['F3' '198.48792003670195' 'mated']
 ['F119' '199.14214458999965' 'mated']
 ['F168' '212.78558448298094' 'mated']]",568.0,73.86662147324418,16.012366437427065,1521.0,255.62566884143874,54.94693977759978,137.0,24.579805662278428,5.365587025817877,16.0,1.6000000000000003,0.1600000000000001,94.0,4.351851851851854,0.2014746227709187
19,0.054,5,360.0386046454959,"[['18' '4.3520294218117135' 'present']
 ['18' '26.449111006854828' 'present']
 ['21' '49.807177325096944' 'present']
 ['12' '57.3179935798443' 'present']
 ['17' '64.5001954334255' 'present']
 ['21' '66.87782687210539' 'present']
 ['0' '72.57262699921769' 'present']
 ['18' '93.79027465081268' 'present']
 ['21' '97.79209854712222' 'marauded']
 ['0' '98.3649270137972' 'presentdestroyed']
 ['12' '144.6723479746382' 'present']
 ['17' '152.92404219186298' 'present']
 ['0' '155.51118527722224' 'present']
 ['18' '159.09767310922373' 'present']
 ['14' '164.9437025991628' 'present']
 ['14' '172.89304074756836' 'present']
 ['18' '180.87199687200808' 'marauded']
 ['18' '192.65899348494395' 'present']
 ['21' '216.03925567935516' 'present']
 ['18' '220.6507547859239' 'present']
 ['21' '263.65975258498196' 'present']
 ['14' '265.5547903582123' 'present']
 ['18' '298.4612307661277' 'present']
 ['21' '344.49076050419023' 'present']
 ['21' '349.1536609034143' 'present']]","[['F203' '93.00193281025423' 'mated']
 ['F73' '147.7934372316605' 'mated']
 ['F170' '182.2169928522767' 'destroyed']
 ['F165' '254.17687377903718' 'mated']
 ['F78' '257.0624815782537' 'mated']
 ['F191' '321.3125972180162' 'mated']
 ['F72' '340.99152247872746' 'absent']
 ['F72' '341.03781877502377' 'absent']]",570.0,69.61084382608203,14.539620207299512,1604.0,271.356422699899,58.477203984905245,78.0,12.200097247948271,2.432876046490249,15.0,1.5000000000000002,0.15000000000000008,116.0,5.370370370370382,0.24862825788751652
20,0.0,9,360.33917897101077,"[['17' '11.253484576260233' 'present']
 ['0' '21.39888836905101' 'present']
 ['19' '35.32997978763252' 'marauded']
 ['19' '53.44864078078569' 'present']
 ['21' '77.49809314417313' 'marauded']
 ['19' '89.290780033686' 'present']
 ['17' '97.2499007280485' 'present']
 ['18' '105.92307750583794' 'present']
 ['21' '113.01788508378199' 'present']
 ['21' '133.90421792927583' 'present']
 ['21' '153.60301968971322' 'present']
 ['14' '182.70000877498777' 'present']
 ['21' '200.00088704349938' 'marauded']
 ['21' '208.0369730102796' 'present']
 ['14' '217.07089428842792' 'present']
 ['21' '235.76524586402437' 'present']
 ['21' '248.90758148721454' 'marauded']
 ['0' '267.17721348582336' 'present']
 ['21' '279.4829802371335' 'present']
 ['17' '282.2850836871843' 'present']
 ['12' '285.81762891032963' 'present']
 ['17' '301.85975996427806' 'present']
 ['17' '326.3964084250091' 'present']
 ['19' '331.3590689125193' 'present']
 ['17' '337.37666308343523' 'present']
 ['0' '342.1671963332522' 'present']
 ['0' '351.673401655647' 'marauded']
 ['14' '357.94448628427403' 'destroyed']]","[['F19' '102.34980509688891' 'mated']
 ['F142' '118.02515941386423' 'absent']
 ['F76' '133.44653732816977' 'mated']
 ['F194' '151.39814832011555' 'mated']
 ['F160' '156.48762661088708' 'mated']
 ['F53' '163.11371167494565' 'absent']
 ['F182' '171.05703305877907' 'mated']
 ['F28' '196.76689353625827' 'mated']
 ['F169' '211.28606807515234' 'mated']
 ['F163' '226.09703035520926' 'mated']
 ['F174' '269.26531093881454' 'mated']
 ['F1' '284.9433845117399' 'absent']]",578.0,66.55608265067376,13.456805401641605,1544.0,263.0222799082695,56.57791027613407,181.0,30.50093474882486,6.467999023037166,0.0,0.0,0.0,0.0,0.0,0.0
21,0.054,15,359.8961106510589,"[['0' '6.9919440544483065' 'marauded']
 ['17' '45.334340340860756' 'present']
 ['14' '55.17294536486375' 'present']
 ['17' '78.16408044121658' 'present']
 ['14' '90.77032074457921' 'present']
 ['0' '103.02932463729381' 'present']
 ['17' '104.25446497521865' 'marauded']
 ['0' '128.89519086081128' 'present']
 ['18' '149.9859473896794' 'present']
 ['17' '160.3452256207753' 'present']
 ['18' '194.48307516764874' 'present']
 ['19' '196.03927352688817' 'present']
 ['14' '205.95276147881964' 'present']
 ['12' '217.6127466844148' 'marauded']
 ['19' '225.02176537772792' 'present']
 ['17' '239.36959819514146' 'present']
 ['0' '241.40183077565564' 'present']
 ['19' '269.51836514560244' 'present']
 ['18' '275.0325873808353' 'present']
 ['12' '276.3036000592093' 'present']
 ['17' '309.5789744758801' 'present']
 ['19' '311.87850579696254' 'present']
 ['19' '317.76863166135803' 'present']
 ['0' '324.92332485392' 'present']]","[['F135' '15.217432064305992' 'mated']
 ['F184' '80.33319707354667' 'mated']
 ['F6' '92.71675267287996' 'mated']
 ['F114' '97.55489838990157' 'mated']
 ['F162' '103.2179873208905' 'mated']
 ['F110' '104.32656787191907' 'destroyed']
 ['F102' '113.74144541376747' 'mated']
 ['F189' '123.48330517846719' 'mated']
 ['F111' '128.3606432209464' 'mated']
 ['F56' '133.40563845691605' 'mated']
 ['F182' '170.9875886143346' 'absent']
 ['F54' '175.70864577422358' 'mated']
 ['F32' '179.94481941708162' 'mated']
 ['F31' '181.97731607410554' 'mated']
 ['F209' '186.3663975107413' 'mated']
 ['F143' '192.12411604997956' 'mated']
 ['F159' '199.0254524138224' 'absent']
 ['F42' '317.8719638819364' 'mated']]",565.0,69.50011874346616,13.830352046693994,1525.0,265.432433567897,57.37737004821037,109.0,18.426264332291804,3.9852984003705125,23.0,2.3000000000000007,0.23000000000000015,97.0,4.490740740740744,0.20790466392318205
22,0.0,13,360.12820947354084,"[['14' '20.1842316773407' 'present']
 ['0' '39.17477210358314' 'marauded']
 ['0' '53.40712592837452' 'present']
 ['0' '55.72516115479285' 'present']
 ['0' '63.18574367183994' 'present']
 ['12' '78.31047690784183' 'marauded']
 ['14' '96.73264458477038' 'present']
 ['0' '105.50857111177044' 'present']
 ['17' '118.66422901014653' 'present']
 ['17' '158.84757529457022' 'marauded']
 ['12' '160.78009539687255' 'presentdestroyed']
 ['12' '161.39439645995242' 'presentdestroyed']
 ['12' '169.0225165086799' 'present']
 ['19' '189.32677529173264' 'present']
 ['19' '218.1125715113826' 'present']
 ['19' '226.33338733363007' 'present']
 ['12' '230.11385566016145' 'present']
 ['19' '238.83326239731127' 'present']
 ['0' '255.53889916422185' 'present']
 ['19' '266.8438786153592' 'present']
 ['0' '268.24749602318167' 'present']
 ['14' '274.4300777477537' 'marauded']
 ['17' '282.10653141091205' 'presentdestroyed']
 ['19' '332.8809692039946' 'present']
 ['17' '349.9000853635381' 'present']
 ['19' '351.1229967905088' 'marauded']]","[['F142' '118.04830756201238' 'mated']
 ['F97' '150.48823608965293' 'absent']
 ['F48' '152.0788110315635' 'mated']
 ['F20' '153.99271205066486' 'mated']
 ['F124' '159.74533113404001' 'absentdestroyed']
 ['F155' '170.3731723256832' 'absent']
 ['F195' '176.71534689902407' 'mated']
 ['F121' '183.50062930679624' 'mated']
 ['F96' '183.57255538346703' 'mated']
 ['F45' '195.15689766045818' 'mated']
 ['F159' '199.04860056197055' 'mated']
 ['F85' '219.0027192321881' 'mated']
 ['F115' '221.56190649457983' 'absent']
 ['F43' '237.84604852708966' 'mated']
 ['F34' '241.09880089579215' 'mated']
 ['F27' '294.70501579755637' 'mated']
 ['F63' '323.508442315696' 'mated']]",566.0,68.14476110220666,13.448386613763692,1528.0,261.8637156734517,56.20900890310083,177.0,30.180086494099886,6.354534417361838,0.0,0.0,0.0,0.0,0.0,0.0
23,0.0,7,360.0786345583443,"[['0' '12.806193457836102' 'present']
 ['14' '13.46671792722185' 'present']
 ['18' '15.682440069418572' 'present']
 ['12' '17.656982331950495' 'marauded']
 ['12' '28.12800923494396' 'present']
 ['21' '28.504277663502968' 'marauded']
 ['17' '42.85938803276132' 'present']
 ['21' '46.86024990722193' 'present']
 ['18' '56.18392579835149' 'marauded']
 ['12' '62.09890641136932' 'presentdestroyed']
 ['12' '62.48827123621811' 'destroyed']
 ['17' '64.54649172972181' 'present']
 ['19' '78.30298389712935' 'present']
 ['18' '83.70276154058269' 'present']
 ['17' '100.39089360916277' 'present']
 ['17' '111.3099010567596' 'marauded']
 ['19' '115.41121708907166' 'destroyed']
 ['18' '136.15520047847824' 'present']
 ['12' '140.66266833753346' 'present']
 ['14' '144.1837616571819' 'present']
 ['0' '162.506032770975' 'present']
 ['0' '167.85500511294921' 'present']
 ['18' '173.00969187002727' 'marauded']
 ['17' '189.8643897301915' 'present']
 ['17' '190.68785607478742' 'present']
 ['17' '205.8795408354723' 'present']
 ['19' '207.25234384225217' 'present']
 ['12' '212.04832204330043' 'present']
 ['18' '214.39052795170295' 'present']
 ['18' '217.2635046811609' 'present']
 ['14' '235.9020526164775' 'present']
 ['0' '246.06887821364032' 'present']
 ['18' '248.08215979964078' 'present']
 ['0' '260.98506328274186' 'present']
 ['21' '261.8375157295767' 'present']
 ['21' '268.76181934084696' 'present']
 ['0' '269.2216182094912' 'present']
 ['18' '276.2855009189028' 'present']
 ['0' '294.08606763505287' 'marauded']
 ['0' '305.74543135510254' 'present']
 ['18' '333.31806670983474' 'present']]","[['F126' '88.57572588860818' 'mated']
 ['F16' '98.99273677772196' 'mated']
 ['F102' '113.71829726561931' 'destroyed']
 ['F84' '135.66492134862472' 'absent']
 ['F155' '170.39632047383137' 'mated']
 ['F54' '175.68549762607543' 'destroyed']
 ['F15' '193.13352067597768' 'mated']
 ['F3' '198.44162374040565' 'absent']
 ['F7' '248.5708333909869' 'mated']
 ['F1' '284.96653265988806' 'mated']
 ['F205' '309.11989135018456' 'mated']
 ['F72' '341.0146706268756' 'absent']]",570.0,69.97525718399137,14.124391788013185,1511.0,253.32736756517897,53.90673299466155,218.0,36.89418758456171,7.697691273499364,0.0,0.0,0.0,0.0,0.0,0.0
