id,probability_maraud,successful_mating,next_foraging_time,mar_attempts,mate_attempts,foraging_events,foraging_hrs,foraging_sqhrs,staying_events,staying_hrs,staying_sqhrs,repairing_events,repairing_hrs,repairing_sqhrs,marauding_events,marauding_hrs,marauding_sqhrs,traveling_events,traveling_hrs,traveling_sqhrs
0,0.054,10,360.4547893981163,"[['18' '8.143429888479597' 'present']
 ['15' '10.10741109510608' 'present']
 ['17' '11.845246564419904' 'present']
 ['1' '23.375158002283957' 'present']
 ['6' '28.601667523300176' 'marauded']
 ['19' '41.53155757860275' 'marauded']
 ['4' '62.40264424324624' 'present']
 ['3' '65.90076310867785' 'present']
 ['10' '68.55787095598637' 'present']
 ['15' '84.51391331321311' 'marauded']
 ['10' '86.515070143975' 'presentdestroyed']
 ['20' '86.77841248635332' 'presentdestroyed']
 ['15' '91.7693455106183' 'presentdestroyed']
 ['4' '100.93948391159651' 'present']
 ['18' '101.73947817680286' 'present']
 ['2' '102.58202213511817' 'marauded']
 ['17' '118.21265038770272' 'present']
 ['18' '126.75975520040406' 'marauded']
 ['20' '135.05253087006318' 'present']
 ['18' '136.01957434380623' 'present']
 ['3' '139.05695527549545' 'marauded']
 ['19' '139.0754653381149' 'destroyed']
 ['12' '151.1391841711865' 'present']
 ['1' '164.56309733880303' 'present']
 ['3' '164.97807306907507' 'marauded']
 ['2' '166.19658614533353' 'presentdestroyed']
 ['4' '175.9699766010318' 'present']
 ['14' '176.12415427179636' 'present']
 ['10' '181.3498585222512' 'present']
 ['20' '186.484149031739' 'present']
 ['12' '187.93907072658246' 'present']
 ['3' '190.01680945348835' 'present']
 ['18' '196.18140319075806' 'present']
 ['15' '217.51952927666153' 'marauded']
 ['20' '221.9236972581376' 'presentdestroyed']
 ['20' '221.9699935544339' 'presentdestroyed']
 ['7' '242.63285095550086' 'present']
 ['6' '243.20364051271056' 'present']
 ['15' '245.08855513435014' 'marauded']
 ['10' '246.0785511730115' 'presentdestroyed']
 ['14' '249.03465095976108' 'presentdestroyed']
 ['4' '250.663002385573' 'presentdestroyed']
 ['10' '260.6184275187685' 'present']
 ['20' '267.80970469902746' 'present']
 ['2' '283.61154615477324' 'present']
 ['6' '310.9107722053262' 'present']
 ['3' '313.43532053173743' 'present']
 ['17' '319.6925647199953' 'present']
 ['12' '347.685806729768' 'marauded']]","[['F25' '4.2248093894803755' 'mated']
 ['F65' '15.405477553253146' 'mated']
 ['F135' '21.721473481476973' 'mated']
 ['F33' '77.35081260822187' 'mated']
 ['F72' '97.86033380385739' 'absent']
 ['F10' '105.69653669458116' 'destroyed']
 ['F110' '157.23736653444269' 'mated']
 ['F138' '166.20348386258854' 'destroyed']
 ['F127' '208.55894863639378' 'mated']
 ['F98' '212.16492833735694' 'mated']
 ['F91' '222.5953244725081' 'destroyed']
 ['F133' '274.8423251426275' 'absent']
 ['F133' '274.9349177352201' 'absent']
 ['F35' '285.85591254898793' 'mated']
 ['F27' '289.24048042972936' 'mated']
 ['F48' '298.8964347298138' 'mated']]",570.0,71.97125290965238,14.99920532731097,1311.0,221.58498982877643,47.000458907087676,357.0,61.18912915705924,13.605979252788542,13.0,1.3,0.13000000000000006,87.0,4.027777777777777,0.1864711934156376
1,0.054,6,360.26561160450194,"[['7' '17.048246246455474' 'present']
 ['12' '25.679913295774078' 'present']
 ['2' '31.822835943282282' 'marauded']
 ['14' '33.2229665903129' 'presentdestroyed']
 ['4' '36.44116698872919' 'presentdestroyed']
 ['6' '40.540456575895135' 'present']
 ['2' '40.88962400867248' 'present']
 ['6' '42.03078793718175' 'marauded']
 ['20' '53.55602951335919' 'marauded']
 ['0' '55.50900840024659' 'presentdestroyed']
 ['4' '73.49375138228528' 'present']
 ['17' '92.3990431153991' 'marauded']
 ['11' '97.33981928098581' 'presentdestroyed']
 ['11' '98.3524907726137' 'destroyed']
 ['17' '115.67842225184346' 'present']
 ['20' '126.6855453561304' 'present']
 ['14' '126.69770508079775' 'present']
 ['7' '127.48976859040494' 'present']
 ['18' '129.34705979458536' 'present']
 ['4' '129.57674841261687' 'present']
 ['7' '130.90511014800424' 'present']
 ['18' '136.06587064010253' 'present']
 ['2' '153.60452948408164' 'marauded']
 ['15' '179.0816763328042' 'present']
 ['19' '188.02324398869715' 'present']
 ['18' '227.65629402289323' 'marauded']
 ['3' '227.7376584546079' 'destroyed']
 ['12' '261.52072646586697' 'present']
 ['18' '264.9010607826375' 'marauded']
 ['14' '265.42848779535694' 'presentdestroyed']
 ['0' '274.7533452109487' 'present']
 ['4' '290.6672912012893' 'marauded']
 ['2' '299.21988152535187' 'present']
 ['0' '303.02756590402583' 'present']
 ['11' '311.3740116683485' 'marauded']
 ['17' '314.4138425653539' 'presentdestroyed']
 ['11' '344.1667286452537' 'present']]","[['F38' '30.004574893444236' 'absent']
 ['F159' '66.55833870647199' 'mated']
 ['F83' '118.63868335857754' 'absent']
 ['F19' '138.89916775192873' 'mated']
 ['F53' '181.80403438267226' 'mated']
 ['F2' '227.2023785726151' 'mated']
 ['F193' '248.8884202891692' 'mated']
 ['F84' '271.7605089204958' '']
 ['F169' '308.07443903098795' 'mated']]",571.0,69.37990262461109,13.67951937162394,1383.0,230.7998674013072,48.83574141022095,331.0,55.13383451137999,11.55155355034793,12.0,1.2,0.12000000000000005,76.0,3.5185185185185177,0.16289437585733868
2,0.054,13,360.93017507533204,"[['20' '0.2804917881045502' 'present']
 ['1' '0.8613426875213658' 'present']
 ['12' '14.823745181105465' 'present']
 ['12' '18.18606840819615' 'present']
 ['11' '56.80344216479042' 'present']
 ['3' '79.0439008568405' 'marauded']
 ['17' '81.13835233236824' 'presentdestroyed']
 ['4' '88.2217569998834' 'present']
 ['3' '89.18989831121655' 'present']
 ['20' '91.35262102142718' 'marauded']
 ['12' '92.90152705535479' 'presentdestroyed']
 ['7' '98.0982159191578' 'presentdestroyed']
 ['17' '103.33439560043004' 'marauded']
 ['1' '104.59221857013465' 'presentdestroyed']
 ['6' '107.11883925992714' 'presentdestroyed']
 ['17' '108.40450513511158' 'presentdestroyed']
 ['20' '108.64615701176282' 'presentdestroyed']
 ['19' '114.37287446958156' 'present']
 ['14' '117.88610477838955' 'present']
 ['4' '142.3189552663522' 'marauded']
 ['10' '144.65736700670456' 'presentdestroyed']
 ['10' '156.97523271223062' 'present']
 ['20' '157.7811903795311' 'marauded']
 ['14' '167.54970701489745' 'present']
 ['7' '171.982107945949' 'marauded']
 ['1' '173.03926812665625' 'presentdestroyed']
 ['3' '179.53614915749537' 'presentdestroyed']
 ['20' '189.82528398518124' 'present']
 ['20' '196.054156327962' 'present']
 ['11' '197.20542135596017' 'marauded']
 ['10' '202.77888272997643' 'presentdestroyed']
 ['14' '203.20717240849595' 'presentdestroyed']
 ['17' '219.50087583670876' 'present']
 ['17' '221.3897880044946' 'present']
 ['10' '246.1248474693078' 'present']
 ['10' '255.03069501377854' 'marauded']
 ['0' '266.4251878922336' 'present']
 ['12' '273.48294577716894' 'marauded']
 ['10' '274.39176528645174' 'presentdestroyed']
 ['20' '274.80820398447344' 'presentdestroyed']
 ['19' '278.7540814327806' 'presentdestroyed']
 ['20' '295.16011570771633' 'present']
 ['19' '298.1849889886544' 'present']
 ['3' '301.8455752856329' 'present']
 ['10' '308.64231877758584' 'marauded']
 ['17' '316.54018700934995' 'present']
 ['4' '324.5947225766532' 'present']
 ['18' '330.0845600876901' 'marauded']
 ['17' '331.9950495508215' 'presentdestroyed']
 ['20' '343.51967899356276' 'present']
 ['4' '356.9753548393784' 'present']]","[['F206' '10.63859395519028' 'mated']
 ['F182' '55.776547793376956' 'mated']
 ['F16' '67.11869326160178' 'mated']
 ['F163' '130.54644980443229' 'mated']
 ['F147' '131.24632920821728' 'mated']
 ['F192' '134.19551951028083' 'mated']
 ['F183' '170.78554538302424' 'mated']
 ['F201' '175.5675553505206' 'destroyed']
 ['F157' '177.6499856161926' 'absentdestroyed']
 ['F50' '187.77950332855542' 'mated']
 ['F91' '222.64162076880442' 'mated']
 ['F198' '227.78123105141046' 'mated']
 ['F12' '228.1014289439832' 'mated']
 ['F14' '239.7479178701562' 'mated']
 ['F47' '307.9388261286184' 'mated']]",571.0,74.47772486969107,16.144118910580048,1278.0,214.27374347004942,46.42776737674887,400.0,67.19636075300947,14.469183188144289,13.0,1.3,0.13000000000000006,63.0,2.916666666666666,0.13503086419753088
3,0.054,7,360.2743777071679,"[['18' '0.9331013906040313' 'present']
 ['11' '2.8142854949290483' 'marauded']
 ['12' '10.644541210268969' 'present']
 ['20' '27.374209354713894' 'present']
 ['7' '42.03937560447392' 'present']
 ['12' '46.80681690649556' 'present']
 ['4' '51.37651299512717' 'present']
 ['0' '51.966060142667814' 'present']
 ['1' '52.033258213680476' 'present']
 ['0' '59.668749709640494' 'present']
 ['7' '66.32358243633816' 'marauded']
 ['10' '70.92960389094699' 'destroyed']
 ['14' '74.69812267856416' 'present']
 ['17' '76.05287095368448' 'present']
 ['0' '98.20000520226097' 'present']
 ['17' '106.12432467700155' 'present']
 ['17' '108.93988928544286' 'present']
 ['11' '114.43090477434112' 'present']
 ['14' '122.71320385828137' 'present']
 ['0' '125.03488015226677' 'marauded']
 ['7' '133.29968269577722' 'present']
 ['17' '137.8741699963386' 'present']
 ['10' '152.73991050221292' 'present']
 ['10' '156.02753931880565' 'present']
 ['0' '164.49800182759688' 'present']
 ['0' '210.13720251796283' 'present']
 ['7' '213.83912546991144' 'present']
 ['6' '222.50058888804566' 'present']
 ['1' '224.84461464408707' 'present']
 ['7' '226.27804783270454' 'present']
 ['7' '236.5645582117742' 'present']
 ['19' '272.338185796843' 'marauded']
 ['7' '287.49775007888223' 'present']
 ['2' '290.3488677437536' 'present']
 ['15' '304.149093551268' 'present']
 ['19' '312.79398154664716' 'present']
 ['0' '313.9268892585262' 'marauded']
 ['18' '314.93400472178496' 'destroyed']
 ['20' '322.12430485095797' 'marauded']
 ['2' '329.88590603898615' 'present']
 ['2' '337.80756215273004' 'present']
 ['20' '341.9607991871256' 'present']
 ['7' '344.0881967798313' 'present']
 ['10' '345.0559251503406' 'present']
 ['12' '347.33381235487155' 'marauded']
 ['14' '352.2070391361259' 'destroyed']
 ['0' '356.79272643569976' 'present']]","[['F22' '46.51821573389332' 'mated']
 ['F180' '98.06506118131678' 'mated']
 ['F58' '105.47512943471996' 'absent']
 ['F69' '129.2965438662561' 'destroyed']
 ['F3' '131.4597963272662' 'destroyed']
 ['F203' '189.7502342851964' 'mated']
 ['F186' '193.6001661803841' 'mated']
 ['F100' '194.40300239655565' 'mated']
 ['F79' '221.7450868561119' 'mated']
 ['F211' '290.679097855774' 'mated']
 ['F48' '298.87328658166564' 'absent']
 ['F62' '316.82040883649336' 'absentdestroyed']]",561.0,69.71143961596391,14.625475332112616,1457.0,242.98258705648743,51.50563642111142,247.0,42.61597095896089,9.175220717866454,13.0,1.3,0.13000000000000006,74.0,3.425925925925925,0.1586076817558298
4,0.054,12,360.3996918291505,"[['18' '8.612793195446248' 'marauded']
 ['2' '12.00907189066675' 'presentdestroyed']
 ['2' '12.536271423446959' 'destroyed']
 ['18' '30.261196768303503' 'present']
 ['12' '39.72036477436299' 'present']
 ['11' '55.050227930879984' 'present']
 ['15' '61.694605112721995' 'present']
 ['20' '62.497876511816294' 'marauded']
 ['1' '66.28935027792181' 'presentdestroyed']
 ['14' '78.06718992349676' 'marauded']
 ['10' '78.87029629928327' 'presentdestroyed']
 ['11' '101.55284161724191' 'present']
 ['20' '104.67073855963149' 'marauded']
 ['19' '110.05767598553425' 'destroyed']
 ['19' '115.92429061130275' 'present']
 ['1' '132.7834265035053' 'present']
 ['14' '143.25562960740947' 'present']
 ['11' '144.711040357076' 'present']
 ['3' '151.6555293185137' 'present']
 ['18' '151.67724989546605' 'present']
 ['19' '173.32342806231946' 'present']
 ['10' '185.50121572243808' 'present']
 ['17' '186.5517707933806' 'present']
 ['3' '186.58783198800964' 'present']
 ['3' '189.17041339193523' 'present']
 ['3' '239.28135455090364' 'present']
 ['0' '239.80787840858255' 'present']
 ['6' '243.24993680900687' 'present']
 ['19' '251.506277478591' 'marauded']
 ['11' '255.53588092152893' 'presentdestroyed']
 ['0' '260.79735725080457' 'present']
 ['20' '272.6523195346702' 'present']
 ['0' '277.6104801011979' 'present']
 ['0' '281.4666200746869' 'present']
 ['2' '288.0000791945718' 'present']
 ['7' '304.6279815783775' 'present']
 ['17' '314.30120978626644' 'present']
 ['19' '332.8572176041572' 'present']
 ['3' '333.8973368190316' 'present']
 ['20' '336.8857062997946' 'present']
 ['7' '340.64997349289143' 'present']
 ['15' '341.694233226591' 'present']
 ['7' '346.15642574366507' 'present']
 ['12' '353.10923827213384' 'present']]","[['F76' '21.580948392652456' 'mated']
 ['F38' '30.027723041592385' 'mated']
 ['F187' '80.69407193437893' 'absentdestroyed']
 ['F123' '114.97974815226029' 'absent']
 ['F58' '117.49827758286811' 'mated']
 ['F78' '122.73610802928263' 'absent']
 ['F5' '141.64896591446654' 'mated']
 ['F68' '145.4969553439234' 'mated']
 ['F99' '151.1329479886422' 'mated']
 ['F201' '175.59070349866874' 'mated']
 ['F132' '184.81597220217856' 'absent']
 ['F51' '227.28011506483185' 'mated']
 ['F102' '229.84682509255762' 'mated']
 ['F129' '269.5686002078489' 'mated']
 ['F133' '274.86547329077564' 'absent']
 ['F117' '302.2513079817365' 'mated']
 ['F171' '312.91920915808566' 'mated']]",562.0,75.05541674762402,16.135335734641426,1438.0,248.93022575095617,54.024483544940054,193.0,30.446594413063153,6.383860897908478,15.0,1.5000000000000002,0.15000000000000008,89.0,4.12037037037037,0.19075788751714648
5,0.0,8,360.19269361286814,"[['20' '2.794940275031368' 'present']
 ['12' '3.063173392199135' 'present']
 ['1' '15.425962726050312' 'present']
 ['10' '23.749495882414685' 'present']
 ['10' '25.4623479034794' 'present']
 ['11' '38.34883522925937' 'marauded']
 ['12' '43.033989753944134' 'presentdestroyed']
 ['3' '43.84132247368238' 'presentdestroyed']
 ['2' '45.11165062138006' 'destroyed']
 ['14' '63.71830280573636' 'present']
 ['1' '65.53388846020272' 'present']
 ['2' '67.29255732720524' 'present']
 ['10' '69.7991795961454' 'present']
 ['17' '87.05777004931535' 'present']
 ['14' '92.38963375581149' 'present']
 ['20' '99.20345746278772' 'present']
 ['1' '110.43488258024232' 'present']
 ['3' '115.87005972259378' 'present']
 ['11' '119.54048900303039' 'present']
 ['2' '119.96517282290966' 'present']
 ['4' '122.1658366348735' 'present']
 ['10' '133.08339330392076' 'present']
 ['18' '139.4538984071078' 'present']
 ['7' '142.42146359921523' 'present']
 ['14' '152.02093690879437' 'present']
 ['6' '154.99688213225645' 'present']
 ['15' '156.65333107362173' 'present']
 ['6' '166.19044516397864' 'present']
 ['0' '185.8211015767612' 'marauded']
 ['17' '190.10522655808404' 'destroyed']
 ['6' '194.21791047160835' 'present']
 ['3' '198.45559442437238' 'present']
 ['1' '199.35154367019118' 'present']
 ['7' '207.35029560058922' 'present']
 ['20' '208.85454323189836' 'present']
 ['7' '215.04197185419932' 'present']
 ['4' '222.83254447307385' 'present']
 ['1' '240.73388013980895' 'present']
 ['6' '241.17318834174313' 'present']
 ['11' '243.7996465919219' 'present']
 ['14' '255.21775702509245' 'present']
 ['15' '257.3021162588783' 'present']
 ['14' '260.4444820171918' 'marauded']
 ['3' '267.46074666624355' 'presentdestroyed']
 ['4' '267.92639064511286' 'destroyed']
 ['15' '269.9251835001162' 'marauded']
 ['15' '271.125258623522' 'presentdestroyed']
 ['0' '284.08739837933047' 'present']
 ['2' '287.32668523394335' 'present']
 ['20' '295.25270830030894' 'present']
 ['3' '305.74365550304657' 'present']
 ['14' '305.9139985512814' 'present']
 ['11' '313.5758394715661' 'marauded']
 ['20' '321.4968508155779' 'present']
 ['14' '329.2777685753735' 'present']
 ['18' '330.98906695031513' 'present']
 ['19' '331.0596479867793' 'present']
 ['14' '343.3618489447088' 'present']
 ['19' '352.6805580220788' 'present']
 ['19' '357.1316264973382' 'present']]","[['F125' '73.99452087392866' 'mated']
 ['F187' '80.71722008252708' 'mated']
 ['F83' '118.66183150672569' 'mated']
 ['F29' '180.53708877927534' 'mated']
 ['F64' '197.3552970289836' 'mated']
 ['F2' '227.17923042446694' 'absent']
 ['F137' '260.5459574400937' 'absentdestroyed']
 ['F36' '276.9407460914223' 'absentdestroyed']
 ['F209' '286.2646620525979' 'mated']
 ['F121' '324.1179983335418' 'mated']
 ['F37' '327.7925728831383' 'mated']]",572.0,68.92858973584458,13.93761983135417,1507.0,260.58342464690213,56.35327134371549,181.0,30.59860472035895,6.468061396719979,0.0,0.0,0.0,0.0,0.0,0.0
6,0.054,7,360.0365491755271,"[['0' '4.63258369257263' 'present']
 ['10' '8.810052661876517' 'marauded']
 ['12' '12.693006498255984' 'presentdestroyed']
 ['12' '13.074093419364889' 'presentdestroyed']
 ['17' '13.575161027532472' 'presentdestroyed']
 ['1' '16.993846960061948' 'present']
 ['0' '17.23809336765924' 'present']
 ['12' '18.514568619713227' 'present']
 ['12' '19.252043289146197' 'present']
 ['7' '29.91638305375341' 'present']
 ['17' '32.83924629617124' 'marauded']
 ['2' '37.67178126399858' 'presentdestroyed']
 ['17' '44.20599725628488' 'marauded']
 ['17' '44.93430638869759' 'presentdestroyed']
 ['17' '50.413754224126436' 'presentdestroyed']
 ['4' '54.189011829501354' 'present']
 ['4' '54.235308125797644' 'marauded']
 ['4' '62.448940539542534' 'marauded']
 ['0' '69.05219023164078' 'destroyed']
 ['11' '69.78903941048998' 'present']
 ['0' '75.38774776354325' 'marauded']
 ['12' '87.92286110406836' 'marauded']
 ['11' '90.01809735127594' 'presentdestroyed']
 ['15' '93.62489683632133' 'presentdestroyed']
 ['10' '95.50896445861846' 'present']
 ['20' '96.01006721786224' 'present']
 ['17' '109.53996267547784' 'present']
 ['7' '118.40752790433325' 'present']
 ['2' '131.53006862274808' 'marauded']
 ['20' '143.2965952351923' 'marauded']
 ['10' '143.42437970687203' 'destroyed']
 ['20' '152.13118969970617' 'present']
 ['10' '157.02152900852693' 'marauded']
 ['14' '157.90280292747607' 'presentdestroyed']
 ['15' '159.77145826239988' 'destroyed']
 ['18' '161.8769528173001' 'presentdestroyed']
 ['14' '162.42650421920862' 'presentdestroyed']
 ['14' '162.88812914098145' 'destroyed']
 ['4' '173.0787151625137' 'present']
 ['20' '173.576471646662' 'present']
 ['20' '175.8040494960106' 'present']
 ['12' '178.030248426019' 'present']
 ['17' '179.90163142808885' 'present']
 ['2' '189.77480989128654' 'present']
 ['11' '192.2799174508477' 'present']
 ['4' '193.73929602347715' 'present']
 ['14' '197.5584660735839' 'present']
 ['10' '209.6005482154109' 'present']
 ['1' '225.04153632457565' 'present']
 ['20' '228.15413038406174' 'present']
 ['2' '228.3097973711906' 'present']
 ['14' '228.38321510322226' 'present']
 ['7' '229.54759198974173' 'present']
 ['14' '246.1464120887886' 'present']
 ['12' '259.1979978060588' 'present']
 ['20' '262.9993651306708' 'present']
 ['11' '265.5130473357008' 'present']
 ['1' '278.05315117997196' 'present']
 ['0' '280.3534096506268' 'present']
 ['1' '281.5077735270395' 'present']
 ['7' '291.22909118616377' 'present']
 ['0' '296.4077131658808' 'present']
 ['15' '305.83154601402583' 'present']
 ['10' '319.81781296464044' 'present']
 ['7' '319.8363922565662' 'present']
 ['12' '326.79481895885476' 'present']
 ['12' '331.8870220504942' 'present']
 ['19' '343.7566452768147' 'present']
 ['14' '351.2432391250005' 'present']
 ['10' '353.0677234669891' 'present']
 ['18' '356.73829604305615' 'present']]","[['F130' '102.72591789280973' 'mated']
 ['F85' '125.90470284209607' 'mated']
 ['F69' '129.25024756995978' 'absent']
 ['F30' '154.3319248063228' 'mated']
 ['F150' '160.56614405523152' 'absentdestroyed']
 ['F71' '161.32379800644088' 'destroyed']
 ['F87' '176.45288385264868' 'mated']
 ['F132' '184.8391203503267' 'mated']
 ['F127' '208.53580048824563' 'absent']
 ['F198' '227.73493475511415' 'absent']
 ['F140' '235.11745813821022' 'mated']
 ['F105' '284.61376729063903' 'absent']
 ['F24' '310.16772777764794' 'mated']
 ['F103' '343.87044740864366' 'absent']]",556.0,73.68233390797191,16.318424875685164,1312.0,221.22496304076373,47.65294155984854,355.0,61.19606729902936,13.172676019899875,9.0,0.8999999999999999,0.09000000000000002,66.0,3.055555555555555,0.14146090534979422
7,0.054,7,360.2645929096543,"[['18' '2.917374495145788' 'present']
 ['0' '8.016472886387923' 'present']
 ['1' '18.366731230492267' 'marauded']
 ['3' '26.366003042470403' 'present']
 ['17' '32.98554259246753' 'present']
 ['12' '39.81295736695557' 'present']
 ['14' '52.722601088924456' 'marauded']
 ['1' '69.41678550601432' 'marauded']
 ['2' '76.08696745196424' 'presentdestroyed']
 ['14' '78.21348621979305' 'present']
 ['18' '82.11199779036683' 'present']
 ['20' '83.69214522734488' 'marauded']
 ['20' '110.90388910205573' 'present']
 ['10' '123.17484394199029' 'present']
 ['12' '123.37434577276937' 'present']
 ['14' '130.30830066980175' 'present']
 ['4' '145.60231330325817' 'marauded']
 ['0' '159.76253876057186' 'marauded']
 ['15' '162.12909799751887' 'presentdestroyed']
 ['18' '163.30343937312952' 'destroyed']
 ['20' '176.75738630456132' 'present']
 ['14' '177.06830014012905' 'marauded']
 ['11' '192.1336211545514' 'marauded']
 ['12' '200.4683384587325' 'present']
 ['1' '201.86949645119452' 'present']
 ['15' '202.86943929923902' 'present']
 ['3' '213.47268995063158' 'present']
 ['0' '215.57468584311022' 'marauded']
 ['2' '236.59618005790213' 'present']
 ['19' '251.6525737748873' 'present']
 ['10' '252.5897601361843' 'present']
 ['0' '255.8872667085942' 'present']
 ['14' '262.49901467290664' 'present']
 ['12' '265.8302602900776' 'marauded']
 ['1' '275.2945693095752' 'present']
 ['0' '289.3594147201313' 'present']
 ['10' '293.41581471105553' 'marauded']
 ['14' '297.7835162653493' 'presentdestroyed']
 ['20' '298.5121279797207' 'presentdestroyed']
 ['1' '310.751519196418' 'marauded']
 ['10' '312.5802554509969' 'presentdestroyed']
 ['4' '319.41324266167294' 'present']
 ['15' '323.86923775773136' 'marauded']
 ['19' '324.6835188622481' 'presentdestroyed']
 ['6' '330.5794138853297' 'presentdestroyed']
 ['19' '335.1570595280835' 'present']
 ['4' '346.79082913982495' 'present']
 ['11' '350.34157033018664' 'present']
 ['4' '356.69589038524254' 'present']
 ['18' '357.982771220381' 'present']]","[['F144' '31.518942687734775' 'mated']
 ['F66' '128.29002755477995' 'absent']
 ['F213' '153.34666802572178' '']
 ['F197' '158.91366926673217' 'mated']
 ['F89' '168.30655917991814' 'mated']
 ['F100' '194.3798542484075' 'destroyed']
 ['F60' '205.49222101585957' 'mated']
 ['F86' '209.73286461900926' 'mated']
 ['F43' '230.39368329262948' 'mated']
 ['F191' '231.78249362969984' 'absent']
 ['F20' '303.33108136002403' 'mated']]",571.0,74.13162771139187,15.950288126320093,1217.0,201.88787197195666,42.68633339982678,458.0,79.75785227266725,17.217714302445952,10.0,0.9999999999999999,0.10000000000000003,71.0,3.2870370370370363,0.15217764060356645
8,0.0,9,360.1141321017791,"[['2' '11.30353585826084' 'present']
 ['2' '15.43091908327754' 'present']
 ['11' '17.543247317276965' 'present']
 ['20' '18.359579654340106' 'present']
 ['20' '27.420505651010192' 'present']
 ['12' '65.60226675959335' 'present']
 ['12' '66.52440975092658' 'present']
 ['1' '73.3898699889765' 'present']
 ['19' '94.64515783158348' 'marauded']
 ['17' '107.65912756907578' 'present']
 ['6' '118.05094086691307' 'present']
 ['7' '120.77397010069684' 'present']
 ['19' '126.30173210433279' 'present']
 ['3' '134.54765663489226' 'present']
 ['4' '140.4483544768122' 'present']
 ['2' '140.98390153404853' 'present']
 ['18' '141.5110977832616' 'present']
 ['11' '146.71109428226512' 'present']
 ['15' '152.8358823592605' 'present']
 ['4' '158.22492270229614' 'present']
 ['17' '158.37067293629642' 'marauded']
 ['20' '170.78241610963534' 'present']
 ['10' '171.26041598945625' 'present']
 ['7' '173.24054295355248' 'present']
 ['20' '173.4301753503657' 'marauded']
 ['14' '177.42335940389415' 'presentdestroyed']
 ['7' '186.39306581071702' 'marauded']
 ['14' '201.52615349806348' 'present']
 ['10' '212.29246600201714' 'marauded']
 ['2' '212.30213596187315' 'destroyed']
 ['11' '217.23500130490433' 'destroyed']
 ['20' '218.8354515488418' 'destroyed']
 ['15' '223.2080886734998' 'present']
 ['15' '228.98244270346763' 'present']
 ['6' '231.37579557997924' 'present']
 ['15' '231.5001194635497' 'present']
 ['3' '257.9088914417982' 'present']
 ['19' '264.50425226636696' 'marauded']
 ['4' '265.03043894082253' 'destroyed']
 ['6' '265.1251100241101' 'presentdestroyed']
 ['19' '268.70931935949216' 'presentdestroyed']
 ['19' '273.86146924053025' 'present']
 ['1' '277.83965608216323' 'present']
 ['1' '287.9826667871922' 'present']
 ['0' '303.5512142737627' 'marauded']
 ['10' '308.49374678071285' 'destroyed']
 ['18' '317.6838165071544' 'present']
 ['15' '319.97863145038946' 'present']
 ['10' '324.49002140803555' 'present']
 ['3' '333.09261195692375' 'present']
 ['19' '335.52518222289467' 'present']
 ['1' '344.9201197327401' 'present']
 ['11' '351.42628359008415' 'present']
 ['2' '352.6215556050087' 'present']]","[['F178' '79.46098389477943' 'mated']
 ['F111' '94.2756135699688' 'absent']
 ['F111' '94.3219098662651' 'absent']
 ['F165' '114.53508379857358' 'absent']
 ['F11' '117.09260974002075' 'absent']
 ['F66' '128.33632385107626' 'mated']
 ['F150' '160.58929220337967' 'destroyed']
 ['F104' '172.7169416092577' 'mated']
 ['F127' '208.51265234009747' 'absent']
 ['F86' '209.7097164708611' 'absent']
 ['F167' '214.92534158696324' 'absentdestroyed']
 ['F8' '220.94351756499242' 'mated']
 ['F91' '222.61847262065626' 'absent']
 ['F114' '227.80768820793367' 'absent']
 ['F136' '254.611502752947' 'mated']
 ['F36' '276.96389423957044' 'mated']
 ['F105' '284.6369154387872' 'mated']
 ['F63' '291.096482266747' 'mated']
 ['F153' '332.10106284564625' 'mated']]",575.0,72.46562704614168,14.594452379725842,1438.0,244.92069423815363,53.03238222091992,266.0,42.625506846864624,8.775842119679293,0.0,0.0,0.0,0.0,0.0,0.0
9,0.0,9,360.43104856225,"[['0' '0.15164587178059963' 'present']
 ['2' '0.5724088921521471' 'present']
 ['12' '3.3567802577206978' 'present']
 ['4' '5.034987587375777' 'present']
 ['17' '22.92406002868066' 'marauded']
 ['3' '31.806828728815567' 'present']
 ['14' '56.3415254886239' 'present']
 ['18' '58.372237055928146' 'present']
 ['10' '67.16608051764923' 'present']
 ['10' '70.88330759465069' 'present']
 ['19' '74.46498824336989' 'present']
 ['11' '81.92873003859172' 'present']
 ['17' '82.03832405844263' 'present']
 ['17' '90.40487434891197' 'marauded']
 ['1' '101.59161893948817' 'present']
 ['17' '107.70542386537208' 'present']
 ['0' '110.76816209028712' 'present']
 ['7' '111.66626728830475' 'present']
 ['15' '119.48197666696272' 'present']
 ['6' '130.12417309259902' 'present']
 ['10' '130.53502312744072' 'present']
 ['14' '131.71131367477943' 'present']
 ['15' '137.36262368044342' 'present']
 ['20' '148.87169881604595' 'present']
 ['15' '152.96662363087967' 'marauded']
 ['2' '153.23049926336498' 'presentdestroyed']
 ['3' '153.46708386236077' 'presentdestroyed']
 ['10' '154.7658338074117' 'presentdestroyed']
 ['14' '165.23725157528415' 'present']
 ['6' '171.963247990735' 'marauded']
 ['20' '179.88884246358649' 'presentdestroyed']
 ['18' '181.67937514643143' 'present']
 ['6' '184.5312786287953' 'present']
 ['20' '194.26787012661998' 'present']
 ['18' '199.22598297402277' 'marauded']
 ['0' '199.42710706319698' 'destroyed']
 ['14' '217.20459573555627' 'marauded']
 ['3' '223.62555595546098' 'presentdestroyed']
 ['7' '228.35637789701917' 'present']
 ['10' '233.19869931963242' 'present']
 ['4' '239.37476208156372' 'present']
 ['17' '246.88313792828933' 'present']
 ['17' '255.13092446918643' 'marauded']
 ['7' '255.6361458282393' 'presentdestroyed']
 ['11' '258.42794286301944' 'destroyed']
 ['0' '263.8296550630658' 'present']
 ['6' '285.3480935135851' 'present']
 ['6' '287.5015975031666' 'marauded']
 ['3' '295.4814322495788' 'present']
 ['18' '300.91678460482063' 'present']
 ['4' '303.17826809839164' 'marauded']
 ['2' '304.8587971172083' 'destroyed']
 ['11' '305.3251287214799' 'presentdestroyed']
 ['12' '313.72261097592104' 'present']
 ['10' '327.24919044078433' 'present']
 ['15' '328.4405209034241' 'marauded']
 ['1' '331.49457653880677' 'destroyed']
 ['6' '333.32300802187615' 'destroyed']
 ['11' '358.6796522944613' 'present']]","[['F67' '54.732545034655544' 'absent']
 ['F188' '84.7149684690127' 'mated']
 ['F168' '104.26768637293945' 'mated']
 ['F10' '105.71968484272931' 'mated']
 ['F11' '117.1157578881689' 'absent']
 ['F69' '129.3428401625524' 'mated']
 ['F3' '131.48294447541434' 'mated']
 ['F151' '133.61138104769114' 'absent']
 ['F189' '147.81528413416248' 'mated']
 ['F113' '164.76584148822155' 'mated']
 ['F167' '214.97163788325955' 'mated']
 ['F208' '287.24708646419765' 'mated']]",583.0,70.7695145298631,14.169364128009533,1307.0,228.34512506556453,49.71610323673996,368.0,61.09220018642017,12.805374820849824,0.0,0.0,0.0,0.0,0.0,0.0
10,0.054,8,360.41730840695453,"[['19' '7.178073829517271' 'present']
 ['7' '13.262133691132014' 'present']
 ['2' '13.69801379781534' 'marauded']
 ['18' '46.74998615659779' 'present']
 ['18' '47.11915876354293' 'present']
 ['7' '48.895761106538906' 'present']
 ['20' '52.9134335039453' 'present']
 ['0' '64.68497646968848' 'present']
 ['15' '74.41724533987735' 'present']
 ['0' '77.84983603801916' 'present']
 ['1' '115.87991431138177' 'present']
 ['12' '121.66054836648416' 'present']
 ['19' '137.4961595652642' 'present']
 ['19' '151.96686890811603' 'present']
 ['1' '162.39585172458823' 'present']
 ['11' '171.35522871999905' 'present']
 ['7' '173.52373296289272' 'marauded']
 ['14' '179.8274879746226' 'presentdestroyed']
 ['7' '185.93252337728552' 'marauded']
 ['17' '189.76698292771934' 'presentdestroyed']
 ['2' '212.6859362618505' 'marauded']
 ['7' '214.20060918302917' 'presentdestroyed']
 ['15' '216.46293670773693' 'presentdestroyed']
 ['4' '219.33906704529386' 'presentdestroyed']
 ['18' '222.6131940729736' 'marauded']
 ['12' '230.9552455858186' 'present']
 ['17' '236.81260397762378' 'present']
 ['6' '236.92956683486824' 'present']
 ['17' '237.50683264770768' 'present']
 ['12' '246.77340495542944' 'present']
 ['7' '252.78859419804024' 'present']
 ['18' '277.05551084187874' 'marauded']
 ['17' '280.67627179805106' 'presentdestroyed']
 ['3' '283.50716356930417' 'destroyed']
 ['14' '295.1874585380268' 'present']
 ['18' '300.50252452119815' 'present']
 ['6' '313.0559735309994' 'present']
 ['20' '316.0875832412207' 'present']
 ['2' '318.24808626158404' 'present']
 ['14' '328.07682556657204' 'marauded']
 ['3' '346.14912109880424' 'present']]","[['F32' '70.69215225793621' 'mated']
 ['F143' '80.04274931982663' 'mated']
 ['F154' '106.14519391345507' 'mated']
 ['F163' '130.52330165628413' 'absent']
 ['F31' '143.14661620011415' 'mated']
 ['F57' '149.311539206944' 'mated']
 ['F128' '151.97238244288783' 'mated']
 ['F157' '177.67313376434075' 'destroyed']
 ['F214' '181.8825866269024' 'mated']
 ['F50' '187.75635518040727' 'destroyed']
 ['F92' '202.98834199580335' 'mated']
 ['F131' '212.77364926899546' 'destroyed']
 ['F109' '225.09372938810617' 'destroyed']]",564.0,69.24926162858691,13.643624584322488,1449.0,243.14028975591364,51.78089272453384,250.0,42.78083589095793,9.1812059883726,10.0,0.9999999999999999,0.10000000000000003,84.0,3.888888888888888,0.18004115226337425
11,0.054,12,360.24773428161114,"[['1' '29.390408733761326' 'marauded']
 ['4' '32.75322880460077' 'presentdestroyed']
 ['3' '36.79107159288788' 'presentdestroyed']
 ['2' '37.625066923576206' 'present']
 ['18' '40.45458173814856' 'present']
 ['4' '59.43577965614757' 'present']
 ['17' '61.01352069051534' 'present']
 ['1' '73.55493421343128' 'present']
 ['14' '78.02089362720045' 'present']
 ['19' '88.45809998737647' 'present']
 ['4' '102.30499790036933' 'marauded']
 ['15' '112.2150525722917' 'present']
 ['0' '121.84817861267832' 'present']
 ['17' '122.1346170470535' 'present']
 ['12' '126.62923737351531' 'present']
 ['17' '134.69868825373518' 'marauded']
 ['20' '138.38145301973339' 'presentdestroyed']
 ['14' '165.01861469564562' 'present']
 ['20' '174.2684338714968' 'marauded']
 ['14' '177.21459643642535' 'presentdestroyed']
 ['0' '179.21114758971123' 'presentdestroyed']
 ['18' '182.79475121009554' 'marauded']
 ['18' '187.1744521481841' 'presentdestroyed']
 ['15' '198.04774201599542' 'present']
 ['18' '201.82706146050995' 'present']
 ['20' '213.6085661392863' 'present']
 ['12' '213.678484895972' 'present']
 ['4' '225.39887009863094' 'present']
 ['0' '230.7380982509889' 'present']
 ['2' '232.32016146031054' 'present']
 ['2' '235.7601485321695' 'present']
 ['1' '237.26874515042863' 'present']
 ['2' '238.88428040071588' 'present']
 ['15' '251.5799106425946' 'present']
 ['12' '262.7259122861212' 'present']
 ['4' '264.6648529375939' 'present']
 ['20' '274.52427458385085' 'present']
 ['12' '276.80323457406325' 'present']
 ['18' '276.8109998746451' 'present']
 ['18' '277.2411332932745' 'marauded']
 ['18' '277.38742958957084' 'presentdestroyed']
 ['7' '282.4834189840638' 'presentdestroyed']
 ['14' '282.56499077315283' 'presentdestroyed']
 ['4' '287.77099346971244' 'marauded']
 ['20' '295.20641200401263' 'present']
 ['3' '304.73811416839396' 'present']
 ['1' '305.72804157390755' 'present']
 ['3' '306.47341160074507' 'present']
 ['19' '322.2624768828536' 'present']
 ['6' '346.8499289071422' 'present']
 ['4' '349.11939344565695' 'present']]","[['F204' '77.52360578443512' 'mated']
 ['F75' '96.29324605332432' 'mated']
 ['F162' '110.85669251727857' 'mated']
 ['F165' '114.58138009486989' 'mated']
 ['F11' '117.13890603631705' 'mated']
 ['F49' '140.45144766545985' 'destroyed']
 ['F56' '162.81739525085487' 'mated']
 ['F9' '197.66084642168988' 'mated']
 ['F184' '215.5737918968697' 'mated']
 ['F114' '227.83083635608182' 'mated']
 ['F194' '301.14469152739116' 'mated']
 ['F164' '314.2937545911476' 'mated']
 ['F175' '317.6385777965355' 'mated']]",576.0,69.82642911282436,14.612909381674717,1486.0,243.40112047391358,51.30871101015304,253.0,42.81420340127332,9.39440355270925,9.0,0.8999999999999999,0.09000000000000002,70.0,3.24074074074074,0.150034293552812
12,0.054,12,360.110352126677,"[['18' '6.652638060361584' 'present']
 ['2' '9.823518380707672' 'present']
 ['4' '17.018881130483834' 'present']
 ['4' '24.86359994089295' 'present']
 ['3' '25.709202885126984' 'present']
 ['4' '35.52160552929814' 'present']
 ['10' '57.34591629509269' 'present']
 ['19' '61.92484774414329' 'present']
 ['10' '65.00119319372003' 'present']
 ['4' '73.44745508598898' 'present']
 ['17' '74.25222424553913' 'marauded']
 ['6' '86.0783133498383' 'present']
 ['0' '101.0064456637815' 'marauded']
 ['14' '105.25601451096271' 'presentdestroyed']
 ['3' '107.11261479710208' 'presentdestroyed']
 ['6' '107.16513555622345' 'presentdestroyed']
 ['17' '117.48321655122673' 'present']
 ['15' '131.86113159984532' 'marauded']
 ['3' '137.3036487285347' 'destroyed']
 ['14' '138.0289539124028' 'presentdestroyed']
 ['19' '151.57357372481485' 'present']
 ['0' '151.8970003273644' 'present']
 ['0' '152.1099750357967' 'present']
 ['10' '163.60659198634374' 'present']
 ['11' '170.48662554085107' 'marauded']
 ['14' '183.8865083811273' 'present']
 ['18' '184.53081307768872' 'present']
 ['1' '186.22448199420924' 'present']
 ['7' '191.73697891885288' 'present']
 ['14' '192.34025297010507' 'present']
 ['20' '197.44245873159204' 'present']
 ['10' '197.5014026940325' 'present']
 ['14' '204.30892796608384' 'marauded']
 ['10' '210.01819028522812' 'presentdestroyed']
 ['2' '214.06351350582318' 'marauded']
 ['3' '219.74918490716777' 'destroyed']
 ['11' '222.36471340178676' 'present']
 ['15' '223.70285617471467' 'present']
 ['19' '235.10588220403164' 'marauded']
 ['15' '243.62974034694332' 'present']
 ['1' '257.97420976968385' 'present']
 ['15' '281.9459661760822' 'present']
 ['6' '284.80346169111766' 'present']
 ['20' '291.23728369293974' 'present']
 ['3' '293.4436211338344' 'present']
 ['15' '293.55029447111207' 'present']
 ['14' '304.3163892375006' 'marauded']
 ['19' '325.67475979072935' 'present']
 ['4' '333.40450635172755' 'present']
 ['11' '344.395441697597' 'present']
 ['2' '344.9614891563164' 'present']
 ['20' '346.0938496608138' 'present']
 ['20' '352.19050454014297' 'present']
 ['19' '352.6342617257825' 'present']
 ['11' '354.1371945368024' 'present']
 ['3' '354.67305649005414' 'marauded']
 ['0' '358.00503131872284' 'destroyed']]","[['F206' '10.615445807042132' 'absent']
 ['F67' '54.75569318280369' 'mated']
 ['F45' '71.99524652033395' 'mated']
 ['F145' '72.15639747094181' 'mated']
 ['F33' '77.32766446007372' 'destroyed']
 ['F204' '77.50045763628697' 'destroyed']
 ['F55' '100.71934230273395' 'mated']
 ['F123' '115.00289630040844' 'mated']
 ['F97' '164.99322469492282' 'absent']
 ['F34' '192.7327490139289' 'mated']
 ['F167' '214.9484897351114' 'destroyed']
 ['F155' '222.9157825317966' 'mated']
 ['F109' '225.11687753625432' 'mated']
 ['F119' '226.65962513792093' 'mated']
 ['F124' '246.0547604976855' 'mated']
 ['F108' '264.97508597688943' 'mated']
 ['F133' '274.8886214389238' 'absent']
 ['F116' '277.69442166353645' 'absent']
 ['F26' '301.031825122098' 'mated']
 ['F169' '308.0512908828398' 'absentdestroyed']]",588.0,71.4478419500829,15.142551659514483,1348.0,231.40821855947692,50.036995066572224,296.0,52.751195978180824,11.543751698251059,9.0,0.8999999999999999,0.09000000000000002,77.0,3.564814814814814,0.16503772290809313
13,0.0,14,360.2282739652853,"[['19' '6.80739271300153' 'marauded']
 ['1' '10.352118713922238' 'presentdestroyed']
 ['14' '14.181306452005506' 'presentdestroyed']
 ['12' '18.560864916009525' 'marauded']
 ['1' '20.349772385854507' 'presentdestroyed']
 ['12' '28.080376673981945' 'present']
 ['4' '28.283487289352287' 'present']
 ['17' '32.79294999987495' 'present']
 ['4' '33.88437136072809' 'present']
 ['7' '41.99307930817763' 'present']
 ['18' '46.62789463009965' 'present']
 ['7' '49.79517668752762' 'present']
 ['4' '50.61443562012876' 'present']
 ['20' '52.40627132785709' 'present']
 ['11' '55.62489373334411' 'present']
 ['15' '57.57971979214387' 'present']
 ['0' '59.715046005936784' 'marauded']
 ['1' '69.9542510224243' 'present']
 ['17' '81.0022524807396' 'present']
 ['11' '94.76064454884553' 'present']
 ['7' '97.9519196228615' 'marauded']
 ['6' '98.61243771091058' 'destroyed']
 ['17' '104.11158242166033' 'presentdestroyed']
 ['7' '108.44253230414431' 'marauded']
 ['20' '115.48384002245146' 'destroyed']
 ['7' '121.06491307716509' 'present']
 ['11' '122.29132594091898' 'present']
 ['14' '122.99881216829552' 'present']
 ['4' '134.84174131302353' 'present']
 ['15' '136.80949093536802' 'marauded']
 ['12' '149.12206973708186' 'present']
 ['14' '151.128679031654' 'present']
 ['11' '161.90522693391304' 'present']
 ['7' '170.53860746515787' 'present']
 ['18' '173.05626935927492' 'present']
 ['3' '184.35427874905693' 'present']
 ['4' '210.18435064689342' 'present']
 ['7' '233.32973216866677' 'present']
 ['1' '239.72472317352776' 'present']
 ['1' '248.23257655506063' 'present']
 ['11' '256.0238382820114' 'present']
 ['10' '274.79174989420557' 'present']
 ['19' '284.00363378693606' 'present']
 ['11' '297.87553159295487' 'present']
 ['20' '303.08339043261793' 'present']
 ['0' '304.78455883114367' 'present']
 ['0' '306.9139115959584' 'marauded']
 ['17' '307.9471903307654' 'presentdestroyed']
 ['11' '311.5203079646448' 'presentdestroyed']
 ['0' '317.7774249648173' 'present']
 ['15' '325.7138304058792' 'present']]","[['F67' '54.7093968865074' 'absent']
 ['F16' '67.09554511345362' '']
 ['F58' '105.4056849902755' 'destroyed']
 ['F58' '105.45198128657181' 'absentdestroyed']
 ['F18' '119.0857048469833' 'mated']
 ['F78' '122.75925617743079' 'mated']
 ['F23' '125.08462165504874' 'mated']
 ['F196' '129.41179037296953' 'mated']
 ['F205' '146.64087114376179' 'mated']
 ['F97' '165.01637284307097' 'mated']
 ['F207' '173.38635149581756' 'mated']
 ['F148' '184.0450664129547' 'mated']
 ['F141' '187.84392891549172' 'mated']
 ['F9' '197.63769827354173' 'absent']
 ['F185' '205.25299483789757' 'absent']
 ['F82' '205.25877033753483' 'absent']
 ['F118' '208.89916098688659' 'mated']
 ['F15' '220.20465364595518' 'mated']
 ['F28' '229.02707665995197' 'mated']
 ['F212' '248.76564157860338' 'mated']
 ['F133' '286.95806588336825' 'mated']]",567.0,68.17924886699113,13.08739764179958,1447.0,249.062611713491,53.77463215117664,242.0,42.83337243810674,9.368450514106666,0.0,0.0,0.0,0.0,0.0,0.0
14,0.054,6,359.8535731037472,"[['15' '0.38231924669352857' 'marauded']
 ['19' '11.165958194139375' 'present']
 ['11' '23.17243287171604' 'present']
 ['11' '23.4484860114982' 'present']
 ['7' '27.44148272757787' 'present']
 ['20' '27.83039258748741' 'present']
 ['19' '28.86504998912873' 'present']
 ['12' '36.996249264480404' 'present']
 ['19' '73.55175933626913' 'present']
 ['20' '101.69951061578715' 'present']
 ['10' '128.6222072650074' 'present']
 ['18' '146.73294432322874' 'present']
 ['10' '153.00931166716416' 'present']
 ['4' '154.76706598134348' 'present']
 ['0' '161.19556379220077' 'present']
 ['4' '176.02397070541426' 'present']
 ['12' '177.5979099262771' 'present']
 ['1' '184.19380847312186' 'marauded']
 ['1' '197.77811967105174' 'present']
 ['3' '207.8081334326555' 'present']
 ['0' '210.97177911974563' 'present']
 ['15' '216.25096837460603' 'present']
 ['20' '222.39920371759322' 'present']
 ['15' '228.6203098643883' 'present']
 ['0' '229.16976908266517' 'present']
 ['3' '232.81858852355458' 'marauded']
 ['10' '233.15240302333612' 'presentdestroyed']
 ['12' '234.47566913480307' 'presentdestroyed']
 ['0' '245.09112932191516' 'present']
 ['10' '269.29589888167834' 'marauded']
 ['6' '270.27303220717585' 'presentdestroyed']
 ['0' '276.53285865596155' 'presentdestroyed']
 ['19' '283.83459065946585' 'marauded']
 ['12' '290.83434565471526' 'presentdestroyed']
 ['7' '300.94934315459506' 'present']
 ['19' '302.3158220275711' 'present']
 ['20' '308.62007891558306' 'present']
 ['0' '317.82372126111363' 'present']
 ['11' '326.55222846373255' 'present']
 ['10' '341.5255188064031' 'present']
 ['10' '348.9909347704233' 'present']
 ['18' '353.5483937916481' 'present']
 ['10' '358.23998000019725' 'present']]","[['F179' '75.42093293048075' 'mated']
 ['F94' '90.13616385108003' 'mated']
 ['F66' '128.3131757029281' 'absent']
 ['F196' '129.38864222482138' 'absent']
 ['F71' '161.34694615458903' 'mated']
 ['F139' '163.6572946458315' 'mated']
 ['F132' '184.7928240540304' 'absentdestroyed']
 ['F101' '189.43950547185426' 'destroyed']
 ['F160' '207.24395936286402' 'mated']
 ['F198' '227.711786606966' 'absent']
 ['F115' '241.8447304710175' 'mated']
 ['F63' '291.07333411859884' '']
 ['F62' '316.77411254019705' 'absent']]",560.0,69.85328155202083,14.31287299478231,1489.0,253.60809186306523,54.629607709317895,175.0,30.64868534664697,6.711300354384206,13.0,1.3,0.13000000000000006,100.0,4.629629629629634,0.2143347050754454
15,0.054,9,360.2398778038562,"[['2' '20.235128465280177' 'marauded']
 ['19' '36.495096074375574' 'present']
 ['12' '39.76666107065928' 'present']
 ['11' '42.959811810198644' 'present']
 ['18' '47.69379924536785' 'marauded']
 ['19' '49.49903107850283' 'presentdestroyed']
 ['3' '57.54918694292769' 'present']
 ['20' '58.18686833388162' 'present']
 ['2' '62.57508338904182' 'marauded']
 ['17' '65.02393652006582' 'presentdestroyed']
 ['10' '84.90197269103177' 'present']
 ['11' '92.49402734013097' 'present']
 ['17' '95.43141593973337' 'present']
 ['12' '97.91793865562862' 'present']
 ['2' '99.91323712469266' 'present']
 ['18' '104.49778072666453' 'present']
 ['18' '109.94065944723697' 'present']
 ['2' '126.55343280153606' 'present']
 ['2' '131.48377232645177' 'present']
 ['7' '133.65854058247848' 'present']
 ['14' '141.98948361453057' 'present']
 ['18' '147.33188642562146' 'present']
 ['12' '149.16836603337816' 'present']
 ['10' '153.4669235449633' 'present']
 ['10' '162.2119804086664' 'present']
 ['10' '163.4471872393569' 'marauded']
 ['4' '166.7949714620076' 'destroyed']
 ['6' '173.96267841795392' 'present']
 ['3' '185.15389551491413' 'present']
 ['4' '189.84125461129642' 'present']
 ['12' '190.64563948306164' 'marauded']
 ['6' '204.39828841146186' 'present']
 ['20' '205.6828674337692' 'marauded']
 ['1' '219.55423812420727' 'present']
 ['11' '235.79847356723977' 'present']
 ['12' '243.3432976150583' 'present']
 ['14' '243.3623966978027' 'present']
 ['18' '252.3997086110609' 'present']
 ['19' '253.82580524337328' 'present']
 ['11' '261.2987478313435' 'marauded']
 ['0' '272.1714195062189' 'marauded']
 ['0' '272.4309862145772' 'presentdestroyed']
 ['6' '272.73679286817946' 'destroyed']
 ['19' '272.8593681079282' 'destroyed']
 ['20' '274.85450028076974' 'presentdestroyed']
 ['6' '275.9765698922192' 'presentdestroyed']
 ['17' '283.0517804021229' 'marauded']
 ['18' '284.3028545557827' 'presentdestroyed']
 ['6' '312.013979786898' 'present']
 ['12' '316.2197123385846' 'present']
 ['19' '325.0535585830978' 'present']
 ['14' '334.5021435182442' 'present']
 ['3' '335.66131978597' 'present']
 ['11' '337.60149852885706' 'present']
 ['17' '345.3316463705461' 'present']
 ['19' '356.0538670298524' 'marauded']
 ['1' '357.66924636550294' 'destroyed']
 ['0' '358.33551681053217' 'presentdestroyed']
 ['10' '359.2169851318441' 'presentdestroyed']]","[['F210' '98.02370830781962' 'mated']
 ['F44' '122.75524098065102' 'mated']
 ['F69' '129.27339571810793' 'absent']
 ['F69' '129.31969201440424' 'absent']
 ['F49' '140.474595813608' 'mated']
 ['F138' '166.2266320107367' 'destroyed']
 ['F81' '173.3938593846885' 'mated']
 ['F100' '194.35670610025934' 'destroyed']
 ['F28' '229.00392851180382' 'absent']
 ['F14' '239.72476972200803' 'absent']
 ['F88' '239.90345249472355' 'mated']
 ['F4' '244.11510694936183' 'mated']
 ['F161' '246.28196086195226' 'mated']
 ['F46' '246.28368673649751' 'mated']
 ['F120' '247.25528351060058' 'mated']
 ['F52' '331.71720610077114' 'absent']]",571.0,70.96171942196193,14.284557807764141,1357.0,226.72846745581148,48.443333841872956,346.0,57.70346767029222,12.215279448414078,12.0,1.2,0.12000000000000005,75.0,3.4722222222222214,0.16075102880658423
16,0.0,14,359.960402208339,"[['1' '2.703132827420033' 'present']
 ['14' '14.637126607747492' 'present']
 ['14' '21.031996828172208' 'present']
 ['1' '22.621085366972753' 'present']
 ['3' '32.83254894207415' 'marauded']
 ['20' '49.83149522932751' 'present']
 ['3' '50.133319286833014' 'present']
 ['14' '53.45318373611547' 'marauded']
 ['10' '54.380004191344376' 'presentdestroyed']
 ['1' '68.2608588872854' 'marauded']
 ['11' '73.34052445285171' 'presentdestroyed']
 ['18' '74.90484573765663' 'destroyed']
 ['11' '88.26784841747954' 'marauded']
 ['15' '92.9232414075302' 'destroyed']
 ['0' '97.46395854262673' 'present']
 ['3' '111.75780035832867' 'marauded']
 ['11' '116.2583370259628' 'destroyed']
 ['19' '121.83860817422544' 'present']
 ['11' '122.5686370461179' 'present']
 ['3' '122.66356926488469' 'present']
 ['4' '130.01384429534852' 'present']
 ['20' '138.43589179268702' 'present']
 ['7' '139.55446920363775' 'present']
 ['10' '145.18616421165305' 'present']
 ['0' '174.2517135307606' 'present']
 ['20' '176.71109000826502' 'present']
 ['3' '183.59204201217133' 'present']
 ['0' '188.18923791366475' 'present']
 ['15' '188.70719061479448' 'present']
 ['4' '191.48668959677335' 'present']
 ['4' '196.15444548725125' 'present']
 ['12' '198.52095732883032' 'present']
 ['7' '205.91137302308' 'present']
 ['14' '208.79565422771978' 'present']
 ['20' '219.5617324613798' 'present']
 ['15' '223.74915247101097' 'marauded']
 ['18' '236.07418965316361' 'present']
 ['1' '238.2854264135062' 'marauded']
 ['4' '238.4498664509217' 'destroyed']
 ['10' '240.36107357809934' 'presentdestroyed']
 ['11' '256.0701345783077' 'present']
 ['15' '257.255819962582' 'present']
 ['19' '259.5405409278255' 'present']
 ['0' '266.10924783825135' 'present']
 ['18' '266.51969575655795' 'present']
 ['3' '267.05229961119426' 'marauded']
 ['10' '268.6853678174179' 'presentdestroyed']
 ['6' '277.03776519052764' 'present']
 ['19' '277.3767023125863' 'present']
 ['20' '279.41697646823695' 'present']
 ['4' '286.416170981469' 'present']
 ['14' '292.555015244648' 'present']
 ['10' '294.29843538101306' 'present']
 ['14' '296.89766474576805' 'present']
 ['1' '299.89575879508135' 'present']
 ['4' '305.23073740449684' 'present']
 ['1' '310.2240070476607' 'marauded']
 ['19' '311.91924144218905' 'presentdestroyed']
 ['18' '313.6057053368927' 'presentdestroyed']
 ['14' '314.16583728933597' 'destroyed']
 ['19' '315.61442113758415' 'presentdestroyed']
 ['19' '327.6109036813009' 'present']
 ['3' '331.077324968167' 'present']
 ['1' '335.49537100496207' 'present']
 ['10' '338.8700285883516' 'present']
 ['7' '341.0055646299049' 'present']
 ['12' '342.32881550301556' 'present']
 ['10' '347.30270253163246' 'present']
 ['11' '352.86447520737113' 'present']
 ['10' '354.97429402014234' 'marauded']]","[['F25' '4.201661241332228' 'absent']
 ['F166' '8.740054288447393' 'mated']
 ['F195' '21.097849820557737' 'mated']
 ['F94' '90.11301570293188' 'destroyed']
 ['F111' '94.29876171811695' 'destroyed']
 ['F77' '104.23870717755274' 'absent']
 ['F11' '117.0694615918726' 'destroyed']
 ['F158' '144.44356458951185' 'mated']
 ['F41' '175.31242135969651' 'mated']
 ['F173' '177.9407208202325' 'mated']
 ['F95' '184.61434826505055' 'mated']
 ['F39' '187.38164195064496' 'mated']
 ['F199' '195.1049416146508' 'mated']
 ['F185' '205.27614298604573' 'mated']
 ['F70' '205.8290794378887' 'mated']
 ['F131' '212.7967974171436' 'mated']
 ['F2' '227.15608227631878' 'destroyed']
 ['F0' '254.84846535259652' 'mated']
 ['F80' '286.6758208531263' 'mated']
 ['F24' '310.1445796294998' 'absent']
 ['F62' '316.7972606883452' 'destroyed']
 ['F103' '343.8935955567918' 'mated']]",578.0,68.74062715284305,13.952736241793392,1390.0,232.1529074057995,49.181095277743715,359.0,59.16542116889054,12.505579560465392,0.0,0.0,0.0,0.0,0.0,0.0
17,0.054,9,360.0689267512164,"[['6' '1.9876918379253026' 'present']
 ['19' '9.57678868841974' 'present']
 ['2' '15.097236261277459' 'present']
 ['1' '21.567913931370676' 'present']
 ['6' '23.877441526024914' 'marauded']
 ['19' '25.169728220049745' 'destroyed']
 ['3' '35.4736509225699' 'marauded']
 ['11' '38.62623284708168' 'destroyed']
 ['1' '39.40791013991196' 'presentdestroyed']
 ['4' '44.025446372999774' 'present']
 ['18' '47.64750294907156' 'present']
 ['0' '51.709009572079026' 'present']
 ['2' '51.98734577469151' 'marauded']
 ['20' '66.75572505116624' 'present']
 ['0' '71.06188003567453' 'present']
 ['18' '84.57848270046041' 'present']
 ['11' '85.74333003502069' 'present']
 ['14' '111.61353552930278' 'present']
 ['0' '120.89734645161776' 'present']
 ['19' '131.0811713001378' 'present']
 ['20' '144.22950369614256' 'present']
 ['19' '149.26130745676525' 'present']
 ['4' '149.63994815928535' 'marauded']
 ['4' '157.1093279099217' 'present']
 ['12' '161.0948060481992' 'present']
 ['12' '166.22343413279907' 'marauded']
 ['15' '174.3008283504284' 'present']
 ['14' '176.98348296025492' 'present']
 ['15' '183.2871804407134' 'present']
 ['14' '193.78854762609308' 'present']
 ['19' '194.522989331651' 'marauded']
 ['6' '202.24061042172752' 'presentdestroyed']
 ['3' '202.7335873846018' 'marauded']
 ['18' '212.61816809389572' 'present']
 ['3' '219.70288861087147' 'present']
 ['11' '220.78622029566307' 'present']
 ['15' '222.3443566654208' 'marauded']
 ['15' '223.1569595289322' 'presentdestroyed']
 ['4' '233.394833634036' 'present']
 ['4' '259.6603968022958' 'marauded']
 ['6' '268.82115508417576' 'present']
 ['6' '270.1853153434076' 'present']
 ['3' '271.07903795476903' 'present']
 ['6' '273.81974413293904' 'present']
 ['4' '281.75473687005956' 'present']
 ['18' '295.0538891367234' 'present']
 ['2' '295.8992860211365' 'marauded']
 ['0' '296.27695667439' 'presentdestroyed']
 ['6' '311.089062940733' 'present']
 ['6' '321.88942984244215' 'marauded']
 ['19' '324.9021382393465' 'presentdestroyed']
 ['3' '343.35235833304023' 'present']
 ['20' '347.6896422795317' 'present']
 ['7' '349.00457848888203' 'present']
 ['4' '350.4182289927027' 'present']]","[['F7' '80.16449338297512' 'absent']
 ['F111' '94.34505801441325' 'mated']
 ['F96' '119.19873882078835' 'mated']
 ['F151' '133.6345291958393' 'mated']
 ['F170' '148.76152651118807' 'mated']
 ['F93' '160.49556338186684' 'mated']
 ['F157' '177.6962819124889' 'mated']
 ['F142' '180.3026565763169' 'mated']
 ['F2' '227.13293412817063' 'absentdestroyed']
 ['F108' '264.9519378287413' 'destroyed']
 ['F133' '274.91176958707194' 'absent']
 ['F62' '316.8435569846415' 'mated']
 ['F52' '331.7403542489193' 'mated']]",562.0,71.57633471887286,14.866480332645661,1241.0,215.84264818840435,47.47187150791613,408.0,67.75528263165188,14.428178935174117,15.0,1.5000000000000002,0.15000000000000008,74.0,3.425925925925925,0.1586076817558298
18,0.054,6,360.58654621143694,"[['2' '18.37134170352768' 'present']
 ['6' '31.407620415720704' 'marauded']
 ['12' '36.381562038837856' 'presentdestroyed']
 ['14' '43.77753758152203' 'present']
 ['20' '49.913580078793856' 'marauded']
 ['19' '64.89946648688311' 'marauded']
 ['0' '68.17154201842727' 'presentdestroyed']
 ['1' '70.4829233469149' 'presentdestroyed']
 ['15' '83.76133725609232' 'present']
 ['12' '90.54694659844151' 'present']
 ['4' '91.88841484639487' 'present']
 ['11' '97.04236004988589' 'present']
 ['11' '97.48484072662536' 'present']
 ['2' '101.84020742223164' 'present']
 ['11' '114.38460847804481' 'present']
 ['6' '119.25111467643536' 'marauded']
 ['15' '125.60686158971502' 'presentdestroyed']
 ['0' '151.8507040310681' 'present']
 ['20' '173.84334997334832' 'present']
 ['0' '177.50233138868202' 'present']
 ['20' '188.92102999505968' 'marauded']
 ['12' '191.44398421270955' 'presentdestroyed']
 ['0' '198.38424584938622' 'present']
 ['12' '198.85235277838785' 'present']
 ['14' '201.89501643415508' 'present']
 ['20' '202.50165091187154' 'marauded']
 ['14' '205.03627540616705' 'presentdestroyed']
 ['0' '210.37667956976333' 'present']
 ['11' '230.83567607408781' 'present']
 ['4' '242.90917707757316' 'marauded']
 ['19' '248.2872302300132' 'destroyed']
 ['4' '271.3628792727293' 'present']
 ['15' '282.869715792559' 'present']
 ['1' '283.136308903221' 'present']
 ['4' '284.6831821389222' 'present']
 ['7' '285.8162782613992' 'present']
 ['2' '288.2974371670278' 'present']
 ['0' '293.65107592435334' 'present']
 ['12' '302.707649895343' 'present']
 ['17' '304.2317915629412' 'present']
 ['17' '307.0519793281911' 'present']
 ['20' '312.00531571947266' 'present']
 ['19' '312.8902335178045' 'present']
 ['7' '321.7652432643847' 'marauded']
 ['4' '328.5068055712071' 'presentdestroyed']
 ['10' '343.11152198071454' 'present']
 ['11' '344.21302494155003' 'present']
 ['17' '344.4909375405781' 'marauded']
 ['15' '352.4727444076661' 'present']
 ['14' '353.08847551780974' 'present']
 ['3' '354.4305531638676' 'present']
 ['14' '357.6454864495368' 'present']
 ['2' '357.7715433073985' 'present']]","[['F16' '67.07239696530547' 'destroyed']
 ['F32' '70.66900410978806' 'destroyed']
 ['F215' '90.43265678797617' 'mated']
 ['F90' '99.50396745132761' 'mated']
 ['F58' '105.42883313842366' 'absent']
 ['F177' '105.79177926413921' 'mated']
 ['F150' '160.61244035152782' 'mated']
 ['F112' '186.50775900237886' 'mated']
 ['F118' '208.87601283873843' 'absentdestroyed']
 ['F124' '246.03161234953734' 'destroyed']
 ['F116' '277.74071795983275' 'mated']]",572.0,67.00742488555191,13.563240306678795,1378.0,233.10675227103363,49.9107582784825,301.0,54.94530229196319,12.740472585319049,13.0,1.3,0.13000000000000006,79.0,3.6574074074074066,0.16932441700960202
19,0.054,9,360.2031571549857,"[['14' '0.28513537246347' 'present']
 ['2' '13.11026297608194' 'marauded']
 ['10' '39.67256076999131' 'present']
 ['7' '64.22282853913795' 'present']
 ['1' '65.38759216390642' 'marauded']
 ['1' '71.60213999103773' 'presentdestroyed']
 ['18' '76.02326179547961' 'present']
 ['18' '80.41747734831466' 'present']
 ['18' '85.8749078765305' 'present']
 ['18' '111.22029250651525' 'present']
 ['14' '116.84172533042096' 'present']
 ['14' '121.9279922031672' 'present']
 ['11' '128.20772907703017' 'present']
 ['0' '138.018650268136' 'present']
 ['4' '146.31169932667999' 'present']
 ['3' '151.70182561481' 'present']
 ['10' '161.49182088489312' 'present']
 ['1' '164.64644256878563' 'present']
 ['10' '164.65752177448456' 'present']
 ['20' '178.35694021804605' 'marauded']
 ['17' '182.29319942541045' 'destroyed']
 ['0' '200.09643867633082' 'present']
 ['4' '203.01646291395824' 'marauded']
 ['17' '212.26085239197545' 'marauded']
 ['15' '228.87706681583484' 'present']
 ['14' '232.32491768830596' 'present']
 ['12' '235.0090830096813' 'present']
 ['7' '239.3722695444217' 'marauded']
 ['6' '241.25331206157793' 'presentdestroyed']
 ['12' '243.6865948613147' 'destroyed']
 ['3' '256.7837823089847' 'present']
 ['14' '258.7939833696726' 'present']
 ['3' '295.0918253549548' 'present']
 ['20' '306.61017030026466' 'present']
 ['0' '335.7676667203148' 'marauded']
 ['0' '338.8157892822641' 'presentdestroyed']]","[['F107' '57.66655785264175' 'mated']
 ['F181' '89.49427095962395' 'mated']
 ['F72' '97.88348195200554' 'mated']
 ['F200' '157.54866590822724' 'absent']
 ['F6' '174.69050932989464' 'mated']
 ['F95' '184.5912001169024' 'destroyed']
 ['F74' '193.03216090340757' 'mated']
 ['F134' '195.24620245621415' 'mated']
 ['F70' '205.80593128974056' 'destroyed']
 ['F160' '207.22081121471587' 'absentdestroyed']
 ['F86' '209.68656832271296' 'destroyed']
 ['F191' '231.805641777848' 'mated']
 ['F202' '275.73961625810693' 'mated']
 ['F116' '277.7175698116846' 'absent']
 ['F61' '286.6895423506974' 'mated']
 ['F171' '312.8960610099375' 'absent']]",565.0,70.5357259930215,14.801274452119475,1436.0,241.88074574914864,52.12093713712197,258.0,42.349966661747395,8.803489071227094,15.0,1.5000000000000002,0.15000000000000008,83.0,3.8425925925925917,0.1778978052126198
20,0.054,4,359.8591424758808,"[['4' '3.534934686320136' 'marauded']
 ['0' '3.7213996311171917' 'presentdestroyed']
 ['12' '12.646710201959687' 'present']
 ['19' '21.54997927545556' 'present']
 ['0' '21.87678818552201' 'present']
 ['14' '24.291315489439622' 'present']
 ['17' '35.417428246194135' 'marauded']
 ['18' '39.37525384107842' 'presentdestroyed']
 ['7' '41.660960909332786' 'presentdestroyed']
 ['15' '45.58738029441923' 'present']
 ['3' '60.11390524225101' 'present']
 ['15' '60.7022163877496' 'present']
 ['6' '74.87262112376771' 'present']
 ['19' '83.16839235682488' 'present']
 ['7' '108.9492665181306' 'present']
 ['19' '115.0371208085607' 'present']
 ['2' '126.73960360446581' 'present']
 ['10' '133.81763500637385' 'present']
 ['14' '135.00520985221976' 'present']
 ['4' '143.90996537440523' 'present']
 ['0' '151.6979808040474' 'present']
 ['15' '153.26835479119777' 'present']
 ['4' '157.84035772195423' 'marauded']
 ['12' '178.0765447223153' 'present']
 ['1' '179.41266956088168' 'present']
 ['4' '184.1511773863821' 'present']
 ['17' '184.37040325881034' 'present']
 ['2' '186.9564880582911' 'present']
 ['14' '191.21557985772986' 'present']
 ['6' '196.44613476785597' 'present']
 ['6' '197.05048413810673' 'present']
 ['3' '217.26463553053833' 'present']
 ['18' '217.29019218870567' 'present']
 ['2' '226.7364174983958' 'present']
 ['19' '229.90907980668885' 'marauded']
 ['4' '232.55664701016968' 'presentdestroyed']
 ['19' '239.00735399270434' 'present']
 ['6' '241.85768629098936' 'present']
 ['11' '242.53400626040465' 'present']
 ['1' '249.3686362242073' 'marauded']
 ['7' '253.44725443550982' 'presentdestroyed']
 ['19' '257.1389492176207' 'present']
 ['1' '260.1109392643276' 'present']
 ['4' '291.1979170889488' 'present']
 ['0' '297.6471103009776' 'present']
 ['18' '304.1275703253962' 'present']
 ['0' '333.7795865498304' 'present']
 ['14' '358.693681699025' 'present']
 ['7' '359.63135083453346' 'present']]","[['F54' '15.0064480015842' 'mated']
 ['F77' '104.26185532570089' 'mated']
 ['F58' '105.38253684212735' 'absent']
 ['F126' '209.7143091653981' 'mated']
 ['F84' '271.8068052167921' 'mated']]",571.0,70.59712158269191,13.661564292462911,1488.0,252.42893044626467,54.59402692051094,174.0,30.846348539051935,7.152974429436377,17.0,1.7000000000000004,0.1700000000000001,96.0,4.444444444444447,0.2057613168724276
21,0.0,8,360.0317159384343,"[['0' '3.0464734947311594' 'present']
 ['18' '15.45491536577864' 'present']
 ['17' '18.994921195532275' 'present']
 ['15' '19.318614822046595' 'present']
 ['14' '22.559676600301096' 'present']
 ['6' '25.15036267372412' 'marauded']
 ['12' '28.126672970278243' 'presentdestroyed']
 ['4' '37.96375279990389' 'present']
 ['1' '40.040513297567415' 'present']
 ['6' '42.91872198600544' 'present']
 ['17' '45.856311683555276' 'present']
 ['0' '65.45765994080664' 'present']
 ['17' '81.99202776214632' 'present']
 ['12' '83.11353475749091' 'present']
 ['10' '86.5613664402713' 'present']
 ['19' '87.78323087607048' 'present']
 ['1' '106.93312165875109' 'present']
 ['6' '108.78513273663441' 'present']
 ['0' '110.29440666875054' 'present']
 ['4' '122.71423941658679' 'present']
 ['1' '127.95730631416785' 'present']
 ['7' '135.5630486495736' 'present']
 ['7' '137.03021827055474' 'present']
 ['20' '138.33515672343708' 'present']
 ['15' '141.72602138802586' 'present']
 ['20' '146.12933495127675' 'present']
 ['15' '156.5453681033321' 'present']
 ['12' '157.67536724634832' 'present']
 ['19' '165.5997131591062' 'present']
 ['6' '179.60910455350773' 'present']
 ['14' '194.2916415212829' 'present']
 ['1' '205.40368094591759' 'present']
 ['14' '206.64763299210588' 'marauded']
 ['1' '206.92018626403743' 'presentdestroyed']
 ['1' '207.93825396328396' 'presentdestroyed']
 ['3' '211.2170748366764' 'presentdestroyed']
 ['1' '220.52111222897022' 'marauded']
 ['12' '221.75603477849114' 'presentdestroyed']
 ['10' '237.5421445137333' 'present']
 ['3' '239.7186094053863' 'marauded']
 ['15' '241.2744615905168' 'presentdestroyed']
 ['6' '266.6035716802927' 'present']
 ['3' '268.3040079937885' 'marauded']
 ['17' '277.1379954622018' 'present']
 ['19' '278.60778513648427' 'marauded']
 ['12' '287.88776286920955' 'present']
 ['6' '318.19202112737804' 'present']
 ['1' '330.20470378259654' 'marauded']
 ['12' '342.9223906650831' 'marauded']
 ['0' '343.0805730403109' 'presentdestroyed']
 ['6' '346.617054850377' 'presentdestroyed']
 ['18' '356.6066346621829' 'present']
 ['17' '359.0098179719586' 'present']]","[['F40' '57.250531827555356' 'mated']
 ['F122' '108.64698870011367' 'mated']
 ['F146' '110.26258437313354' 'mated']
 ['F165' '114.55823194672173' 'absent']
 ['F17' '132.81893021954986' 'mated']
 ['F213' '153.36981617386994' 'mated']
 ['F1' '183.74099932536114' 'mated']
 ['F155' '222.89263438364844' 'destroyed']
 ['F198' '227.7580829032623' 'destroyed']
 ['F172' '229.08242475642967' 'mated']
 ['F161' '246.2588127138041' 'destroyed']
 ['F152' '309.5694411142306' 'mated']]",565.0,70.86014717576852,14.196866545586188,1410.0,240.3421236411904,51.83603253747726,289.0,48.88651520135004,10.560656582758451,0.0,0.0,0.0,0.0,0.0,0.0
22,0.0,7,360.0850701844037,"[['12' '0.13590336517338317' 'present']
 ['14' '0.33143166875976626' 'present']
 ['17' '1.3199814632274791' 'present']
 ['6' '1.34009878267319' 'present']
 ['1' '9.29561216513689' 'present']
 ['7' '12.515676306768768' 'present']
 ['10' '28.846962072640267' 'present']
 ['15' '35.478772124387255' 'present']
 ['18' '39.42155013737471' 'present']
 ['18' '41.085340271235935' 'marauded']
 ['20' '47.07061705935186' 'presentdestroyed']
 ['3' '47.39434723914852' 'presentdestroyed']
 ['20' '65.55439144071903' 'present']
 ['14' '70.684221061735' 'present']
 ['15' '80.72064995785284' 'present']
 ['19' '83.89317006286048' 'present']
 ['10' '87.475125879269' 'present']
 ['3' '88.01057776301084' 'marauded']
 ['14' '92.43593005210779' 'presentdestroyed']
 ['19' '104.5947335347856' 'present']
 ['20' '110.58479795763567' 'present']
 ['2' '114.52448164772855' 'present']
 ['20' '116.81352137449713' 'present']
 ['7' '118.45382420062955' 'present']
 ['14' '118.47669450941204' 'present']
 ['20' '123.61189803610219' 'present']
 ['2' '124.98887417846099' 'marauded']
 ['7' '132.36032029634217' 'presentdestroyed']
 ['18' '133.87311414847895' 'marauded']
 ['18' '140.90003698164514' 'destroyed']
 ['4' '146.8545847265054' 'present']
 ['14' '147.1465037769723' 'present']
 ['20' '153.24477977590428' 'present']
 ['7' '156.60182586384465' 'marauded']
 ['10' '158.29540915888754' 'presentdestroyed']
 ['18' '161.52236640522426' 'presentdestroyed']
 ['12' '169.97803417008035' 'present']
 ['7' '171.59394551782248' 'present']
 ['7' '173.72368239820898' 'present']
 ['15' '184.67950299037742' 'present']
 ['6' '195.63897557602706' 'present']
 ['14' '197.6047623698802' 'present']
 ['0' '200.68971089864178' 'present']
 ['12' '203.86470902655722' 'present']
 ['6' '209.68985324216803' 'present']
 ['6' '216.9385528122082' 'present']
 ['1' '224.47328252057818' 'present']
 ['20' '226.9497905843726' 'marauded']
 ['15' '233.1088912642803' 'destroyed']
 ['4' '241.61003372015028' 'marauded']
 ['2' '250.65260868328852' 'present']
 ['2' '254.6670334611446' 'present']
 ['19' '260.2709682344298' 'marauded']
 ['18' '263.8298669027412' 'presentdestroyed']
 ['14' '267.0457657513847' 'presentdestroyed']
 ['17' '270.12123453013373' 'present']
 ['19' '272.54487203852744' 'present']
 ['4' '287.72469717341613' 'present']
 ['15' '291.4934039024045' 'present']
 ['0' '294.56717093077606' 'present']
 ['19' '297.135162816172' 'present']
 ['6' '298.41323855651615' 'present']
 ['19' '299.95889909932794' 'marauded']
 ['19' '308.14143687952514' 'present']
 ['20' '328.86050490801824' 'marauded']
 ['4' '329.9780591873186' 'presentdestroyed']
 ['1' '333.92757409795405' 'presentdestroyed']
 ['15' '338.8472262041546' 'present']
 ['14' '354.90916160316124' 'present']
 ['10' '355.4333314496767' 'present']
 ['10' '359.26328142814043' 'marauded']]","[['F21' '55.96129188948775' 'mated']
 ['F11' '117.04631344372444' 'absent']
 ['F176' '144.303399840455' 'mated']
 ['F138' '166.24978015888485' 'mated']
 ['F42' '178.8690497790995' 'mated']
 ['F82' '205.28191848568298' 'mated']
 ['F149' '271.59171227309747' 'mated']
 ['F84' '271.78365706864395' 'absent']
 ['F190' '273.24289110429356' 'mated']]",567.0,71.27689885734311,15.551874591431226,1359.0,227.38729904934584,47.57695589687244,372.0,61.478362806094005,12.98329750251629,0.0,0.0,0.0,0.0,0.0,0.0
23,0.0,10,360.4466400050777,"[['3' '18.590735762109208' 'present']
 ['14' '24.6887868460193' 'marauded']
 ['18' '30.3074930645998' 'presentdestroyed']
 ['14' '33.26926288660919' 'present']
 ['20' '34.908681091301226' 'present']
 ['12' '49.437770298241155' 'present']
 ['19' '55.7420388670238' 'present']
 ['3' '56.71440823732863' 'present']
 ['4' '61.17121802894247' 'present']
 ['18' '84.45228785340676' 'present']
 ['4' '87.65844584406211' 'present']
 ['17' '88.83306764168948' 'present']
 ['0' '96.17266852859288' 'present']
 ['0' '99.61665259313946' 'marauded']
 ['10' '101.35266089846034' 'presentdestroyed']
 ['7' '123.6012771718193' 'present']
 ['11' '128.48745275580922' 'present']
 ['17' '138.398542300325' 'present']
 ['6' '142.63331168156816' 'present']
 ['15' '153.37335515048215' 'present']
 ['10' '153.58750282479227' 'present']
 ['18' '155.953598692725' 'present']
 ['14' '158.80616334371086' 'marauded']
 ['19' '162.25684861184283' 'destroyed']
 ['1' '164.0409513534681' 'presentdestroyed']
 ['4' '171.15651939980978' 'present']
 ['6' '174.1853287904098' 'present']
 ['3' '175.5971472513796' 'present']
 ['15' '181.2337497851199' 'present']
 ['11' '190.20772454122232' 'present']
 ['2' '191.57212077564395' 'present']
 ['12' '196.20379337074166' 'present']
 ['4' '207.13635559900501' 'present']
 ['11' '209.971978108191' 'present']
 ['15' '217.82877488985565' 'present']
 ['14' '217.91144421213457' 'present']
 ['3' '219.53442404139565' 'present']
 ['3' '242.39212187532064' 'present']
 ['6' '259.322993799885' 'present']
 ['2' '263.7894964715649' 'present']
 ['15' '294.4257144052029' 'present']
 ['14' '298.39009518807717' 'marauded']
 ['14' '303.023612497508' 'presentdestroyed']
 ['17' '306.40351216345243' 'present']
 ['17' '307.8008940344691' 'marauded']
 ['17' '311.626722697871' 'presentdestroyed']
 ['15' '314.9090808656423' 'destroyed']
 ['10' '326.4454694819952' 'present']
 ['17' '335.0048178806071' 'present']
 ['1' '336.6495562829336' 'present']
 ['11' '344.3224058347991' 'present']
 ['20' '347.6433459832354' 'present']
 ['7' '349.5341035041238' 'present']]","[['F38' '29.981426745296087' 'destroyed']
 ['F7' '80.18764153112328' 'mated']
 ['F106' '152.96093115678585' 'mated']
 ['F200' '157.5718140563754' 'mated']
 ['F156' '169.21739371280333' 'mated']
 ['F13' '173.04505275349499' 'mated']
 ['F101' '189.4626536200024' 'mated']
 ['F59' '201.29416583310993' 'mated']
 ['F126' '209.69116101724995' 'absent']
 ['F174' '227.39301978122464' 'mated']
 ['F137' '260.5691055882418' 'mated']
 ['F73' '261.95688148185496' 'mated']]",570.0,72.46843399476498,14.838686088227895,1487.0,257.2404468681644,55.90223819206248,178.0,30.46040424892758,6.609321461596663,0.0,0.0,0.0,0.0,0.0,0.0
