id,probability_maraud,successful_mating,next_foraging_time,mar_attempts,mate_attempts,foraging_events,foraging_hrs,foraging_sqhrs,staying_events,staying_hrs,staying_sqhrs,repairing_events,repairing_hrs,repairing_sqhrs,marauding_events,marauding_hrs,marauding_sqhrs,traveling_events,traveling_hrs,traveling_sqhrs
0,0.054,6,360.17586758076646,"[['6' '3.8318959605954874' 'present']
 ['2' '6.488515079576169' 'present']
 ['5' '7.566262478645309' 'present']
 ['7' '10.332815633563541' 'marauded']
 ['23' '16.57962518617802' 'destroyed']
 ['23' '20.785744826672303' 'present']
 ['11' '28.670005842349955' 'present']
 ['23' '32.32377476784879' 'present']
 ['17' '38.54492623174425' 'present']
 ['23' '39.00294700868245' 'present']
 ['21' '42.53481785128814' 'present']
 ['23' '48.37640459817118' 'present']
 ['15' '72.465486577766' 'present']
 ['12' '89.9593163220104' 'present']
 ['20' '90.50955681273544' 'present']
 ['7' '92.09339421650326' 'present']
 ['2' '92.73809688828098' 'present']
 ['20' '107.50025258409012' 'present']
 ['19' '116.43014441435099' 'present']
 ['15' '118.15343778483124' 'present']
 ['8' '119.06160688063918' 'marauded']
 ['2' '121.61427862121343' 'presentdestroyed']
 ['19' '130.19927582662353' 'marauded']
 ['5' '131.4663360044473' 'presentdestroyed']
 ['8' '138.01072680444491' 'present']
 ['2' '145.01139272279391' 'present']
 ['5' '151.40675569802968' 'present']
 ['2' '154.63229348243735' 'present']
 ['8' '158.86099821214137' 'present']
 ['22' '159.3150307751911' 'marauded']
 ['15' '162.74932909405933' 'presentdestroyed']
 ['19' '172.16677041080044' 'present']
 ['11' '173.6505688197044' 'present']
 ['21' '174.59051677264137' 'marauded']
 ['8' '185.48983570928203' 'present']
 ['12' '197.81542587244175' 'present']
 ['22' '205.01866716244493' 'present']
 ['8' '223.00709748485718' 'present']
 ['17' '226.5578417876473' 'present']
 ['5' '241.7085264972422' 'present']
 ['15' '251.24781363379424' 'marauded']
 ['12' '255.6757999541392' 'destroyed']
 ['12' '260.6712906573106' 'present']
 ['21' '266.453702785262' 'marauded']
 ['3' '274.64108681578364' 'present']
 ['3' '275.1990882792602' 'present']
 ['17' '295.40197023227944' 'marauded']
 ['22' '309.47169763015233' 'present']
 ['17' '319.30802467845473' 'present']
 ['20' '323.12389780960837' 'present']
 ['5' '350.33722710120696' 'marauded']
 ['23' '351.4698297957006' 'presentdestroyed']]","[['F159' '45.02268648478823' 'mated']
 ['F57' '200.83801470104146' 'mated']
 ['F45' '206.10939539587778' 'mated']
 ['F195' '221.15305265361653' 'mated']
 ['F54' '226.6335534588865' 'mated']
 ['F190' '238.45284612389395' 'mated']
 ['F83' '246.2112980932199' 'absent']]",555.0,72.55562264853482,15.801127640904319,1360.0,228.16188771893283,48.67108282279517,330.0,54.86456897646401,11.856768618304534,11.0,1.0999999999999999,0.11000000000000004,73.0,3.379629629629629,0.15646433470507534
1,0.0,5,360.1659678482415,"[['12' '2.9897116105846266' 'present']
 ['12' '7.591708339927254' 'present']
 ['6' '15.494465648905958' 'present']
 ['3' '16.777182556313047' 'present']
 ['5' '16.860489370052065' 'marauded']
 ['17' '17.9222293193191' 'presentdestroyed']
 ['19' '20.639789350159404' 'presentdestroyed']
 ['0' '24.29203317400805' 'present']
 ['23' '24.880407648160134' 'present']
 ['8' '31.48254706590628' 'present']
 ['0' '36.59661809855226' 'present']
 ['22' '41.29641898661723' 'present']
 ['3' '48.621160438391044' 'present']
 ['21' '48.88589598761126' 'marauded']
 ['8' '61.49117224827371' 'present']
 ['7' '67.3700187923072' 'present']
 ['7' '71.54176381612984' 'present']
 ['8' '82.99529166414474' 'present']
 ['22' '89.8019062152454' 'marauded']
 ['0' '93.17056936015891' 'presentdestroyed']
 ['7' '99.46991966126289' 'present']
 ['23' '102.44526591171089' 'present']
 ['6' '114.28259426465992' 'present']
 ['17' '117.70680142338506' 'marauded']
 ['22' '132.49705379502922' 'present']
 ['23' '135.80384613785628' 'present']
 ['3' '140.463161275277' 'present']
 ['2' '153.6500965961464' 'present']
 ['20' '174.56173441400827' 'present']
 ['23' '188.27595442507572' 'present']
 ['15' '195.8476857911981' 'marauded']
 ['23' '209.7281559855604' 'present']
 ['11' '211.68154524467968' 'present']
 ['20' '225.65666397951455' 'marauded']
 ['3' '227.16060645398414' 'presentdestroyed']
 ['12' '245.02537761140812' 'present']
 ['5' '252.9624315691769' 'present']
 ['21' '266.27008642907737' 'present']
 ['2' '272.68026891522095' 'present']
 ['5' '277.61000682986844' 'present']
 ['22' '285.87001266275706' 'marauded']
 ['2' '290.34119694497724' 'presentdestroyed']
 ['0' '303.47383005878856' 'present']
 ['6' '318.378278313157' 'present']
 ['2' '329.1949698654247' 'marauded']
 ['20' '332.6990495758818' 'destroyed']
 ['22' '332.898144724101' 'presentdestroyed']
 ['0' '337.5073793202199' 'present']
 ['0' '337.8227161741389' 'present']
 ['5' '340.637511587885' 'present']
 ['11' '343.1895319910519' 'present']
 ['11' '351.32524733403795' 'present']
 ['6' '353.2466263810379' 'present']
 ['15' '354.17521610983283' 'present']]","[['F181' '76.29632018301731' 'mated']
 ['F173' '95.97092430338472' 'absentdestroyed']
 ['F100' '120.75519255713942' 'destroyed']
 ['F205' '122.0449060400835' 'destroyed']
 ['F145' '131.26925483547092' 'mated']
 ['F14' '140.04875779817874' 'mated']
 ['F127' '147.4081361274078' 'absent']
 ['F57' '200.8148665528933' 'destroyed']
 ['F148' '222.82132964660752' 'mated']
 ['F209' '226.043477942585' 'absentdestroyed']
 ['F146' '228.30394487730578' 'destroyed']
 ['F20' '236.38824168345133' 'absent']
 ['F20' '248.48083427604394' 'mated']]",561.0,73.56359416796917,14.8290519819269,1401.0,237.59144934949774,51.731076183395366,289.0,48.994927013323355,10.564813642344639,0.0,0.0,0.0,0.0,0.0,0.0
2,0.054,9,359.9625844112333,"[['12' '4.467958625060136' 'present']
 ['12' '6.053655541289498' 'present']
 ['19' '10.848492830121081' 'present']
 ['15' '15.145595201773514' 'present']
 ['23' '28.623548367075294' 'present']
 ['7' '39.99547336236829' 'marauded']
 ['3' '44.24991054846037' 'presentdestroyed']
 ['21' '49.75826349278398' 'present']
 ['19' '64.7463283703358' 'present']
 ['22' '74.63443138924582' 'present']
 ['23' '79.78030359552258' 'present']
 ['6' '106.41120080448353' 'marauded']
 ['17' '109.55763696173803' 'presentdestroyed']
 ['8' '111.61469461471565' 'presentdestroyed']
 ['21' '113.61351066335087' 'presentdestroyed']
 ['12' '128.35198594033537' 'marauded']
 ['3' '139.2135858961525' 'present']
 ['7' '155.65466816264905' 'present']
 ['7' '162.41178274792765' 'present']
 ['3' '176.56192113660396' 'present']
 ['0' '185.87137511938946' 'present']
 ['11' '187.28456017312737' 'present']
 ['21' '187.97808227001755' 'present']
 ['6' '193.6435355107877' 'present']
 ['15' '205.72516550674393' 'marauded']
 ['21' '211.5125168601371' 'presentdestroyed']
 ['3' '212.47309252530852' 'presentdestroyed']
 ['8' '232.6202268288126' 'marauded']
 ['8' '235.94284569477213' 'destroyed']
 ['15' '239.05996945572505' 'presentdestroyed']
 ['6' '282.43410890435666' 'present']
 ['3' '293.75541166668927' 'present']
 ['5' '295.20351338420625' 'present']
 ['15' '299.48910838344267' 'marauded']
 ['17' '300.48544975679425' 'presentdestroyed']
 ['17' '301.7618017599408' 'presentdestroyed']
 ['15' '333.1642294572169' 'marauded']
 ['3' '348.98886772199955' 'present']
 ['6' '358.34754071583325' 'marauded']]","[['F153' '56.0144601951066' 'mated']
 ['F80' '95.67833960828627' 'absent']
 ['F56' '97.00163057635221' 'mated']
 ['F138' '101.76738670053726' 'mated']
 ['F166' '102.19884268764326' 'mated']
 ['F129' '143.04865780500538' 'mated']
 ['F151' '153.6864673200506' 'mated']
 ['F171' '177.88601194473753' 'absent']
 ['F134' '198.68175172030809' 'absent']
 ['F51' '208.42233893474832' 'destroyed']
 ['F17' '210.7877268547112' 'absentdestroyed']
 ['F148' '210.79818149845937' 'absentdestroyed']
 ['F120' '213.52510475130705' '']
 ['F207' '231.93133249772754' 'mated']
 ['F41' '235.06581247364713' 'destroyed']
 ['F20' '236.43453797974763' 'destroyed']
 ['F140' '241.36102384547758' 'mated']
 ['F106' '246.01747783304427' 'mated']
 ['F135' '334.81318485213467' 'destroyed']]",570.0,73.44068414761986,15.223218855114743,1409.0,236.57315339517933,50.63361550458069,265.0,44.367547113529604,9.354339446471172,13.0,1.3,0.13000000000000006,99.0,4.5833333333333375,0.21219135802469094
3,0.054,11,360.54272431384123,"[['20' '2.886855014490308' 'present']
 ['0' '3.1361846145405945' 'present']
 ['22' '4.537193443902069' 'present']
 ['15' '12.660809803109897' 'present']
 ['5' '12.920299795042093' 'present']
 ['11' '15.628598476150149' 'present']
 ['2' '34.12537956574834' 'present']
 ['8' '50.076443231938015' 'present']
 ['7' '58.817231675345944' 'present']
 ['22' '60.96431612481969' 'present']
 ['7' '61.31868949668139' 'marauded']
 ['8' '69.76347464443724' 'present']
 ['2' '79.1036728869357' 'present']
 ['5' '82.18220575439331' 'marauded']
 ['21' '86.57270903373275' 'presentdestroyed']
 ['22' '90.94807032607224' 'present']
 ['2' '93.08758493507024' 'present']
 ['8' '108.6358401359053' 'present']
 ['17' '112.2512775670286' 'present']
 ['6' '125.58325951490427' 'marauded']
 ['20' '138.18817239932142' 'present']
 ['19' '141.52667453334513' 'present']
 ['21' '154.64042042156566' 'marauded']
 ['20' '170.18866024263852' 'present']
 ['7' '177.85535232321845' 'marauded']
 ['2' '177.89411884106204' 'destroyed']
 ['11' '180.09790752800865' 'presentdestroyed']
 ['21' '191.9171372854686' 'present']
 ['6' '192.21596361124222' 'present']
 ['2' '193.03184844461921' 'present']
 ['8' '199.34079103378366' 'present']
 ['19' '201.65375485286967' 'marauded']
 ['6' '205.6204403437484' 'presentdestroyed']
 ['7' '208.17563800614138' 'destroyed']
 ['2' '214.02702877495045' 'present']
 ['2' '222.8857574063148' 'present']
 ['5' '232.0415505633088' 'present']
 ['5' '232.0878468596051' 'present']
 ['7' '246.34494171841905' 'present']
 ['15' '255.03181776296856' 'marauded']
 ['21' '263.389383823247' 'present']
 ['12' '265.4457428792294' 'marauded']
 ['2' '272.72656521151725' 'present']
 ['5' '273.7125327865551' 'present']
 ['8' '275.96697508461426' 'present']
 ['0' '279.6014939303783' 'marauded']
 ['17' '280.7546245469115' 'destroyed']
 ['19' '298.2588061090593' 'present']
 ['17' '314.65638357366015' 'marauded']
 ['15' '317.2624451679439' 'presentdestroyed']
 ['17' '321.48657324370936' 'presentdestroyed']
 ['20' '329.84273785878094' 'present']
 ['20' '330.30222642034295' 'present']
 ['23' '333.4875729232151' 'present']
 ['22' '341.018648199515' 'present']
 ['19' '342.92186546304265' 'present']
 ['19' '345.3393548468839' 'present']]","[['F1' '33.444723797531815' 'mated']
 ['F77' '70.44365147474302' 'mated']
 ['F113' '75.86647416500102' 'mated']
 ['F132' '104.98020835209437' 'mated']
 ['F200' '125.58171318197105' 'absent']
 ['F210' '145.70712150100343' 'absent']
 ['F124' '153.9221438155092' 'mated']
 ['F168' '160.72846608645645' 'destroyed']
 ['F147' '197.1080423739671' 'mated']
 ['F110' '198.53353990947178' 'mated']
 ['F45' '206.03995095143333' 'destroyed']
 ['F67' '242.11758825710493' 'mated']
 ['F33' '273.15182623584883' 'absent']
 ['F170' '300.4358222196623' 'mated']
 ['F68' '307.17303281348063' 'mated']
 ['F135' '334.8363330002828' 'mated']]",569.0,70.18906389261463,14.76899887509735,1345.0,224.17887639777013,47.290883839538616,363.0,61.13210922760659,13.172728558939102,13.0,1.3,0.13000000000000006,70.0,3.24074074074074,0.150034293552812
4,0.0,5,360.31988798745806,"[['22' '6.9476760439617244' 'present']
 ['17' '17.236996266744168' 'present']
 ['11' '24.802118605685777' 'present']
 ['11' '29.285858624375695' 'present']
 ['11' '30.220791190189946' 'present']
 ['6' '39.66800898353527' 'marauded']
 ['20' '48.69916976694821' 'present']
 ['5' '54.278018316806104' 'marauded']
 ['21' '85.92529526298881' 'present']
 ['15' '89.4115536834569' 'marauded']
 ['3' '102.58439698072364' 'present']
 ['6' '111.86417543666103' 'marauded']
 ['2' '117.18384248666504' 'presentdestroyed']
 ['19' '129.89581187417582' 'marauded']
 ['17' '134.14316563355857' 'destroyed']
 ['7' '158.0060817366971' 'present']
 ['5' '162.72552824757022' 'present']
 ['3' '165.80594891275015' 'present']
 ['12' '168.50755612819566' 'present']
 ['8' '172.1447932364106' 'marauded']
 ['7' '176.96421522824778' 'presentdestroyed']
 ['5' '181.06537766248064' 'present']
 ['8' '189.64910439683476' 'marauded']
 ['15' '192.5707755223224' 'presentdestroyed']
 ['15' '213.18470573926933' 'marauded']
 ['6' '217.28000721965412' 'presentdestroyed']
 ['19' '235.13824852949358' 'present']
 ['15' '238.85519406216227' 'marauded']
 ['22' '238.96656915315953' 'presentdestroyed']
 ['12' '242.1538705791371' 'presentdestroyed']
 ['23' '282.6978838548356' 'present']
 ['7' '283.05358725528555' 'present']
 ['22' '290.5246153487688' 'present']
 ['0' '294.4584203862773' 'present']
 ['0' '295.3301618688165' 'marauded']
 ['3' '300.94204016778366' 'presentdestroyed']
 ['7' '301.05912467331024' 'presentdestroyed']
 ['21' '303.2160138738029' 'present']
 ['2' '310.9997592742372' 'present']
 ['19' '315.61775721546996' 'marauded']
 ['20' '316.2169020680684' 'presentdestroyed']
 ['21' '318.90745030787605' 'presentdestroyed']
 ['11' '331.2780925995502' 'present']
 ['23' '332.2923272376208' 'present']
 ['3' '346.9173598867264' 'present']
 ['19' '347.4240223349625' 'present']
 ['12' '353.3313733336361' 'present']
 ['22' '359.96545359438556' 'present']]","[['F26' '61.42408376233185' 'destroyed']
 ['F200' '125.6048613301192' 'mated']
 ['F78' '145.72536029538' 'mated']
 ['F150' '189.22539688101514' 'mated']
 ['F101' '219.79618993479704' 'destroyed']
 ['F87' '232.9054655060492' 'absent']
 ['F41' '235.08896062179528' 'mated']
 ['F20' '236.36509353530317' 'absent']
 ['F144' '291.05195803768316' 'mated']
 ['F68' '307.1498846653325' 'absent']]",563.0,72.26932205650517,15.510836639029598,1299.0,220.73038925889904,47.69197165134025,412.0,67.07321951556287,14.027981059626011,0.0,0.0,0.0,0.0,0.0,0.0
5,0.054,17,360.14590231552717,"[['11' '20.447894239248026' 'present']
 ['12' '22.678667562355507' 'present']
 ['23' '24.03512557343288' 'present']
 ['0' '25.12928720453049' 'marauded']
 ['7' '34.85847164551547' 'present']
 ['6' '34.994226880431135' 'marauded']
 ['19' '59.89162030190317' 'present']
 ['12' '74.39772727267928' 'present']
 ['21' '79.86453758791805' 'present']
 ['2' '80.86133021231069' 'present']
 ['7' '87.3442003113603' 'present']
 ['12' '88.32876826436024' 'present']
 ['20' '91.54883797849261' 'present']
 ['21' '93.42267041002755' 'present']
 ['22' '97.33606744201161' 'present']
 ['7' '103.70398820643179' 'present']
 ['19' '117.75421477359254' 'present']
 ['6' '134.0734247126679' 'present']
 ['19' '135.85404195217257' 'present']
 ['0' '157.5922288559932' 'present']
 ['11' '163.15792644571331' 'marauded']
 ['8' '180.46367519914557' 'present']
 ['19' '188.64758075366885' 'present']
 ['8' '200.41283393589592' 'present']
 ['20' '201.85718150502748' 'marauded']
 ['20' '203.42495041070418' 'destroyed']
 ['12' '209.74360364769004' 'present']
 ['15' '211.79845390953648' 'present']
 ['23' '223.65908218073588' 'present']
 ['12' '247.08999358496976' 'present']
 ['12' '253.35994138029594' 'present']
 ['20' '257.3608561829525' 'present']
 ['0' '260.0018143012846' 'present']
 ['17' '261.5009195931253' 'present']
 ['3' '278.75964529587804' 'marauded']
 ['22' '299.37736316408797' 'marauded']
 ['6' '309.64951927890297' 'marauded']
 ['6' '326.7670032541054' 'marauded']
 ['6' '332.44856111435' 'presentdestroyed']
 ['2' '341.28647419151554' 'marauded']
 ['15' '347.22614667646275' 'presentdestroyed']
 ['19' '349.40366741193276' 'present']
 ['11' '351.16194544043327' 'present']
 ['15' '353.6973796831201' 'present']]","[['F69' '46.63955801511917' 'mated']
 ['F118' '47.10173328620598' 'mated']
 ['F206' '73.6803737982883' 'mated']
 ['F107' '96.80679494601206' 'mated']
 ['F56' '96.93218613190776' 'absent']
 ['F53' '109.53654997709017' 'mated']
 ['F152' '116.13432859756465' 'mated']
 ['F71' '116.14518297376345' 'mated']
 ['F10' '129.37358276259928' 'mated']
 ['F96' '141.48473152343485' 'mated']
 ['F151' '153.66331917190246' 'absent']
 ['F208' '161.4793250432082' 'mated']
 ['F157' '172.53175360956322' 'mated']
 ['F98' '195.82747504208072' 'mated']
 ['F84' '196.19097751739181' 'mated']
 ['F35' '212.23829969429778' 'absent']
 ['F192' '231.21620443532584' 'mated']
 ['F128' '234.09852616965927' 'mated']
 ['F175' '243.42654133023007' 'mated']
 ['F32' '243.68422718455074' 'mated']]",558.0,72.43776681680428,15.635017137484127,1354.0,227.05985576142797,47.55799270754328,311.0,55.34420421794007,12.194934778407607,15.0,1.5000000000000002,0.15000000000000008,82.0,3.7962962962962954,0.17575445816186536
6,0.054,11,359.98491723733554,"[['5' '0.7065861142515673' 'present']
 ['7' '1.151393006931037' 'present']
 ['12' '7.366556553244375' 'marauded']
 ['0' '10.33904509309933' 'presentdestroyed']
 ['0' '30.882623430864456' 'present']
 ['5' '58.150716718042645' 'present']
 ['8' '66.91377069388932' 'present']
 ['19' '67.03782119172557' 'present']
 ['8' '69.71717834814093' 'present']
 ['7' '78.47625715871145' 'present']
 ['12' '111.04377309317297' 'present']
 ['7' '114.65523845083479' 'present']
 ['8' '115.64565048466382' 'present']
 ['15' '119.59597352258915' 'present']
 ['21' '120.41952666389845' 'present']
 ['17' '141.0066076485761' 'present']
 ['5' '144.6041878733789' 'present']
 ['23' '145.1316603356739' 'present']
 ['0' '151.22402783491424' 'present']
 ['5' '154.48980091870612' 'present']
 ['7' '160.65338102451136' 'marauded']
 ['11' '164.99678814491432' 'presentdestroyed']
 ['12' '165.53057280521236' 'presentdestroyed']
 ['21' '169.786004284628' 'marauded']
 ['23' '177.09372321819487' 'marauded']
 ['7' '178.45301799957093' 'presentdestroyed']
 ['20' '197.0991226549153' 'marauded']
 ['20' '202.00347780132378' 'presentdestroyed']
 ['11' '212.47904860958803' 'present']
 ['19' '240.85739562785153' 'marauded']
 ['19' '241.72714933072277' 'presentdestroyed']
 ['19' '241.8865942665712' 'presentdestroyed']
 ['0' '245.836418729254' 'presentdestroyed']
 ['12' '254.44697175641406' 'marauded']
 ['22' '270.2353270652517' 'present']
 ['20' '270.32216567111044' 'marauded']
 ['12' '272.58517640853785' 'destroyed']
 ['2' '284.22014496317274' 'present']
 ['21' '291.57080493938474' 'present']
 ['15' '293.3738635715868' 'present']
 ['3' '309.8899388711695' 'marauded']
 ['15' '312.3325820861688' 'presentdestroyed']
 ['17' '312.58912418131933' 'presentdestroyed']
 ['7' '313.9804934330671' 'presentdestroyed']
 ['8' '330.8261457050306' 'present']
 ['20' '333.52362908057336' 'present']
 ['5' '349.35254124517456' 'present']
 ['3' '350.81166033561055' 'present']
 ['0' '359.6706835349464' 'present']]","[['F12' '31.87832739703977' 'mated']
 ['F214' '66.70394062363061' 'mated']
 ['F139' '83.21243976432116' 'mated']
 ['F48' '95.84678732102023' 'absent']
 ['F56' '96.95533428005591' 'absent']
 ['F179' '106.49874107637895' 'absent']
 ['F100' '120.80148885343573' 'mated']
 ['F122' '127.05664824037513' 'mated']
 ['F4' '129.06543183143177' 'mated']
 ['F112' '200.46845667182163' 'destroyed']
 ['F148' '210.77503335031122' 'absent']
 ['F186' '220.96160093635933' 'mated']
 ['F66' '230.02750189322072' 'mated']
 ['F24' '231.51651908910543' 'mated']
 ['F58' '251.62414401087022' 'mated']
 ['F5' '333.9165376733471' 'mated']]",565.0,69.48715115763935,14.608213089983593,1349.0,230.6482062428084,50.28341363815589,325.0,54.808679625982286,11.896461083004505,15.0,1.5000000000000002,0.15000000000000008,79.0,3.6574074074074066,0.16932441700960202
7,0.054,10,360.09566374530243,"[['17' '1.602098573050023' 'present']
 ['15' '2.6295102271309085' 'present']
 ['5' '19.380446198508174' 'present']
 ['15' '25.63497182874412' 'present']
 ['20' '37.21633139200446' 'present']
 ['0' '38.00971575452772' 'present']
 ['20' '43.510075806342954' 'present']
 ['23' '44.5647441405288' 'present']
 ['20' '47.58402884870423' 'present']
 ['20' '47.763300039736116' 'present']
 ['20' '49.506782091484375' 'present']
 ['5' '50.12150508658069' 'marauded']
 ['11' '53.10831052818332' 'destroyed']
 ['0' '75.57545713439816' 'present']
 ['23' '76.48150035780182' 'present']
 ['8' '97.8971501204717' 'present']
 ['22' '106.75880313101776' 'marauded']
 ['3' '108.35748571161464' 'presentdestroyed']
 ['12' '111.18649226532257' 'presentdestroyed']
 ['22' '126.57601886927074' 'marauded']
 ['15' '135.13883537420088' 'present']
 ['22' '135.56416869284314' 'present']
 ['8' '139.17476326892807' 'present']
 ['3' '145.14278489141472' 'marauded']
 ['0' '146.60308608443708' 'presentdestroyed']
 ['23' '156.63504516288572' 'present']
 ['15' '168.99964188030893' 'marauded']
 ['23' '179.7879718723774' 'marauded']
 ['15' '185.68484777430473' 'destroyed']
 ['0' '190.13978889878908' 'present']
 ['6' '194.36615286074044' 'present']
 ['21' '205.11718383301465' 'present']
 ['19' '209.04063071999522' 'present']
 ['21' '210.0051294825031' 'present']
 ['15' '231.94514715810456' 'present']
 ['3' '239.86716905974848' 'present']
 ['6' '253.60512783144782' 'present']
 ['2' '259.309412359142' 'present']
 ['21' '273.80877676204966' 'present']
 ['17' '283.41162401754247' 'marauded']
 ['19' '284.7928495282846' 'presentdestroyed']
 ['21' '302.0601574921652' 'present']
 ['2' '306.71494619941444' 'present']
 ['15' '315.72873810887353' 'present']
 ['2' '323.9894164270814' 'present']
 ['19' '335.43000128595696' 'present']
 ['20' '335.7882678111193' 'present']
 ['8' '352.42583487925856' 'present']]","[['F64' '43.70405596182163' 'absent']
 ['F167' '105.37552572285166' 'mated']
 ['F203' '118.58350176966071' 'mated']
 ['F10' '129.35043461445113' 'destroyed']
 ['F79' '146.22618421338805' 'destroyed']
 ['F183' '161.89099562896644' 'mated']
 ['F18' '181.64623983099293' 'destroyed']
 ['F46' '197.94392711255267' 'mated']
 ['F76' '199.93249426639974' 'mated']
 ['F131' '207.97926831646424' 'mated']
 ['F0' '216.76443835372976' 'mated']
 ['F87' '232.92861365419736' 'mated']
 ['F50' '267.3125899639987' 'mated']
 ['F121' '313.2450362365746' 'mated']]",571.0,67.22894124393923,13.625788007696675,1460.0,245.08897191813443,52.41671882004413,247.0,42.63650017200491,9.192750744282147,15.0,1.5000000000000002,0.15000000000000008,79.0,3.6574074074074066,0.16932441700960202
8,0.054,9,360.40923548924906,"[['6' '3.0310742205552605' 'marauded']
 ['23' '9.773383546623283' 'presentdestroyed']
 ['21' '15.547806482002116' 'present']
 ['0' '21.333344049597017' 'marauded']
 ['17' '28.82613312467504' 'present']
 ['17' '54.06240702080526' 'present']
 ['12' '82.06800096811803' 'present']
 ['12' '82.24038968811213' 'present']
 ['21' '85.48823482770773' 'marauded']
 ['6' '88.44974026619697' 'destroyed']
 ['3' '92.21733553541772' 'presentdestroyed']
 ['19' '94.4943115373465' 'present']
 ['3' '102.63069327701994' 'present']
 ['23' '108.4535412669469' 'present']
 ['20' '123.3296131647903' 'marauded']
 ['11' '127.38381578451651' 'presentdestroyed']
 ['17' '128.11470198078504' 'presentdestroyed']
 ['19' '150.94239095989678' 'present']
 ['11' '160.54191650857632' 'marauded']
 ['22' '167.13997571959817' 'presentdestroyed']
 ['3' '172.14881677169672' 'marauded']
 ['21' '176.06684709090865' 'destroyed']
 ['5' '176.14981401276333' 'presentdestroyed']
 ['19' '223.65927750279144' 'present']
 ['7' '228.62083914827244' 'present']
 ['5' '230.5871943109921' 'present']
 ['19' '245.72375272653866' 'present']
 ['2' '254.54384973989633' 'present']
 ['19' '261.9333664767137' 'present']
 ['2' '262.2537701979381' 'marauded']
 ['6' '264.4572933722214' 'presentdestroyed']
 ['6' '265.3136508407775' 'presentdestroyed']
 ['2' '265.5602181846484' 'presentdestroyed']
 ['22' '268.05846118813344' 'presentdestroyed']
 ['7' '269.31735106624353' 'presentdestroyed']
 ['21' '270.1203670754633' 'present']
 ['22' '273.5281197445028' 'present']
 ['17' '280.2144742545372' 'present']
 ['20' '287.0781996891822' 'marauded']
 ['5' '293.1587957069308' 'presentdestroyed']
 ['17' '298.2993377578063' 'present']
 ['20' '299.7986256957245' 'marauded']
 ['21' '306.40624383077454' 'presentdestroyed']
 ['7' '320.36846244113747' 'present']
 ['5' '323.0835698202141' 'present']
 ['5' '326.6362023478038' 'present']
 ['11' '329.7019186839138' 'present']
 ['2' '333.1126492730422' 'marauded']
 ['0' '333.91424437319864' 'presentdestroyed']
 ['12' '341.18113914831264' 'present']]","[['F80' '95.70148775643442' 'absent']
 ['F4' '129.0422836832836' 'absentdestroyed']
 ['F10' '129.32728646630298' 'destroyed']
 ['F168' '160.7053179383083' 'destroyed']
 ['F171' '177.86286379658938' 'destroyed']
 ['F116' '186.9098045056084' 'mated']
 ['F115' '210.76227188061227' 'mated']
 ['F191' '252.62366451757487' 'mated']
 ['F187' '257.24812913875354' 'mated']
 ['F65' '259.2299107948188' 'mated']
 ['F215' '269.9567169484794' 'mated']
 ['F33' '273.174974383997' 'mated']
 ['F40' '280.8415870528862' 'mated']
 ['F178' '321.3410536640405' 'mated']
 ['F19' '328.6606329989627' 'absent']]",570.0,71.56618420426942,14.52938734620132,1295.0,222.18755120138906,48.68680580532152,363.0,61.21977592627481,13.189036171168931,12.0,1.2,0.12000000000000005,84.0,3.888888888888888,0.18004115226337425
9,0.0,11,359.9812141386449,"[['22' '1.7343027204427748' 'present']
 ['2' '3.129697623611887' 'present']
 ['7' '27.122419371150478' 'present']
 ['0' '30.209397804387013' 'present']
 ['21' '33.95979841771655' 'marauded']
 ['0' '41.18432670377337' 'presentdestroyed']
 ['22' '41.342715282913524' 'present']
 ['21' '45.01060135697139' 'present']
 ['20' '46.97616219523012' 'present']
 ['19' '62.80530682494656' 'present']
 ['0' '63.07156973760274' 'present']
 ['12' '68.45214706338116' 'present']
 ['8' '69.2352622417481' 'present']
 ['8' '75.91396033417223' 'present']
 ['20' '93.16993283147855' 'present']
 ['3' '98.12009476062494' 'present']
 ['21' '112.49385580955685' 'present']
 ['19' '112.7057048062837' 'present']
 ['17' '137.42581551018506' 'marauded']
 ['17' '140.1116407409815' 'presentdestroyed']
 ['8' '142.14382315090597' 'destroyed']
 ['23' '146.64171450006245' 'present']
 ['17' '155.40566348405613' 'marauded']
 ['2' '163.15068050167312' 'marauded']
 ['17' '167.75980556949466' 'destroyed']
 ['19' '187.21811234580892' 'present']
 ['5' '200.74229303916283' 'present']
 ['8' '206.62426208578538' 'present']
 ['6' '218.87936807566265' 'present']
 ['0' '224.4089920233956' 'present']
 ['0' '225.92032406216842' 'present']
 ['23' '229.07489512844396' 'present']
 ['7' '229.13642565562049' 'present']
 ['11' '254.85996005538684' 'present']
 ['2' '263.54451104003533' 'present']
 ['8' '271.96738684441044' 'marauded']
 ['5' '273.7588290828514' 'presentdestroyed']
 ['0' '274.9587863178409' 'destroyed']
 ['15' '288.9372772532274' 'present']
 ['3' '314.66225823161284' 'present']
 ['8' '316.01429714454326' 'present']
 ['6' '321.9720004712332' 'present']
 ['3' '338.96035965277173' 'present']
 ['19' '348.72157077295753' 'present']
 ['5' '352.0264749019009' 'marauded']]","[['F197' '28.7847665993535' 'mated']
 ['F80' '95.72463590458257' 'mated']
 ['F48' '95.89308361731653' 'mated']
 ['F39' '115.85741547931333' 'mated']
 ['F111' '129.6803187250931' 'mated']
 ['F21' '143.71477763033306' 'destroyed']
 ['F3' '169.74634103520188' 'destroyed']
 ['F51' '208.44548708289648' 'mated']
 ['F201' '222.97006199195' 'mated']
 ['F75' '249.35670644924426' 'mated']
 ['F74' '254.28225862256753' 'mated']
 ['F31' '255.473340007567' 'mated']
 ['F19' '328.73007744340714' 'mated']]",571.0,67.09814646084735,13.088618972118086,1455.0,256.2105209714312,56.61412485491514,231.0,36.70520702696834,7.757881271597412,0.0,0.0,0.0,0.0,0.0,0.0
10,0.0,10,360.11716394371916,"[['22' '7.257705258951114' 'present']
 ['17' '13.592435543183159' 'present']
 ['15' '14.563153466662673' 'present']
 ['3' '16.106900859539827' 'present']
 ['11' '18.62859241512116' 'marauded']
 ['20' '20.627630783920598' 'presentdestroyed']
 ['19' '28.822468685964676' 'present']
 ['15' '53.55512668873353' 'marauded']
 ['8' '55.35511856053142' 'destroyed']
 ['5' '59.0392076407359' 'destroyed']
 ['21' '67.75733384818484' 'present']
 ['20' '70.1101691330815' 'present']
 ['19' '71.10153437785242' 'present']
 ['2' '72.35236504428924' 'present']
 ['5' '74.62741190243865' 'present']
 ['17' '92.72299782336813' 'present']
 ['22' '93.01135083207863' 'present']
 ['3' '102.67698957331625' 'present']
 ['11' '111.08161745103969' 'present']
 ['21' '111.33023903758573' 'present']
 ['21' '114.40339792972858' 'present']
 ['21' '117.19972569233163' 'present']
 ['5' '119.79816875042776' 'marauded']
 ['21' '149.1778764754078' 'marauded']
 ['7' '152.64713968143505' 'presentdestroyed']
 ['11' '162.2110598740168' 'present']
 ['15' '168.46371430701603' 'present']
 ['5' '173.36343471387116' 'present']
 ['23' '173.5483480808464' 'present']
 ['2' '176.3159854794804' 'present']
 ['22' '187.5570019751924' 'present']
 ['19' '189.5196727464236' 'marauded']
 ['7' '189.89701986574377' 'presentdestroyed']
 ['17' '190.29435873638252' 'presentdestroyed']
 ['19' '190.73194238586257' 'presentdestroyed']
 ['6' '192.1696673149459' 'destroyed']
 ['5' '195.15651697767353' 'destroyed']
 ['20' '196.3786422141227' 'presentdestroyed']
 ['2' '215.28690603750184' 'present']
 ['6' '232.53965819020902' 'marauded']
 ['21' '233.28223108709514' 'presentdestroyed']
 ['23' '259.1682415076329' 'present']
 ['2' '277.33039229208373' 'present']
 ['23' '279.7275779764318' 'present']
 ['22' '281.427285139483' 'present']
 ['23' '287.43591837957064' 'present']
 ['12' '289.4582488070889' 'present']
 ['11' '291.550762317943' 'present']
 ['15' '292.24409645075855' 'marauded']
 ['22' '295.45233360225353' 'destroyed']
 ['19' '297.32926145585935' 'destroyed']
 ['23' '310.24343232399053' 'present']
 ['22' '315.90218043278355' 'present']
 ['7' '340.309476913155' 'present']
 ['2' '346.027323978494' 'marauded']
 ['12' '346.24788477792805' 'destroyed']
 ['11' '356.2297612743283' 'present']
 ['12' '356.9710102313143' 'marauded']
 ['2' '357.20290010398486' 'presentdestroyed']
 ['15' '357.5117667490873' 'destroyed']]","[['F118' '47.03228884176154' 'absent']
 ['F9' '67.70777682322492' 'mated']
 ['F95' '73.36721603440508' 'mated']
 ['F179' '106.5218892245271' 'mated']
 ['F168' '160.77476238275275' 'mated']
 ['F196' '166.89735299028848' 'mated']
 ['F97' '188.63546328155581' 'mated']
 ['F25' '206.49390512474227' 'mated']
 ['F120' '213.57140104760336' 'mated']
 ['F85' '218.41812026915514' 'absent']
 ['F20' '236.41138983159948' 'destroyed']
 ['F20' '236.45768612789578' 'destroyed']
 ['F23' '246.55644791760244' 'mated']
 ['F133' '258.3840139394093' 'absent']
 ['F133' '258.4303102357056' 'absent']
 ['F61' '268.2862746579511' 'mated']]",562.0,72.4011721474717,15.214982928122978,1379.0,236.59572313287234,51.30936581398216,297.0,51.098906582083515,11.012533093935659,0.0,0.0,0.0,0.0,0.0,0.0
11,0.054,11,360.28799980910065,"[['12' '0.39643487908052705' 'present']
 ['8' '1.4124105056046898' 'marauded']
 ['15' '23.98952442631865' 'present']
 ['0' '37.96341945823143' 'present']
 ['8' '40.21690107186626' 'present']
 ['5' '51.63303362519963' 'present']
 ['2' '57.49765527548239' 'present']
 ['12' '69.86115274816551' 'present']
 ['23' '70.83321834444388' 'present']
 ['3' '71.43078077900944' 'marauded']
 ['8' '81.6270564087369' 'marauded']
 ['23' '91.19259496889163' 'present']
 ['17' '92.33127096795324' 'present']
 ['19' '103.59733809912207' 'marauded']
 ['17' '109.51134066544172' 'presentdestroyed']
 ['2' '118.31591610384199' 'present']
 ['7' '124.20799559489397' 'present']
 ['6' '131.5507586719187' 'present']
 ['0' '138.83201595012352' 'present']
 ['15' '140.53784939714524' 'present']
 ['5' '146.54053791801692' 'present']
 ['20' '152.84395147445744' 'present']
 ['6' '156.10720632469233' 'present']
 ['20' '168.73700824551108' 'present']
 ['0' '185.26228178841683' 'present']
 ['19' '188.60128445737254' 'present']
 ['8' '191.08012958524154' 'present']
 ['3' '196.90368031094434' 'present']
 ['2' '197.41283709924593' 'marauded']
 ['20' '198.81424615647913' 'presentdestroyed']
 ['15' '200.20883949951764' 'presentdestroyed']
 ['21' '202.27539411907867' 'presentdestroyed']
 ['7' '205.49240468703596' 'present']
 ['22' '217.2540801085605' 'present']
 ['3' '273.0596110321674' 'marauded']
 ['5' '273.09364949282053' 'destroyed']
 ['6' '283.46320414165706' 'marauded']
 ['0' '287.6067476346785' 'destroyed']
 ['5' '288.73850467693444' 'presentdestroyed']
 ['2' '295.1366914911102' 'present']
 ['0' '308.52143324589633' 'present']
 ['20' '313.9440037483386' 'present']
 ['0' '319.7925557861207' 'present']
 ['3' '342.4008302146433' 'present']
 ['17' '345.97874494649886' 'present']]","[['F189' '60.57751931095125' 'mated']
 ['F109' '96.53960072530195' 'mated']
 ['F126' '99.1224200910642' 'mated']
 ['F210' '145.75341779729973' 'mated']
 ['F30' '148.34069097907962' 'mated']
 ['F43' '165.67028686864825' 'mated']
 ['F160' '167.6455283494494' 'mated']
 ['F34' '171.47507314161095' 'mated']
 ['F110' '198.51039176132363' 'absentdestroyed']
 ['F85' '218.46441656545144' 'mated']
 ['F106' '245.99432968489612' 'absent']
 ['F193' '249.25762157846754' 'mated']
 ['F58' '251.60099586272207' 'absent']
 ['F133' '258.4766065320019' 'mated']
 ['F141' '288.1107845289516' 'destroyed']
 ['F19' '328.706929295259' 'absent']]",563.0,68.54997754561757,14.803534468532382,1445.0,244.42937683602827,52.52130927430337,246.0,42.894618200613245,9.562773649551943,12.0,1.2,0.12000000000000005,66.0,3.055555555555555,0.14146090534979422
12,0.054,7,360.0711810241606,"[['7' '3.76274375618379' 'present']
 ['7' '4.14522996506528' 'present']
 ['5' '4.955854480376409' 'present']
 ['19' '29.21914188832687' 'marauded']
 ['23' '32.98359394947565' 'presentdestroyed']
 ['11' '36.861816473974564' 'present']
 ['23' '37.390477720314514' 'present']
 ['11' '42.4907642098714' 'marauded']
 ['17' '53.005940359797876' 'marauded']
 ['15' '54.099150172901396' 'presentdestroyed']
 ['8' '54.70615059076336' 'presentdestroyed']
 ['3' '56.45159366405884' 'presentdestroyed']
 ['7' '65.45161783423107' 'present']
 ['15' '79.14978688238412' 'present']
 ['22' '89.9482025115417' 'marauded']
 ['22' '112.69959154927471' 'present']
 ['17' '118.58577805160182' 'present']
 ['7' '120.8224869052606' 'present']
 ['5' '129.53530619202627' 'marauded']
 ['0' '138.6112963306307' 'present']
 ['22' '139.0673906325319' 'present']
 ['19' '166.6129414205915' 'present']
 ['15' '168.51001060331234' 'marauded']
 ['2' '173.09999106100668' 'presentdestroyed']
 ['11' '179.78183356112385' 'present']
 ['0' '189.26099244637427' 'marauded']
 ['0' '190.09349260249277' 'presentdestroyed']
 ['8' '191.73818954367042' 'presentdestroyed']
 ['0' '193.04978264674654' 'presentdestroyed']
 ['15' '213.02749485126435' 'present']
 ['23' '215.8245550913427' 'present']
 ['17' '225.16687484388348' 'present']
 ['15' '232.8936534736049' 'present']
 ['11' '234.805003023538' 'present']
 ['15' '240.99763880893408' 'present']
 ['3' '241.787169665509' 'present']
 ['23' '259.7728030677054' 'present']
 ['6' '265.90114653989133' 'present']
 ['19' '267.0749256606781' 'present']
 ['23' '271.3094517656667' 'present']
 ['22' '277.90121556370025' 'marauded']
 ['22' '281.13848993340196' 'presentdestroyed']
 ['0' '289.80793153247413' 'present']
 ['21' '292.75989697600994' 'present']
 ['2' '294.14732855529684' 'marauded']
 ['6' '295.688046423422' 'destroyed']
 ['19' '296.3790927112437' 'presentdestroyed']
 ['21' '297.0634993438075' 'destroyed']
 ['6' '318.0475895857767' 'marauded']
 ['7' '330.12282589204517' 'present']
 ['6' '333.97250527659435' 'present']
 ['17' '336.5330450737342' 'present']
 ['3' '338.4473182202616' 'present']
 ['23' '346.4964827240501' 'present']
 ['2' '354.2341029900875' 'present']]","[['F12' '31.83203110074347' 'destroyed']
 ['F188' '39.5994378607755' 'mated']
 ['F163' '64.13798095746442' 'mated']
 ['F56' '96.97848242820406' 'destroyed']
 ['F156' '104.11531837900186' 'mated']
 ['F150' '189.202248732867' 'absent']
 ['F51' '208.39919078660017' 'absent']
 ['F184' '208.99945502417427' 'mated']
 ['F83' '246.23444624136806' 'mated']
 ['F81' '246.46859410856666' 'mated']
 ['F117' '256.2855814320913' 'mated']]",561.0,68.08179809436986,14.54420287818338,1331.0,227.10595661224102,48.04142175487334,362.0,61.043862072020815,13.180108545496285,8.0,0.7999999999999999,0.08000000000000002,66.0,3.055555555555555,0.14146090534979422
13,0.0,6,360.70567465019843,"[['6' '1.0751878883834927' 'present']
 ['17' '10.72938539833371' 'marauded']
 ['3' '17.223087114087125' 'presentdestroyed']
 ['3' '22.26570016002392' 'present']
 ['7' '23.1315390988162' 'present']
 ['5' '24.207471504060116' 'present']
 ['23' '31.990095355050297' 'present']
 ['2' '34.17167586204463' 'present']
 ['12' '63.240420641067914' 'present']
 ['12' '67.49702902805625' 'present']
 ['22' '83.7423996298487' 'present']
 ['15' '103.41780907994593' 'present']
 ['5' '125.39305308136704' 'present']
 ['6' '136.42137004867152' 'present']
 ['2' '140.72456607120048' 'present']
 ['12' '143.63692997975335' 'present']
 ['23' '145.1779566319702' 'present']
 ['17' '146.2221276429424' 'present']
 ['11' '155.65978243793924' 'present']
 ['21' '181.44899080862223' 'marauded']
 ['23' '182.16790475347833' 'presentdestroyed']
 ['5' '191.36953945620402' 'marauded']
 ['7' '207.17191258930688' 'marauded']
 ['7' '215.2152065196494' 'present']
 ['8' '226.06434596958553' 'present']
 ['2' '231.63268185484372' 'present']
 ['22' '253.33285666676235' 'present']
 ['8' '256.7887002071103' 'present']
 ['15' '262.58108648422717' 'present']
 ['3' '263.544912663498' 'marauded']
 ['8' '279.2956147805305' 'marauded']
 ['6' '280.03601424192044' 'presentdestroyed']
 ['8' '280.77684039431693' 'presentdestroyed']
 ['7' '291.7827429470898' 'present']
 ['19' '295.8785408532146' 'present']
 ['3' '298.90419604277787' 'present']
 ['22' '299.5236594603843' 'marauded']
 ['3' '305.2428604722557' 'presentdestroyed']
 ['15' '306.87351512110394' 'marauded']
 ['21' '308.751251206204' 'presentdestroyed']
 ['23' '310.28972862028684' 'presentdestroyed']
 ['21' '310.8785198772407' 'presentdestroyed']
 ['8' '311.15232986424246' 'presentdestroyed']
 ['19' '334.0239831458313' 'marauded']
 ['2' '348.4729273714591' 'present']]","[['F79' '146.2493323615362' 'mated']
 ['F127' '147.47758057185226' 'mated']
 ['F3' '169.76948918335003' 'mated']
 ['F37' '176.19685307961265' 'mated']
 ['F131' '207.93297202016794' 'destroyed']
 ['F17' '210.81087500285935' 'destroyed']
 ['F120' '213.5482528994552' 'destroyed']
 ['F201' '222.94691384380184' 'absent']
 ['F172' '235.69169694445446' 'mated']
 ['F174' '318.62640113331497' 'mated']]",576.0,71.33648190283022,14.632995139363604,1376.0,233.71567280401246,50.181438253663835,332.0,55.199230644372,11.72601804380001,0.0,0.0,0.0,0.0,0.0,0.0
14,0.0,14,360.43832548493106,"[['6' '20.127692386063732' 'present']
 ['7' '33.04715605144004' 'marauded']
 ['21' '35.322322760445154' 'presentdestroyed']
 ['21' '38.070035393671006' 'presentdestroyed']
 ['23' '44.89511610333855' 'present']
 ['6' '47.13024050984081' 'present']
 ['8' '53.33801856630867' 'present']
 ['2' '57.4513589791861' 'present']
 ['11' '60.65537301167116' 'present']
 ['8' '62.786111006804546' 'present']
 ['15' '67.81494812710241' 'marauded']
 ['19' '68.00357183514524' 'presentdestroyed']
 ['8' '69.1889659454518' 'presentdestroyed']
 ['15' '73.9328345746466' 'destroyed']
 ['17' '77.29815446364333' 'present']
 ['17' '77.61188965086964' 'present']
 ['6' '77.70379497049043' 'present']
 ['2' '83.20761951571164' 'present']
 ['20' '87.34487463837456' 'marauded']
 ['0' '93.85787623404696' 'presentdestroyed']
 ['22' '100.28114662841494' 'present']
 ['0' '100.31052649417062' 'present']
 ['11' '101.40466760412586' 'present']
 ['17' '104.24248185983515' 'present']
 ['15' '104.96594549871003' 'present']
 ['19' '123.65539461987912' 'marauded']
 ['7' '123.99042657369573' 'presentdestroyed']
 ['12' '127.75941192625106' 'destroyed']
 ['19' '131.35150812602143' 'destroyed']
 ['11' '134.8599851417849' 'marauded']
 ['21' '138.23195738500067' 'destroyed']
 ['5' '145.99988608584817' 'present']
 ['20' '171.42142899494146' 'present']
 ['12' '184.91418291473317' 'present']
 ['8' '193.40512310108832' 'present']
 ['11' '194.08159195404937' 'present']
 ['0' '204.39478568447785' 'present']
 ['3' '218.2188580074667' 'present']
 ['5' '223.35516889458802' 'present']
 ['21' '233.67433003963072' 'present']
 ['8' '237.4278692879478' 'marauded']
 ['22' '237.85141251309628' 'presentdestroyed']
 ['21' '267.07461557923165' 'present']
 ['12' '267.6526433669234' 'present']
 ['23' '282.7441801511319' 'present']
 ['23' '286.44186909304744' 'present']
 ['20' '290.56428319160284' 'present']
 ['8' '316.2574321631204' 'present']
 ['20' '319.1798887648202' 'present']
 ['5' '323.774654330472' 'present']
 ['3' '328.68866432821125' 'marauded']
 ['22' '336.3532140909802' 'presentdestroyed']
 ['19' '354.6386062831449' 'present']]","[['F143' '10.539067727323438' 'mated']
 ['F47' '53.02167188156976' 'mated']
 ['F26' '61.47038005862814' 'mated']
 ['F202' '120.70939934090384' 'mated']
 ['F161' '122.54997491032259' 'mated']
 ['F91' '136.06845331992542' 'destroyed']
 ['F105' '144.50130217111638' 'mated']
 ['F55' '162.6885014693963' 'mated']
 ['F162' '180.50017917564293' 'mated']
 ['F177' '192.28978590771297' 'mated']
 ['F104' '205.87639895869933' 'mated']
 ['F209' '226.06662609073317' 'mated']
 ['F146' '228.32709302545393' 'mated']
 ['F108' '236.4619713196343' 'mated']
 ['F32' '243.66107903640258' 'destroyed']
 ['F73' '354.9582005592431' 'mated']]",568.0,74.4909467808161,16.423822033220976,1461.0,243.0979148590505,51.20704855795242,253.0,42.52235754397243,8.802566644414483,0.0,0.0,0.0,0.0,0.0,0.0
15,0.054,11,360.36408385804884,"[['6' '2.7444299124626226' 'present']
 ['22' '5.71908079721032' 'present']
 ['3' '11.439707792642052' 'present']
 ['17' '19.127508680927345' 'present']
 ['5' '33.88016380486793' 'present']
 ['23' '41.03315695794945' 'present']
 ['19' '56.7095077505331' 'present']
 ['5' '56.913197737153624' 'present']
 ['21' '73.45905812088202' 'present']
 ['6' '74.09173657176031' 'present']
 ['7' '78.73443421635531' 'present']
 ['22' '85.16559530053559' 'present']
 ['6' '91.79333829899274' 'present']
 ['6' '92.84496964022834' 'marauded']
 ['20' '102.09026734602426' 'present']
 ['6' '112.62837177264569' 'present']
 ['12' '115.00750507587303' 'present']
 ['17' '124.237581375129' 'marauded']
 ['17' '128.47567262176167' 'presentdestroyed']
 ['6' '142.54850654825742' 'present']
 ['6' '147.38683665822157' 'present']
 ['11' '148.052572884467' 'marauded']
 ['5' '151.453051994326' 'presentdestroyed']
 ['11' '172.78286657905016' 'present']
 ['5' '185.76736073915256' 'present']
 ['20' '206.23019274103746' 'present']
 ['8' '216.1239684476847' 'present']
 ['12' '217.94918159663266' 'present']
 ['23' '218.7943695361504' 'marauded']
 ['22' '232.66285767192986' 'present']
 ['3' '232.95866923200833' 'present']
 ['19' '269.0732100175548' 'marauded']
 ['23' '272.4808018239971' 'presentdestroyed']
 ['8' '276.01327138091057' 'presentdestroyed']
 ['17' '290.7101552337094' 'present']
 ['2' '292.93523646030576' 'present']
 ['8' '296.6400836843097' 'present']
 ['12' '307.0136086257505' 'present']
 ['12' '315.66746959732507' 'present']
 ['19' '318.2291400642003' 'marauded']
 ['8' '323.00006908904226' 'presentdestroyed']
 ['22' '338.0640684570389' 'marauded']
 ['6' '338.5460476464324' 'presentdestroyed']]","[['F118' '47.009140693613396' 'absent']
 ['F16' '51.34565314455397' 'mated']
 ['F107' '96.78364679786391' 'absentdestroyed']
 ['F152' '116.1111804494165' 'absent']
 ['F154' '139.1320817032862' 'mated']
 ['F15' '159.35453571752626' 'mated']
 ['F165' '169.63251364398144' 'mated']
 ['F171' '177.90916009288568' 'mated']
 ['F92' '179.83857228257045' 'mated']
 ['F18' '181.66938797914108' 'mated']
 ['F134' '198.70489986845624' 'mated']
 ['F2' '257.6149826908347' 'mated']
 ['F61' '268.26312650980293' 'absent']
 ['F36' '279.39482927962143' 'mated']
 ['F103' '297.47198158237615' 'mated']
 ['F19' '328.68378114711084' 'absent']]",571.0,70.24966709550368,14.573438488889767,1430.0,240.91884481728937,51.45003896039923,249.0,43.39532929278134,9.46804605647486,19.0,1.9000000000000006,0.1900000000000001,77.0,3.564814814814814,0.16503772290809313
16,0.0,10,360.18993358420255,"[['2' '3.0193029517065573' 'present']
 ['23' '9.689957899982117' 'present']
 ['2' '15.067691677575713' 'present']
 ['2' '18.57165406188211' 'present']
 ['19' '29.730967617059463' 'present']
 ['23' '32.23925577433991' 'present']
 ['8' '36.966441171727794' 'marauded']
 ['6' '55.89615138734092' 'present']
 ['5' '57.85550621144174' 'present']
 ['23' '68.14778822249754' 'marauded']
 ['19' '76.57637938050279' 'present']
 ['6' '82.16204721960646' 'present']
 ['17' '86.77704280852052' 'present']
 ['22' '104.15611365869125' 'present']
 ['6' '107.472826045445' 'marauded']
 ['6' '117.60626200397354' 'present']
 ['6' '118.52967901865361' 'present']
 ['17' '122.09297348716991' 'present']
 ['19' '128.362308123178' 'present']
 ['5' '128.96971616553716' 'present']
 ['8' '133.17272425175977' 'present']
 ['2' '140.2160521120807' 'present']
 ['2' '145.59927004679352' 'present']
 ['21' '148.66740872856133' 'marauded']
 ['20' '154.1546272213759' 'presentdestroyed']
 ['5' '158.17446345237488' 'present']
 ['21' '158.41253124916523' 'marauded']
 ['12' '162.7997176761129' 'presentdestroyed']
 ['12' '165.24948422690886' 'presentdestroyed']
 ['2' '169.94220696298294' 'present']
 ['2' '184.0689016408409' 'present']
 ['12' '184.96047921102948' 'present']
 ['20' '186.0559077452408' 'present']
 ['17' '190.72184987212307' 'marauded']
 ['23' '191.82985784892242' 'presentdestroyed']
 ['17' '192.38272371184635' 'presentdestroyed']
 ['20' '194.1632383203234' 'presentdestroyed']
 ['3' '197.85634472519712' 'present']
 ['17' '202.88355421429713' 'marauded']
 ['23' '218.7480732398541' 'present']
 ['20' '222.9512924406756' 'present']
 ['3' '225.59654743944168' 'present']
 ['8' '233.06236172194477' 'present']
 ['21' '238.25860980636475' 'present']
 ['0' '248.41962245219912' 'present']
 ['0' '249.05817241463936' 'present']
 ['15' '251.12967626444777' 'present']
 ['23' '251.40929743335266' 'present']
 ['17' '259.33928973972917' 'present']
 ['2' '260.82445879520526' 'present']
 ['6' '282.38781260806036' 'present']
 ['23' '286.84875417828977' 'marauded']
 ['11' '293.21165323831036' 'presentdestroyed']
 ['8' '298.49596629289425' 'present']
 ['6' '304.57071497641414' 'present']
 ['0' '305.25274212191727' 'present']
 ['2' '314.4476162779607' 'present']
 ['19' '319.45067366574216' 'present']
 ['22' '331.31884077290397' 'present']
 ['11' '335.46991914849616' 'present']
 ['5' '335.5723531625668' 'marauded']
 ['11' '339.99162293561517' 'presentdestroyed']
 ['23' '341.8275853042474' 'presentdestroyed']
 ['2' '352.11396154750497' 'present']]","[['F95' '73.32091973810877' 'absentdestroyed']
 ['F113' '75.84332601685287' 'absent']
 ['F173' '95.99407245153287' 'absent']
 ['F49' '134.08387574115386' 'mated']
 ['F7' '138.70231411500245' 'mated']
 ['F79' '146.1567397689436' 'absent']
 ['F94' '146.49395966725973' 'mated']
 ['F183' '161.86784748081828' 'destroyed']
 ['F194' '166.94264554140437' 'mated']
 ['F164' '191.7676832668021' 'destroyed']
 ['F84' '196.16782936924366' 'destroyed']
 ['F90' '198.31550487953803' 'mated']
 ['F62' '199.26559601216331' 'mated']
 ['F158' '203.12039408306723' 'destroyed']
 ['F45' '206.06309909958148' 'absentdestroyed']
 ['F148' '210.7287370540149' 'destroyed']
 ['F17' '210.8340231510075' '']
 ['F52' '215.61956945299286' 'mated']
 ['F123' '232.37389858630382' 'mated']
 ['F23' '246.5332997694543' 'absent']
 ['F182' '246.711496547409' 'mated']
 ['F185' '247.56435040054166' 'mated']]",565.0,70.49134211262776,14.536952491050574,1409.0,234.71405969415696,49.592932824495044,324.0,54.82251714560705,12.325318441074899,0.0,0.0,0.0,0.0,0.0,0.0
17,0.054,7,360.39489233926497,"[['7' '1.7794614001804852' 'present']
 ['6' '5.699828405095311' 'present']
 ['20' '10.302247132711955' 'present']
 ['22' '21.02181324822178' 'marauded']
 ['23' '30.55501131395254' 'present']
 ['7' '32.46118552783689' 'present']
 ['15' '39.094659989891404' 'marauded']
 ['23' '41.35828235741194' 'destroyed']
 ['11' '56.677849261175965' 'present']
 ['8' '58.72196599842994' 'present']
 ['20' '67.69036329248159' 'present']
 ['19' '68.3333621453253' 'marauded']
 ['5' '71.96561742457122' 'presentdestroyed']
 ['11' '78.66174774032204' 'present']
 ['0' '89.87696581617554' 'present']
 ['5' '91.44565679310293' 'present']
 ['23' '98.73427668519889' 'present']
 ['23' '100.41498419911485' 'present']
 ['20' '114.99469879734418' 'present']
 ['19' '115.38044903083951' 'present']
 ['5' '120.98578973267232' 'present']
 ['3' '121.3542590330214' 'present']
 ['11' '139.57858566429636' 'present']
 ['6' '146.1391941276879' 'present']
 ['3' '147.35606496219287' 'marauded']
 ['8' '149.17133816711365' 'destroyed']
 ['0' '149.2574926859003' 'presentdestroyed']
 ['7' '153.75192809178142' 'presentdestroyed']
 ['8' '155.29316689198907' 'present']
 ['15' '157.06708262133313' 'present']
 ['21' '163.897094622413' 'present']
 ['12' '167.67196290392857' 'present']
 ['2' '168.68653989187294' 'present']
 ['3' '175.7537466104186' 'marauded']
 ['8' '185.44353941298573' 'present']
 ['0' '192.37978870823832' 'marauded']
 ['2' '202.4785312034793' 'present']
 ['20' '203.4712467070005' 'present']
 ['7' '204.9487681242876' 'marauded']
 ['0' '221.61134085042107' 'present']
 ['19' '222.39064421416776' 'present']
 ['2' '224.49972312750452' 'present']
 ['11' '234.57230516095356' 'present']
 ['8' '240.53249664404777' 'present']
 ['15' '244.72055479496217' 'marauded']
 ['12' '253.40623767659224' 'present']
 ['20' '262.6760001796836' 'marauded']
 ['15' '268.29291734544273' 'presentdestroyed']
 ['21' '268.4236585354288' 'presentdestroyed']
 ['2' '271.1545444338054' 'marauded']
 ['5' '286.1761303522475' 'present']
 ['3' '292.9597794317544' 'present']
 ['8' '296.59378738801337' 'present']
 ['0' '305.7536454303704' 'present']
 ['12' '314.91841164629585' 'present']
 ['20' '338.0537238180461' 'present']
 ['7' '347.69787121556055' 'marauded']]","[['F130' '26.46366674617479' 'destroyed']
 ['F42' '65.84257331446386' 'mated']
 ['F176' '78.04797498549135' 'mated']
 ['F199' '114.6345565552077' 'mated']
 ['F127' '147.43128427555595' 'destroyed']
 ['F60' '163.87176550531876' 'mated']
 ['F198' '172.57902487188875' 'mated']
 ['F84' '196.1446812210955' 'destroyed']
 ['F131' '207.9561201683161' 'destroyed']
 ['F190' '238.4296979757458' 'absent']
 ['F133' '258.4071620875574' 'absent']
 ['F22' '294.68159243355757' 'mated']
 ['F11' '295.8372723339619' 'mated']]",562.0,68.76540658592812,15.211844749485518,1297.0,219.6264012307159,47.14920857079727,381.0,66.98957281641454,14.622253652629418,13.0,1.3,0.13000000000000006,72.0,3.3333333333333326,0.1543209876543209
18,0.0,8,359.8939190785642,"[['22' '0.6186774217067765' 'present']
 ['3' '11.48600408893835' 'present']
 ['8' '21.315605696999754' 'present']
 ['7' '33.19345234773633' 'present']
 ['11' '40.69014374142097' 'present']
 ['23' '45.31825279505713' 'marauded']
 ['8' '55.2757546503722' 'present']
 ['7' '59.73440975193419' 'marauded']
 ['22' '59.97215546288694' 'presentdestroyed']
 ['6' '64.17663983839373' 'presentdestroyed']
 ['15' '68.84791114808385' 'marauded']
 ['15' '73.55674159534946' 'presentdestroyed']
 ['8' '81.26528174976316' 'present']
 ['15' '82.34719259141531' 'present']
 ['20' '85.97353354925177' 'present']
 ['11' '96.29957067924123' 'present']
 ['5' '109.30867730923617' 'present']
 ['22' '121.77069970956353' 'present']
 ['21' '145.63231992840238' 'present']
 ['5' '158.60797177471605' 'present']
 ['12' '162.8460139724092' 'marauded']
 ['23' '172.10116357819692' 'present']
 ['11' '181.12479532959028' 'present']
 ['23' '183.81113222042015' 'present']
 ['5' '185.92333754884706' 'marauded']
 ['22' '187.76112722644987' 'presentdestroyed']
 ['21' '192.4408458583408' 'presentdestroyed']
 ['8' '206.20568220538618' 'present']
 ['15' '206.46535201222082' 'present']
 ['17' '239.8898198497714' 'present']
 ['12' '260.92251491202666' 'present']
 ['3' '263.0043536901798' 'present']
 ['2' '270.13581869238436' 'present']
 ['3' '279.05810256611386' 'present']
 ['11' '280.94002737981543' 'present']
 ['19' '296.9695946182825' 'present']
 ['2' '298.4121304738232' 'present']
 ['12' '326.65301008355806' 'present']
 ['15' '333.5326906878757' 'present']
 ['20' '345.60196281742674' 'present']
 ['15' '347.17985038016644' 'present']]","[['F47' '52.998523733421614' '']
 ['F26' '61.44723191047999' 'destroyed']
 ['F95' '73.34406788625692' 'absentdestroyed']
 ['F206' '73.65722565014015' 'destroyed']
 ['F71' '116.09888667746715' 'absent']
 ['F91' '136.09160146807358' 'mated']
 ['F21' '143.76107392662936' 'mated']
 ['F89' '151.71792907447792' 'mated']
 ['F38' '154.91117609822822' 'mated']
 ['F208' '161.45617689506005' 'absent']
 ['F211' '182.1842748323206' 'mated']
 ['F180' '198.64813478344644' 'mated']
 ['F57' '200.79171840474515' 'absent']
 ['F191' '252.6005163694267' 'absent']
 ['F155' '252.77687937456741' 'mated']
 ['F141' '288.1339326770998' 'mated']]",572.0,68.59452896893336,13.280384919666256,1520.0,261.2096184110127,56.87168245196132,192.0,30.419696303649033,6.236944987207325,0.0,0.0,0.0,0.0,0.0,0.0
19,0.054,9,360.2571600693908,"[['21' '1.8316759873986714' 'marauded']
 ['21' '2.661477359565817' 'presentdestroyed']
 ['3' '7.721160809023993' 'destroyed']
 ['7' '12.186991442127832' 'marauded']
 ['6' '43.616400415670974' 'present']
 ['20' '44.368492397031694' 'marauded']
 ['11' '45.844740304787095' 'destroyed']
 ['2' '57.405062682889806' 'present']
 ['23' '58.618962863637066' 'present']
 ['7' '61.90588582982364' 'present']
 ['23' '65.20020019891666' 'present']
 ['5' '65.68462699431758' 'present']
 ['20' '83.39463460806965' 'present']
 ['22' '84.31496731468663' 'present']
 ['2' '94.06101375889341' 'present']
 ['21' '97.29635216797313' 'present']
 ['3' '102.91901048220666' 'present']
 ['0' '111.96386925581467' 'present']
 ['23' '121.23638770598583' 'present']
 ['6' '122.68655396957485' 'present']
 ['8' '141.99752685460967' 'marauded']
 ['3' '145.09648859511842' 'presentdestroyed']
 ['22' '152.84252913458386' 'present']
 ['15' '162.40449013600366' 'present']
 ['17' '162.8874747359417' 'present']
 ['11' '171.21654088321117' 'present']
 ['6' '177.04187290722507' 'present']
 ['2' '188.9460628458322' 'present']
 ['3' '194.95655640599628' 'present']
 ['3' '196.73144078318882' 'present']
 ['20' '201.62176015635595' 'present']
 ['22' '204.57302924051717' 'present']
 ['7' '208.97639394629542' 'present']
 ['2' '219.50893220805085' 'present']
 ['11' '221.33501876671482' 'present']
 ['6' '227.07777090744796' 'present']
 ['23' '227.31593302721836' 'marauded']
 ['15' '239.8421357703581' 'present']
 ['8' '241.28306873992253' 'present']
 ['12' '244.9327850188155' 'present']
 ['21' '245.93436601763696' 'present']
 ['7' '251.66693373204777' 'marauded']
 ['17' '260.1960078042414' 'present']
 ['7' '265.1390656841324' 'present']
 ['2' '266.3794773367761' 'present']
 ['15' '268.5282982672852' 'present']
 ['6' '269.3960991792909' 'marauded']
 ['7' '275.9739914837821' 'presentdestroyed']
 ['21' '278.5917159965578' 'present']
 ['17' '279.49907376854725' 'present']
 ['2' '283.8720066097026' 'present']
 ['20' '285.95558511422223' 'marauded']
 ['5' '287.4150935484945' 'presentdestroyed']
 ['15' '289.60897627212717' 'presentdestroyed']
 ['21' '296.65116274846724' 'present']
 ['0' '305.53922707861676' 'present']
 ['0' '309.3285511883113' 'present']
 ['21' '355.15602443691387' 'present']]","[['F118' '47.07858513805783' 'destroyed']
 ['F137' '59.51134191340466' 'mated']
 ['F99' '70.58993836672487' 'mated']
 ['F28' '72.19785494045452' 'mated']
 ['F48' '95.82363917287208' 'absent']
 ['F102' '107.49736839576033' 'mated']
 ['F119' '117.31628692073643' 'mated']
 ['F21' '143.7379257784812' 'destroyed']
 ['F79' '146.17988791709175' 'destroyed']
 ['F127' '147.38498797925965' 'absentdestroyed']
 ['F86' '150.9674106375308' 'mated']
 ['F72' '200.80555157195718' 'mated']
 ['F148' '210.70558890586676' 'absent']
 ['F148' '210.75188520216307' 'absent']
 ['F17' '210.76457870656304' 'absent']
 ['F101' '219.8193380829452' 'mated']
 ['F8' '322.63581168978214' 'mated']]",573.0,68.69520758726941,12.990062779915364,1441.0,236.5705920176301,49.60456011288213,281.0,49.01145230047715,10.93197064545896,18.0,1.8000000000000005,0.1800000000000001,85.0,3.9351851851851842,0.1821844993141287
20,0.054,7,360.2198200816629,"[['11' '10.320289352854031' 'marauded']
 ['7' '19.77396886526348' 'present']
 ['19' '25.56726180238039' 'marauded']
 ['15' '30.937391769323856' 'destroyed']
 ['15' '30.983688065620154' 'destroyed']
 ['7' '32.4148892315406' 'present']
 ['3' '40.878373087136936' 'present']
 ['7' '42.01917476108785' 'present']
 ['11' '48.55649307557399' 'present']
 ['11' '55.36893548130332' 'marauded']
 ['2' '62.19638886757724' 'presentdestroyed']
 ['11' '64.10626127937677' 'present']
 ['23' '67.21984220069737' 'present']
 ['2' '79.98972814267107' 'present']
 ['7' '90.74955919500654' 'present']
 ['6' '91.9789184948134' 'present']
 ['17' '92.37756726424955' 'present']
 ['22' '106.18613242297128' 'present']
 ['8' '122.66745645394911' 'present']
 ['11' '127.43011208081282' 'marauded']
 ['17' '127.60067500157078' 'presentdestroyed']
 ['19' '129.07306961520854' 'destroyed']
 ['21' '133.37550655560167' 'presentdestroyed']
 ['2' '137.37593515099738' 'present']
 ['0' '141.16285348779354' 'marauded']
 ['21' '144.7798100068447' 'presentdestroyed']
 ['6' '147.56627319659725' 'presentdestroyed']
 ['2' '156.06959871686448' 'marauded']
 ['2' '163.33451294944024' 'presentdestroyed']
 ['8' '169.10715348768863' 'present']
 ['5' '172.69455300930048' 'present']
 ['19' '178.5204361676142' 'present']
 ['0' '184.61043606372724' 'present']
 ['5' '190.20406099846727' 'present']
 ['22' '190.29323117407606' 'present']
 ['3' '196.0443980061019' 'present']
 ['7' '200.34958772371786' 'present']
 ['23' '202.75998679510522' 'present']
 ['0' '208.79567260978337' 'marauded']
 ['23' '222.16537540884795' 'present']
 ['2' '228.8391097023037' 'marauded']
 ['19' '237.04408454348214' 'present']
 ['19' '241.1747349323062' 'present']
 ['12' '244.9790813151118' 'present']
 ['5' '249.2004460196932' 'marauded']
 ['15' '261.0719368458819' 'present']
 ['19' '263.7603453292164' 'present']
 ['5' '271.7136058744896' 'marauded']
 ['23' '273.7803041907259' 'presentdestroyed']
 ['23' '275.2253579768073' 'presentdestroyed']
 ['12' '277.37292767190746' 'presentdestroyed']
 ['19' '281.04323546434694' 'present']
 ['19' '281.3024422864706' 'present']
 ['5' '293.1124994106345' 'present']
 ['22' '299.80025342652' 'marauded']
 ['7' '312.1791588140026' 'present']
 ['2' '321.6669624992697' 'present']
 ['23' '326.8977853450798' 'present']
 ['2' '327.2278259239269' 'present']
 ['6' '331.74412341203254' 'present']
 ['2' '345.58361566617396' 'marauded']]","[['F26' '61.4009356141837' 'destroyed']
 ['F70' '86.51147667720026' 'mated']
 ['F213' '112.25547354094971' 'mated']
 ['F114' '126.67953495570205' 'mated']
 ['F169' '135.18711412515384' 'mated']
 ['F105' '144.47815402296823' 'destroyed']
 ['F79' '146.2030360652399' 'destroyed']
 ['F127' '147.4544324237041' 'absentdestroyed']
 ['F168' '160.7516142346046' 'absentdestroyed']
 ['F162' '180.47703102749477' 'absent']
 ['F82' '193.08940455088148' 'mated']
 ['F158' '203.14354223121538' 'mated']
 ['F172' '235.6685487963063' 'destroyed']
 ['F32' '243.63793088825443' 'absent']
 ['F93' '259.62855276497004' 'mated']]",560.0,71.39477396749136,14.8196364920643,1253.0,210.89991554043337,45.32106981442424,434.0,73.15394878701316,15.640779910982493,12.0,1.2,0.12000000000000005,76.0,3.5185185185185177,0.16289437585733868
21,0.054,10,360.3772494740111,"[['0' '0.023148148148148147' 'present']
 ['7' '8.513166307770188' 'present']
 ['0' '10.13848828622734' 'present']
 ['17' '19.173804977223643' 'marauded']
 ['22' '19.285424950764355' 'destroyed']
 ['11' '20.863060922937468' 'presentdestroyed']
 ['6' '23.962824204792216' 'presentdestroyed']
 ['20' '25.40618609694255' 'destroyed']
 ['3' '25.918802375997053' 'presentdestroyed']
 ['0' '30.464604087038428' 'present']
 ['7' '43.78253010780266' 'present']
 ['17' '48.00953386105847' 'present']
 ['12' '52.63548482058352' 'present']
 ['2' '56.83486921957703' 'present']
 ['6' '79.3260157241309' 'present']
 ['17' '81.89340374028251' 'present']
 ['0' '97.53968268312053' 'present']
 ['2' '124.9289933323448' 'present']
 ['6' '129.40595832253084' 'present']
 ['19' '133.71391159659453' 'present']
 ['20' '137.86269889426734' 'present']
 ['2' '138.1633633325879' 'present']
 ['12' '165.57686910150866' 'present']
 ['11' '168.0019043041372' 'present']
 ['0' '170.56180290626833' 'present']
 ['2' '183.81330512551193' 'present']
 ['11' '186.07938305121823' 'present']
 ['23' '186.45754969983793' 'present']
 ['22' '199.6950947484817' 'present']
 ['19' '209.41523577379505' 'present']
 ['6' '211.3772352645097' 'present']
 ['5' '214.3527591814544' 'marauded']
 ['7' '221.47684431984473' 'present']
 ['17' '222.48324461702504' 'marauded']
 ['12' '233.76416687258532' 'present']
 ['19' '238.50900049522645' 'marauded']
 ['19' '241.68085303442646' 'presentdestroyed']
 ['17' '254.60275075295968' 'present']
 ['17' '257.56998188270524' 'present']
 ['2' '257.8616469003629' 'present']
 ['2' '266.3331810404798' 'present']
 ['3' '279.5346988867886' 'marauded']
 ['20' '295.72875147217354' 'present']
 ['22' '306.0348297490795' 'present']
 ['11' '310.8671338220084' 'marauded']
 ['17' '311.6122602279278' 'presentdestroyed']
 ['11' '314.69732521672887' 'presentdestroyed']
 ['6' '322.0182967675295' 'present']
 ['19' '325.8229961274195' 'marauded']
 ['20' '326.755397820403' 'presentdestroyed']
 ['15' '328.82501049960774' 'presentdestroyed']
 ['7' '333.7329790756942' 'marauded']
 ['12' '337.1431175930275' 'presentdestroyed']
 ['7' '337.18596130488675' 'presentdestroyed']
 ['17' '341.76201188726475' 'present']
 ['8' '345.3184934641664' 'marauded']
 ['7' '346.61519925668375' 'presentdestroyed']
 ['2' '348.37654595824324' 'presentdestroyed']
 ['8' '349.9405803640623' 'destroyed']]","[['F6' '55.37341720575008' 'mated']
 ['F181' '76.27317203486916' 'absent']
 ['F173' '96.01722059968102' 'mated']
 ['F59' '96.09883069121285' 'mated']
 ['F136' '113.15572408290491' 'mated']
 ['F71' '116.1220348256153' 'absent']
 ['F205' '122.06805418823166' 'mated']
 ['F149' '167.00497130535103' 'mated']
 ['F212' '182.02132514854304' 'mated']
 ['F44' '185.96753360594278' 'mated']
 ['F97' '188.61231513340766' 'absent']
 ['F164' '191.79083141495025' 'mated']
 ['F17' '210.85717129915565' 'mated']
 ['F195' '221.12990450546837' 'destroyed']
 ['F201' '222.92376569565369' 'destroyed']]",556.0,72.96070717762217,16.287378403419908,1350.0,227.13861578548045,48.562390367261294,312.0,55.34834142115524,11.937868742035432,12.0,1.2,0.12000000000000005,77.0,3.564814814814814,0.16503772290809313
22,0.054,4,360.14713079382153,"[['0' '0.24069622813196606' 'present']
 ['17' '1.2063514723455464' 'present']
 ['12' '1.6744211471531247' 'present']
 ['15' '1.8302779128596485' 'present']
 ['2' '10.112757298910932' 'present']
 ['7' '26.97612307485418' 'marauded']
 ['11' '41.96069305658526' 'present']
 ['20' '47.809596336032406' 'marauded']
 ['3' '50.985297257292224' 'destroyed']
 ['23' '63.52367396372333' 'marauded']
 ['21' '65.57249203845788' 'destroyed']
 ['20' '65.7450499512629' 'presentdestroyed']
 ['12' '70.54705038719015' 'presentdestroyed']
 ['0' '75.16050783582229' 'marauded']
 ['23' '81.42388693577576' 'presentdestroyed']
 ['2' '84.59200607434956' 'present']
 ['21' '85.8789989666925' 'present']
 ['0' '94.218693519356' 'present']
 ['20' '105.07114867631618' 'present']
 ['23' '112.7154735907852' 'marauded']
 ['20' '113.22837155513668' 'presentdestroyed']
 ['23' '118.47630855656384' 'destroyed']
 ['19' '125.09193437044266' 'present']
 ['6' '139.58522541718963' 'present']
 ['11' '140.38899329708886' 'marauded']
 ['17' '142.543584133703' 'presentdestroyed']
 ['15' '165.5775486086126' 'present']
 ['19' '167.67780175467965' 'present']
 ['19' '172.21306670709674' 'present']
 ['15' '173.89620074121996' 'marauded']
 ['5' '184.07008296882944' 'present']
 ['0' '190.65721517606673' 'marauded']
 ['20' '192.92659478624944' 'presentdestroyed']
 ['21' '197.35173146347316' 'presentdestroyed']
 ['0' '199.3893444492455' 'present']
 ['8' '210.6224610778391' 'present']
 ['7' '224.55901917591794' 'marauded']
 ['5' '242.2143332740299' 'present']
 ['3' '243.12132375361307' 'marauded']
 ['20' '249.20319768962773' 'presentdestroyed']
 ['15' '254.04935641250879' 'present']
 ['12' '254.94402915980132' 'marauded']
 ['5' '257.9869391526605' 'presentdestroyed']
 ['23' '269.12492985340066' 'present']
 ['17' '282.9571631153628' 'present']
 ['8' '286.7987553960384' 'present']
 ['2' '288.0519592786466' 'present']
 ['20' '296.98319928887474' 'present']
 ['6' '319.0653811300938' 'present']
 ['11' '320.6768709968335' 'marauded']
 ['7' '322.65879151375594' 'presentdestroyed']
 ['8' '331.4592916147046' 'present']
 ['20' '334.1002640694606' 'present']
 ['20' '338.7599563397745' 'present']
 ['20' '339.86823470613047' 'present']
 ['6' '342.9766187615631' 'present']
 ['2' '347.76491112861123' 'marauded']]","[['F130' '26.48681489432294' 'mated']
 ['F118' '47.05543698990969' 'absent']
 ['F102' '107.47422024761218' 'absent']
 ['F100' '120.77834070528758' 'destroyed']
 ['F210' '145.73026964915158' 'destroyed']
 ['F37' '176.1737049314645' 'destroyed']
 ['F46' '197.92077896440452' '']
 ['F63' '198.10505607618305' 'mated']
 ['F112' '200.49160481996978' 'mated']
 ['F35' '212.26144784244593' 'mated']
 ['F85' '218.394972121007' 'absent']
 ['F85' '218.4412684173033' 'absent']
 ['F146' '228.28079672915763' 'destroyed']
 ['F133' '258.45345838385373' 'absentdestroyed']]",568.0,72.31712999770984,14.878843831952313,1219.0,204.35753311354367,43.747144722623304,485.0,79.21001966497171,16.280059095562414,12.0,1.2,0.12000000000000005,69.0,3.1944444444444438,0.14789094650205756
23,0.054,8,360.0607562439987,"[['15' '1.1457404888428713' 'present']
 ['11' '9.31434246830981' 'present']
 ['5' '18.054413087814844' 'present']
 ['0' '22.505716952990916' 'present']
 ['21' '40.7459462817323' 'present']
 ['7' '46.38841130013531' 'present']
 ['19' '58.47757383162389' 'present']
 ['8' '70.42154198025186' 'present']
 ['2' '76.10738766836373' 'present']
 ['12' '77.97448641370075' 'present']
 ['22' '84.23106394001053' 'present']
 ['7' '101.91529125464832' 'present']
 ['5' '124.62641065772969' 'marauded']
 ['2' '152.51397130383032' 'present']
 ['17' '165.15884338066462' 'present']
 ['8' '168.24079098274194' 'present']
 ['5' '174.67575297814898' 'present']
 ['19' '179.99181481275426' 'present']
 ['21' '180.0040841265036' 'present']
 ['2' '192.62270533985512' 'present']
 ['8' '193.11702948928198' 'present']
 ['0' '194.21474138442395' 'marauded']
 ['19' '208.55208179486516' 'present']
 ['5' '215.20470418751236' 'present']
 ['0' '215.69087016752007' 'present']
 ['3' '216.68805634664045' 'present']
 ['22' '217.8683696105988' 'present']
 ['7' '226.37287677781282' 'present']
 ['21' '231.18479081647135' 'present']
 ['3' '231.3767590952263' 'marauded']
 ['21' '236.95210093466108' 'presentdestroyed']
 ['21' '246.23292153588423' 'present']
 ['8' '247.44067170111526' 'present']
 ['6' '249.8005681190338' 'present']
 ['8' '259.19203251694347' 'present']
 ['2' '263.65513855791806' 'present']
 ['21' '267.68320672015864' 'present']
 ['22' '276.1489708075491' 'present']
 ['5' '287.60656741283117' 'present']
 ['12' '292.816489824391' 'marauded']
 ['15' '293.4201598678831' 'presentdestroyed']
 ['3' '294.46571523159054' 'presentdestroyed']
 ['21' '295.42533657372655' 'presentdestroyed']
 ['19' '301.0304315045994' 'marauded']
 ['0' '305.8932086877363' 'presentdestroyed']
 ['3' '308.2364724596076' 'destroyed']
 ['5' '324.7013590064629' 'present']
 ['6' '332.9465972213093' 'present']
 ['20' '336.52646309468565' 'present']
 ['8' '341.0325448023943' 'present']
 ['2' '344.5533283602032' 'present']
 ['19' '354.40574695282714' 'marauded']]","[['F12' '31.808882952595322' 'absent']
 ['F12' '31.85517924889162' 'absent']
 ['F64' '43.727204109969776' 'mated']
 ['F125' '91.29123832129797' 'mated']
 ['F48' '95.86993546916838' 'absent']
 ['F107' '96.76049864971576' 'absent']
 ['F88' '118.13610232268873' 'mated']
 ['F142' '140.96052286449557' 'mated']
 ['F34' '171.4519249934628' 'absent']
 ['F29' '183.87461405081146' 'mated']
 ['F13' '184.3648854399399' 'mated']
 ['F45' '206.08624724772963' 'absent']
 ['F27' '258.05723876936275' 'mated']
 ['F204' '278.8977558265201' 'mated']]",573.0,69.72058170182213,14.28294597319236,1492.0,250.5404370058294,53.02241215317163,211.0,35.14501265472095,7.609072384961134,9.0,0.8999999999999999,0.09000000000000002,82.0,3.7962962962962954,0.17575445816186536
