id,probability_maraud,successful_mating,next_foraging_time,mar_attempts,mate_attempts,foraging_events,foraging_hrs,foraging_sqhrs,staying_events,staying_hrs,staying_sqhrs,repairing_events,repairing_hrs,repairing_sqhrs,marauding_events,marauding_hrs,marauding_sqhrs,traveling_events,traveling_hrs,traveling_sqhrs
0,0.0,5,360.28118351874144,"[['17' '2.091174838925924' 'present']
 ['6' '4.709081860617231' 'present']
 ['2' '18.672631761401526' 'present']
 ['6' '35.63055299873061' 'present']
 ['11' '43.454754872847175' 'marauded']
 ['17' '45.11257897015058' 'presentdestroyed']
 ['1' '63.598993894388705' 'present']
 ['13' '66.35442543788764' 'present']
 ['18' '67.67778812346778' 'present']
 ['13' '77.50549083619175' 'present']
 ['14' '81.37971596713714' 'present']
 ['7' '99.34123543161803' 'marauded']
 ['18' '109.777422954558' 'present']
 ['6' '113.2099196031213' 'present']
 ['7' '123.66686048219681' 'present']
 ['1' '125.69953789374541' 'present']
 ['7' '130.83811921712254' 'present']
 ['17' '142.66801679723065' 'present']
 ['6' '144.51116998105996' 'marauded']
 ['7' '166.78379669284794' 'present']
 ['11' '172.31450805981268' 'present']
 ['2' '178.82262000243566' 'present']
 ['3' '192.51104888008132' 'present']
 ['7' '192.8338684383702' 'present']
 ['3' '194.17553202184357' 'present']
 ['4' '201.3106871129174' 'present']
 ['1' '207.67124754661683' 'marauded']
 ['3' '209.5461806914517' 'presentdestroyed']
 ['4' '209.8109367551417' 'destroyed']
 ['6' '216.17121677401462' 'marauded']
 ['3' '220.94672433092805' 'destroyed']
 ['6' '221.23519094123927' 'presentdestroyed']
 ['11' '225.97549921288277' 'present']
 ['17' '232.44397481029736' 'marauded']
 ['3' '234.13322330522908' 'presentdestroyed']
 ['2' '235.81053038009804' 'presentdestroyed']
 ['6' '240.7819551157136' 'present']
 ['8' '244.6942584723519' 'present']
 ['18' '251.92253522292538' 'present']
 ['3' '252.00970994813557' 'present']
 ['14' '256.18003885230695' 'present']
 ['17' '257.4002085936619' 'present']
 ['3' '274.0252556363243' 'present']
 ['2' '276.7328944668852' 'present']
 ['18' '289.8197775161173' 'present']
 ['11' '295.0153832072255' 'present']
 ['4' '306.54289788271694' 'present']
 ['3' '309.19144267813294' 'present']
 ['8' '309.2529050839305' 'present']
 ['17' '322.1047766265392' 'present']
 ['2' '325.5622789009572' 'present']
 ['6' '345.73692998880415' 'present']
 ['1' '346.627184326748' 'present']
 ['13' '347.52734749103143' 'marauded']
 ['2' '353.55419470373107' 'presentdestroyed']]","[['F163' '85.6713734169838' 'absent']
 ['F41' '88.29239949322654' 'mated']
 ['F139' '98.38511116170602' 'absent']
 ['F20' '156.84331412898308' 'mated']
 ['F145' '158.43454445475564' 'mated']
 ['F152' '189.3388629722539' 'mated']
 ['F33' '208.30965561542544' 'absentdestroyed']
 ['F208' '208.6258529666753' 'destroyed']
 ['F39' '293.69988296227393' 'mated']
 ['F210' '313.23718090722906' 'absent']]",563.0,70.5620341241111,14.164499857971785,1450.0,246.63951718854,52.60896791400678,266.0,42.97280880035121,9.001733726984844,0.0,0.0,0.0,0.0,0.0,0.0
1,0.054,7,360.4337584921575,"[['18' '8.786602019836081' 'present']
 ['2' '12.500059395030991' 'present']
 ['3' '20.88073447722429' 'present']
 ['2' '39.5374847668545' 'marauded']
 ['18' '40.06243476289755' 'destroyed']
 ['11' '41.077768342001306' 'presentdestroyed']
 ['6' '47.8064740855713' 'marauded']
 ['15' '49.062778034700024' 'destroyed']
 ['11' '53.34396469384226' 'presentdestroyed']
 ['3' '56.94635581217454' 'present']
 ['3' '59.80278549355627' 'present']
 ['17' '81.67182343742465' 'present']
 ['20' '87.26310717580175' 'present']
 ['4' '88.07424911408928' 'present']
 ['7' '99.02253106939872' 'marauded']
 ['15' '104.04010063312894' 'presentdestroyed']
 ['17' '120.46083049190645' 'present']
 ['14' '123.48656857629229' 'present']
 ['18' '136.77443631822027' 'marauded']
 ['4' '138.3195629048646' 'presentdestroyed']
 ['15' '141.66252469963126' 'presentdestroyed']
 ['15' '146.70570181763173' 'present']
 ['20' '155.71966911934038' 'present']
 ['3' '158.08507945972144' 'marauded']
 ['11' '172.75184161461638' 'present']
 ['3' '175.53221433618867' 'present']
 ['6' '177.40943648257908' 'present']
 ['14' '181.54413373919073' 'present']
 ['2' '189.80497543270153' 'present']
 ['4' '194.58543170391624' 'present']
 ['4' '197.87928229188776' 'marauded']
 ['2' '200.5205424087954' 'presentdestroyed']
 ['17' '208.20681031677296' 'present']
 ['11' '219.814657401293' 'present']
 ['2' '228.11790357303744' 'present']
 ['3' '234.88935686286206' 'present']
 ['8' '235.84052221692005' 'present']
 ['15' '245.66311231011588' 'marauded']
 ['7' '249.60044835767397' 'presentdestroyed']
 ['3' '250.80480564038768' 'presentdestroyed']
 ['14' '256.93623126005696' 'present']
 ['3' '273.7901429439018' 'present']
 ['14' '274.6083900575145' 'present']
 ['7' '313.5741418305035' 'present']
 ['15' '316.13784277550354' 'marauded']
 ['3' '345.51317336087504' 'present']
 ['8' '345.9929719452292' 'present']
 ['6' '349.31756632447804' 'present']
 ['2' '353.55882433336075' 'present']
 ['4' '354.7465435760198' 'present']
 ['3' '356.6101230220098' 'marauded']
 ['11' '359.29263824571314' 'presentdestroyed']]","[['F126' '21.865389593642853' 'mated']
 ['F119' '94.15813101319112' 'mated']
 ['F139' '98.38742597652083' 'mated']
 ['F143' '138.24941468024775' 'destroyed']
 ['F194' '140.95636584170433' 'destroyed']
 ['F71' '209.66374931853738' 'mated']
 ['F144' '220.41993200935036' 'mated']
 ['F170' '246.83926134926568' 'destroyed']
 ['F46' '281.2910044464594' 'mated']
 ['F153' '289.9016997908147' 'mated']
 ['F13' '319.73155123810614' 'destroyed']]",577.0,72.11043988964865,15.573960334904884,1414.0,235.666345913306,50.07151660432677,300.0,51.320818416592445,11.107274619765658,6.0,0.6,0.06000000000000001,85.0,0.3935185185185189,0.0018218449931412877
2,0.054,8,360.0219055795008,"[['20' '6.391233060493475' 'present']
 ['15' '29.395694953688356' 'present']
 ['1' '34.99823461365995' 'present']
 ['7' '45.43611462487506' 'marauded']
 ['18' '57.923415687220825' 'present']
 ['4' '69.41920594396242' 'present']
 ['17' '82.81991448931572' 'present']
 ['11' '86.00346835681376' 'present']
 ['14' '92.94511078900695' 'marauded']
 ['11' '118.77979979876874' 'marauded']
 ['6' '120.68182244094483' 'presentdestroyed']
 ['3' '127.74229265122945' 'present']
 ['14' '131.92035051742624' 'present']
 ['7' '134.7524631818996' 'present']
 ['3' '147.12256491635114' 'present']
 ['3' '156.36662363384886' 'marauded']
 ['7' '159.51468852253623' 'presentdestroyed']
 ['3' '174.2074057887863' 'present']
 ['14' '187.05243158383036' 'present']
 ['13' '209.0889000009158' 'marauded']
 ['8' '210.9899032111878' 'presentdestroyed']
 ['17' '218.98742387916144' 'present']
 ['6' '238.97643930471276' 'present']
 ['4' '241.93883860884426' 'marauded']
 ['8' '256.74392620471235' 'marauded']
 ['20' '266.031234956484' 'marauded']
 ['3' '304.9026277952131' 'present']
 ['17' '315.43910583800573' 'present']
 ['14' '330.1131318969757' 'marauded']
 ['11' '339.30658345531276' 'marauded']
 ['13' '339.33465026581143' 'destroyed']
 ['13' '341.40127067119334' 'presentdestroyed']
 ['17' '355.28748955336783' 'marauded']]","[['F63' '42.778461655098376' 'absent']
 ['F19' '59.24857709399384' 'mated']
 ['F149' '91.21147045931134' 'mated']
 ['F139' '98.38279634689121' 'destroyed']
 ['F81' '108.93585889682107' 'mated']
 ['F121' '147.79959236008642' 'mated']
 ['F143' '150.25404430987737' 'mated']
 ['F131' '179.17923184819006' 'absent']
 ['F180' '192.00128118960598' 'mated']
 ['F208' '208.63048259630492' 'mated']
 ['F124' '221.2176728112938' 'mated']
 ['F59' '243.29467804215736' 'destroyed']
 ['F3' '267.14101209408153' 'destroyed']
 ['F86' '336.60633170217295' 'destroyed']]",558.0,72.89880251058942,14.904314538996015,1320.0,220.45340721067558,46.951406560887634,372.0,64.99798189617563,14.249652892949818,13.0,1.3,0.13000000000000006,92.0,0.42592592592592643,0.0019718792866940996
3,0.054,5,360.0447007466287,"[['8' '19.6457641408669' 'present']
 ['8' '28.098458685367135' 'marauded']
 ['4' '28.32839165765058' 'presentdestroyed']
 ['14' '31.512707805149326' 'presentdestroyed']
 ['13' '38.38618157200149' 'present']
 ['13' '42.736346766000956' 'present']
 ['1' '64.37388076594024' 'present']
 ['2' '72.39967867233254' 'present']
 ['4' '92.17174172144746' 'present']
 ['1' '98.57726892025462' 'present']
 ['2' '101.18279730226116' 'marauded']
 ['17' '114.01703829942201' 'present']
 ['11' '115.75461682242164' 'present']
 ['4' '116.31312508736193' 'marauded']
 ['6' '123.67643497466915' 'presentdestroyed']
 ['7' '125.32817315164776' 'present']
 ['7' '139.61093807532384' 'present']
 ['4' '154.3647622687705' 'present']
 ['1' '157.29408181868953' 'present']
 ['4' '169.47358147609765' 'present']
 ['1' '172.66263299583179' 'present']
 ['14' '187.86727647776144' 'present']
 ['14' '187.87190610739106' 'present']
 ['18' '190.572225439139' 'present']
 ['4' '196.28959412585726' 'present']
 ['8' '198.21444600745238' 'present']
 ['13' '210.24477781369637' 'marauded']
 ['7' '223.71715614102635' 'present']
 ['8' '228.18842327809256' 'present']
 ['14' '240.6825575897911' 'marauded']
 ['6' '256.1806576652351' 'marauded']
 ['15' '257.7103888386154' 'destroyed']
 ['1' '261.9154851253772' 'destroyed']
 ['11' '273.08560152172413' 'present']
 ['2' '276.62826483725553' 'marauded']
 ['20' '284.2659878374625' 'presentdestroyed']
 ['6' '284.65306435343217' 'present']
 ['2' '302.73720738024707' 'present']
 ['11' '303.90065606542663' 'present']
 ['8' '309.852523819708' 'present']
 ['17' '314.8656462133569' 'marauded']
 ['1' '329.6683280840633' 'present']
 ['4' '335.38558473861485' 'present']
 ['17' '337.79806282192425' 'present']
 ['7' '342.06228906827477' 'present']
 ['7' '345.3491262394279' 'present']
 ['7' '353.1271625810663' 'present']
 ['18' '354.41120470034684' 'present']]","[['F150' '3.712084988328007' 'absent']
 ['F57' '89.4513945280361' 'mated']
 ['F149' '91.20915564449653' 'absent']
 ['F14' '103.62132423441274' 'destroyed']
 ['F103' '140.31991321696043' 'mated']
 ['F143' '150.25172949506256' 'absent']
 ['F1' '163.242533137805' 'absent']
 ['F131' '179.17691703337525' 'absent']
 ['F51' '190.9697333732585' 'mated']
 ['F186' '234.81234939827198' 'absent']
 ['F147' '295.15160729656674' 'mated']
 ['F17' '344.43872623921453' 'mated']]",566.0,73.85394453158311,16.526944328928383,1397.0,235.48873070218636,50.708205548524234,285.0,48.818445336498925,10.631711088045291,15.0,1.5000000000000002,0.15000000000000008,96.0,0.44444444444444503,0.0020576131687242787
4,0.054,7,360.3955056474271,"[['2' '5.829038155810662' 'marauded']
 ['15' '7.217215428900235' 'presentdestroyed']
 ['15' '21.371717851938403' 'present']
 ['6' '28.330873541320354' 'present']
 ['11' '42.475833703764344' 'marauded']
 ['15' '52.481338964789245' 'present']
 ['11' '60.47853449190569' 'marauded']
 ['17' '89.2068809674936' 'present']
 ['14' '91.10125346951004' 'present']
 ['3' '95.72944402128125' 'present']
 ['20' '97.16661156129197' 'present']
 ['15' '100.69833834667868' 'present']
 ['17' '109.21632742377622' 'marauded']
 ['7' '126.04315522539257' 'present']
 ['8' '152.96908200496023' 'present']
 ['13' '160.1719470979561' 'present']
 ['8' '161.05399405277285' 'present']
 ['2' '171.52631736211174' 'present']
 ['1' '179.9266701030257' 'present']
 ['17' '180.26957149804764' 'marauded']
 ['1' '185.90658980967095' 'presentdestroyed']
 ['17' '193.79343279617547' 'present']
 ['7' '205.61669999997153' 'present']
 ['20' '207.9901204831802' 'present']
 ['3' '218.6093151314647' 'present']
 ['15' '237.69273112665374' 'present']
 ['14' '248.63702524789824' 'present']
 ['6' '251.55827373388576' 'marauded']
 ['7' '252.2670337913108' 'presentdestroyed']
 ['18' '253.5601246246396' 'destroyed']
 ['17' '264.501002304608' 'present']
 ['1' '270.4756292242589' 'present']
 ['11' '273.40983736687883' 'present']
 ['15' '291.97562693102554' 'present']
 ['8' '316.85909352083286' 'present']
 ['7' '321.5720031445935' 'marauded']
 ['13' '323.1276332334947' 'presentdestroyed']
 ['2' '324.59032188980905' 'presentdestroyed']
 ['1' '325.0235587803326' 'presentdestroyed']
 ['8' '326.8447729191466' 'presentdestroyed']
 ['8' '346.3610384648799' 'marauded']
 ['8' '348.71337043442173' 'presentdestroyed']]","[['F214' '97.90971507510045' 'mated']
 ['F178' '145.4155355315981' 'mated']
 ['F1' '163.2448479526198' 'mated']
 ['F200' '197.66543560694723' 'mated']
 ['F38' '227.36445909430108' 'mated']
 ['F55' '230.8608946491476' 'mated']
 ['F128' '266.3894861078669' 'absent']
 ['F90' '266.77124069386383' 'mated']]",557.0,69.55262082942022,13.988156621064304,1441.0,240.83201604322377,51.6580962531729,278.0,48.71548202715289,10.700769390394488,8.0,0.7999999999999999,0.08000000000000002,75.0,0.3472222222222224,0.0016075102880658422
5,0.0,14,360.6445582286292,"[['17' '1.350732919415103' 'marauded']
 ['20' '9.117274457253611' 'marauded']
 ['14' '21.48283830730893' 'marauded']
 ['3' '42.61979329353391' 'present']
 ['15' '44.564106182408395' 'marauded']
 ['1' '64.36925113631062' 'present']
 ['4' '67.8380191712366' 'present']
 ['18' '77.76447094084445' 'present']
 ['20' '78.69717475349198' 'present']
 ['11' '86.78564550202181' 'present']
 ['20' '87.26773680543137' 'present']
 ['15' '87.31230008231988' 'present']
 ['11' '89.85070748433164' 'present']
 ['3' '92.11767882575869' 'present']
 ['1' '108.23683532403965' 'present']
 ['1' '108.24146495366927' 'present']
 ['2' '109.3435475257163' 'present']
 ['14' '127.4323747495569' 'present']
 ['8' '129.36531457051652' 'present']
 ['2' '133.30147450211004' 'present']
 ['18' '140.91121677955698' 'marauded']
 ['6' '142.92915383738136' 'presentdestroyed']
 ['14' '154.4691404082066' 'marauded']
 ['1' '154.7085241365561' 'destroyed']
 ['11' '160.1444411099427' 'presentdestroyed']
 ['13' '164.39684481811662' 'present']
 ['6' '171.00702350821754' 'present']
 ['8' '176.6933132380354' 'present']
 ['2' '200.87475110871054' 'present']
 ['14' '205.10195039273304' 'present']
 ['18' '217.61166053976677' 'present']
 ['11' '220.26300556703293' 'present']
 ['6' '220.5028950767731' 'present']
 ['3' '221.41767316148878' 'marauded']
 ['7' '239.98022694746538' 'present']
 ['14' '248.98038933120134' 'present']
 ['2' '285.5155262068214' 'present']
 ['14' '286.933449110158' 'present']
 ['7' '293.63018341984025' 'present']
 ['1' '296.0638097906693' 'marauded']
 ['18' '296.7814669347927' 'destroyed']
 ['6' '317.6264730883545' 'present']
 ['7' '336.614198247974' 'marauded']
 ['11' '344.5698059996195' 'present']]","[['F82' '69.27079224674333' 'mated']
 ['F196' '96.9153403356587' 'mated']
 ['F110' '108.56515936959798' 'mated']
 ['F101' '111.02378592893247' 'absent']
 ['F146' '119.81576660314303' 'mated']
 ['F206' '125.3395849845565' 'mated']
 ['F34' '132.85930379303258' 'mated']
 ['F137' '163.57489081257754' 'mated']
 ['F5' '182.2687329041496' 'mated']
 ['F113' '192.04020240480588' 'mated']
 ['F42' '200.54341085239523' 'mated']
 ['F18' '234.9124890103863' 'mated']
 ['F193' '246.64014461431378' 'mated']
 ['F170' '246.8415761640805' 'absent']
 ['F174' '256.725363665017' 'mated']
 ['F88' '265.4823823887692' 'absent']
 ['F78' '332.5869713618387' 'mated']]",561.0,71.50299772517894,14.985741473534429,1394.0,233.65693557987825,49.60916956239175,319.0,54.84234988559054,11.784434134672344,0.0,0.0,0.0,0.0,0.0,0.0
6,0.054,14,360.050221702104,"[['7' '8.618300455719066' 'present']
 ['14' '31.740613555793633' 'present']
 ['11' '38.36932461579313' 'marauded']
 ['20' '48.84577301907045' 'present']
 ['2' '56.90614255304167' 'marauded']
 ['2' '81.65957312876246' 'marauded']
 ['14' '87.56105199082492' 'presentdestroyed']
 ['14' '88.14013097588386' 'presentdestroyed']
 ['18' '88.73045840025361' 'present']
 ['2' '88.8668727451031' 'present']
 ['14' '89.44068080093534' 'present']
 ['18' '121.37503636612776' 'present']
 ['15' '121.37911759496042' 'present']
 ['15' '122.38378002501152' 'present']
 ['13' '124.48199091616588' 'present']
 ['18' '139.5640041319165' 'present']
 ['18' '147.71566662742552' 'marauded']
 ['4' '148.72995909635725' 'presentdestroyed']
 ['17' '164.70642216585924' 'present']
 ['1' '172.8102716779612' 'present']
 ['3' '173.40900985830152' 'present']
 ['3' '183.83494635510914' 'marauded']
 ['17' '190.72703746723698' 'presentdestroyed']
 ['4' '204.98431381615035' 'present']
 ['17' '229.4013827116637' 'present']
 ['7' '239.984856577095' 'present']
 ['1' '240.57640542341926' 'present']
 ['18' '243.13592394366788' 'marauded']
 ['14' '247.32108455225762' 'presentdestroyed']
 ['8' '263.0511568026164' 'present']
 ['3' '275.17943788365636' 'present']
 ['2' '278.96905994692196' 'present']
 ['7' '280.2641184094971' 'present']
 ['17' '305.23009998160757' 'marauded']
 ['8' '309.2575347135602' 'presentdestroyed']
 ['20' '313.9308614203238' 'present']
 ['15' '316.13321314587387' 'present']
 ['13' '324.1886888149621' 'marauded']
 ['13' '328.0079445615775' 'presentdestroyed']
 ['3' '329.1274584358432' 'presentdestroyed']
 ['20' '331.12348023309585' 'presentdestroyed']
 ['15' '333.4769076174795' 'present']
 ['8' '334.43429848963376' 'present']
 ['1' '334.93199685505635' 'present']
 ['1' '335.6044266880068' 'present']
 ['17' '344.8704380984617' 'present']]","[['F150' '3.714399803142822' 'absent']
 ['F160' '91.34209145977404' 'mated']
 ['F129' '94.82679825624366' 'mated']
 ['F172' '147.35078977307236' 'mated']
 ['F187' '147.74596903582932' 'absentdestroyed']
 ['F32' '153.77667259770988' 'destroyed']
 ['F23' '161.51353083205723' 'mated']
 ['F91' '165.28908203317445' 'mated']
 ['F141' '192.72972307838714' 'mated']
 ['F107' '201.42485872680567' 'mated']
 ['F100' '221.40922345322195' 'mated']
 ['F142' '259.33076133197903' 'mated']
 ['F128' '266.39180092268174' 'mated']
 ['F37' '272.4311482562489' 'mated']
 ['F153' '289.89938497599985' 'absent']
 ['F173' '291.24140265758456' 'mated']
 ['F50' '292.59526260253745' 'mated']
 ['F45' '317.557600211089' 'mated']]",564.0,72.26815845905156,15.189736461154466,1400.0,237.39978097262485,50.858986977509744,282.0,48.70632427619792,10.432751031007886,14.0,1.4000000000000001,0.14000000000000007,84.0,0.38888888888888923,0.0018004115226337432
7,0.054,12,359.9951493529675,"[['8' '1.440392292732624' 'present']
 ['17' '2.0958044685555537' 'present']
 ['1' '5.661582598487706' 'present']
 ['14' '17.726280843160442' 'marauded']
 ['4' '23.908467275897657' 'presentdestroyed']
 ['1' '26.288010108164563' 'present']
 ['18' '34.17772584296489' 'marauded']
 ['17' '56.979428716998555' 'marauded']
 ['1' '62.554143119800436' 'destroyed']
 ['3' '69.19140395971162' 'present']
 ['17' '71.62178609297553' 'present']
 ['6' '77.12138556598778' 'marauded']
 ['1' '88.24864517270521' 'present']
 ['17' '89.52416798805592' 'present']
 ['2' '91.82217728497747' 'present']
 ['20' '94.46881897530729' 'present']
 ['13' '100.48510963619967' 'present']
 ['1' '125.90872408838054' 'present']
 ['14' '132.94331217556825' 'present']
 ['6' '133.7592316972073' 'present']
 ['20' '157.0084099106736' 'present']
 ['8' '159.80702633948' 'present']
 ['4' '166.6791119598484' 'present']
 ['13' '171.74661185754113' 'present']
 ['8' '184.11692175805672' 'present']
 ['14' '206.56375254042325' 'present']
 ['1' '208.1267771321987' 'present']
 ['14' '214.19263080562513' 'present']
 ['4' '215.74661823257048' 'present']
 ['11' '225.98012884251239' 'marauded']
 ['11' '227.98279818005713' 'destroyed']
 ['17' '240.12302781344272' 'present']
 ['8' '243.36064153036943' 'present']
 ['4' '248.1613761547027' 'present']
 ['8' '271.49085880616457' 'present']
 ['1' '271.6396679558943' 'present']
 ['15' '271.66070426269033' 'present']
 ['1' '287.98034519725843' 'present']
 ['13' '313.3677099539346' 'present']
 ['14' '314.0810751188215' 'marauded']
 ['2' '318.99225385004354' 'presentdestroyed']
 ['13' '321.7998088996601' 'present']
 ['14' '329.4460120557284' 'present']
 ['4' '335.67763841632365' 'present']
 ['20' '344.7462965821509' 'present']
 ['14' '350.93949318160537' 'present']
 ['18' '351.0150174042017' 'present']
 ['4' '359.556532448376' 'present']]","[['F201' '85.78865414305271' 'mated']
 ['F120' '93.70003700593253' 'mated']
 ['F26' '102.19152631801971' 'mated']
 ['F7' '110.47138156329733' 'mated']
 ['F133' '137.4405103583269' 'mated']
 ['F111' '176.52119644157392' 'mated']
 ['F117' '207.2810878148127' 'absent']
 ['F100' '221.40690863840715' 'absent']
 ['F190' '225.7707531639721' 'mated']
 ['F170' '246.8438909788953' 'mated']
 ['F108' '251.6659735409715' 'mated']
 ['F161' '257.00107485952725' 'mated']
 ['F3' '267.14332690889637' 'mated']
 ['F156' '314.02657962710487' 'mated']]",562.0,73.3565074774297,16.575357430061413,1493.0,248.2707983259885,52.41954586221098,230.0,36.57973811423002,7.376684396028387,16.0,1.6000000000000003,0.1600000000000001,75.0,0.3472222222222224,0.0016075102880658422
8,0.054,8,360.215997764326,"[['20' '13.145254068127574' 'present']
 ['2' '17.82748995302942' 'present']
 ['14' '25.02612076078804' 'present']
 ['15' '30.605628809857155' 'marauded']
 ['14' '34.6467534587859' 'presentdestroyed']
 ['3' '39.331258596892205' 'marauded']
 ['15' '57.13648170936868' 'present']
 ['2' '58.686242963710036' 'present']
 ['11' '74.8759435373236' 'present']
 ['18' '81.83888606150654' 'present']
 ['6' '89.70735615908642' 'marauded']
 ['17' '113.28228927356876' 'present']
 ['2' '116.66858226769502' 'present']
 ['2' '117.7963035315085' 'present']
 ['14' '119.10709339872433' 'present']
 ['6' '120.29472198710808' 'present']
 ['1' '123.2568953765857' 'present']
 ['17' '131.46691095460457' 'marauded']
 ['6' '133.35108935015523' 'presentdestroyed']
 ['14' '134.8651188840049' 'presentdestroyed']
 ['1' '154.24969332272585' 'present']
 ['17' '159.75783397809084' 'present']
 ['2' '166.42584579599014' 'present']
 ['2' '171.6573694431663' 'present']
 ['2' '175.73663045676398' 'present']
 ['18' '178.0666438508444' 'present']
 ['3' '184.77371812808857' 'marauded']
 ['17' '185.54347983789057' 'presentdestroyed']
 ['17' '206.64443607991976' 'present']
 ['15' '216.29905777350348' 'present']
 ['17' '234.53685617709112' 'present']
 ['6' '239.4267462055994' 'present']
 ['20' '251.84391797178927' 'present']
 ['18' '252.1298974600459' 'present']
 ['15' '257.7150184682451' 'present']
 ['14' '273.8856107920702' 'marauded']
 ['6' '282.1699119041178' 'present']
 ['20' '297.41131216422446' 'marauded']
 ['11' '312.3021023706021' 'present']
 ['6' '321.30786687562056' 'present']
 ['1' '342.8045401170105' 'present']
 ['1' '348.6887086159956' 'present']
 ['6' '349.0160695295475' 'present']
 ['7' '353.02583378673023' 'present']
 ['7' '354.0510780070103' 'present']
 ['20' '359.19670192844825' 'present']]","[['F167' '24.912155786283' 'mated']
 ['F93' '87.3553034358921' 'absent']
 ['F120' '93.69772219111772' 'destroyed']
 ['F130' '94.03149996997358' 'destroyed']
 ['F143' '138.24478505061813' 'absentdestroyed']
 ['F125' '148.82691343377465' 'mated']
 ['F44' '158.0466722440457' 'absent']
 ['F74' '166.40157225121024' 'mated']
 ['F29' '168.58428668037575' 'mated']
 ['F92' '183.43643127046482' 'mated']
 ['F31' '200.38063929936362' 'mated']
 ['F166' '211.74152709982852' 'mated']
 ['F100' '221.40227900877753' 'absent']
 ['F59' '243.29236322734255' 'absent']
 ['F161' '256.9987600447124' 'absent']
 ['F118' '286.15233336017985' 'mated']]",555.0,70.88234130839508,14.446762909336295,1460.0,244.38556015530858,51.486569660216404,250.0,43.03275089462771,9.38775239897054,14.0,1.4000000000000001,0.14000000000000007,82.0,0.3796296296296299,0.001757544581618654
9,0.0,10,360.30770910298844,"[['4' '0.6786042683497834' 'present']
 ['7' '3.089772633346403' 'marauded']
 ['4' '4.120362154774448' 'presentdestroyed']
 ['20' '13.040624438497945' 'marauded']
 ['7' '17.37627757246981' 'presentdestroyed']
 ['6' '17.49793077624429' 'presentdestroyed']
 ['14' '31.006853056915944' 'marauded']
 ['13' '34.48929514000936' 'presentdestroyed']
 ['20' '48.56354191153047' 'present']
 ['18' '48.98670580840401' 'present']
 ['13' '51.461865318537384' 'present']
 ['2' '59.16321932513241' 'present']
 ['18' '59.41883875529942' 'present']
 ['17' '61.65083164311956' 'present']
 ['14' '67.83347971938144' 'present']
 ['13' '70.25174917139965' 'present']
 ['13' '80.88411637817205' 'marauded']
 ['1' '85.76871430855724' 'presentdestroyed']
 ['2' '92.37291562742877' 'present']
 ['1' '93.60358109844182' 'present']
 ['13' '103.0053186568074' 'present']
 ['14' '123.4911982059219' 'present']
 ['1' '125.91335371801016' 'present']
 ['20' '130.4118575017049' 'marauded']
 ['3' '134.20741391812032' 'presentdestroyed']
 ['11' '143.3574314633486' 'present']
 ['20' '162.99736724845025' 'marauded']
 ['4' '163.3859730903076' 'presentdestroyed']
 ['4' '173.380726393037' 'present']
 ['11' '189.70280602987182' 'present']
 ['1' '197.06144317354986' 'present']
 ['7' '200.049873017574' 'present']
 ['18' '200.33501128436012' 'marauded']
 ['6' '210.6906092183803' 'present']
 ['7' '224.67836387668072' 'present']
 ['13' '234.6283429473508' 'marauded']
 ['4' '237.54550369892002' 'presentdestroyed']
 ['8' '245.14514328817594' 'present']
 ['20' '246.5243970110534' 'present']
 ['17' '255.40476327377394' 'present']
 ['4' '263.70968317388287' 'present']
 ['13' '269.00496010128643' 'present']
 ['17' '269.7347908908236' 'present']
 ['6' '280.0845304792237' 'present']
 ['15' '293.38628180698083' 'present']
 ['3' '294.9954349001821' 'present']
 ['20' '299.9111400138418' 'present']
 ['8' '325.1807381430628' 'marauded']
 ['13' '325.3993263602376' 'presentdestroyed']
 ['11' '328.83291030110087' 'presentdestroyed']
 ['1' '333.0609256703145' 'presentdestroyed']
 ['2' '338.00756587483676' 'present']
 ['13' '342.2215624558656' 'present']
 ['14' '350.1057369350393' 'present']]","[['F76' '41.733116593065496' 'mated']
 ['F53' '144.58961350765242' 'mated']
 ['F9' '158.19047948254806' 'mated']
 ['F29' '168.58197186556094' 'destroyed']
 ['F195' '179.41451874994416' 'mated']
 ['F184' '190.8028076200529' 'mated']
 ['F211' '205.67268305314957' 'destroyed']
 ['F213' '214.8090950493787' 'mated']
 ['F138' '215.89811567350077' 'mated']
 ['F69' '215.9414262427313' 'mated']
 ['F193' '246.63782979949897' 'absent']
 ['F204' '252.6940713467054' 'mated']
 ['F115' '275.6539941965902' 'mated']]",574.0,73.55823906400958,15.142895932900124,1393.0,231.57204058117574,48.55320704861246,335.0,54.89203898791547,11.483064148579164,0.0,0.0,0.0,0.0,0.0,0.0
10,0.0,9,360.0534478403599,"[['15' '1.2134766207176924' 'marauded']
 ['17' '6.8171171444972245' 'presentdestroyed']
 ['15' '7.575649173122755' 'presentdestroyed']
 ['20' '13.379836697395657' 'marauded']
 ['18' '15.51622997642711' 'presentdestroyed']
 ['2' '19.05037420895541' 'presentdestroyed']
 ['18' '19.41370523022432' 'destroyed']
 ['1' '24.098647973616107' 'present']
 ['13' '24.636270821086587' 'marauded']
 ['13' '25.130830580912473' 'presentdestroyed']
 ['3' '36.92737919581976' 'marauded']
 ['17' '57.788725841889246' 'marauded']
 ['11' '60.03777517718141' 'presentdestroyed']
 ['15' '67.37485966461665' 'present']
 ['17' '69.60255737572999' 'present']
 ['17' '70.46302407946624' 'present']
 ['2' '85.72587398007553' 'present']
 ['2' '109.69961250942626' 'marauded']
 ['11' '115.74998719279202' 'destroyed']
 ['13' '116.3575699740667' 'presentdestroyed']
 ['11' '118.21248423210588' 'present']
 ['6' '120.59039976337775' 'present']
 ['15' '165.48127133924442' 'present']
 ['2' '169.99080232946753' 'present']
 ['2' '172.82832401064573' 'present']
 ['15' '177.55933059040564' 'present']
 ['3' '178.75805827828367' 'present']
 ['6' '198.2946800057627' 'present']
 ['8' '198.50808317281283' 'present']
 ['2' '199.98628369515578' 'present']
 ['11' '200.90725828157255' 'present']
 ['3' '203.45959811293918' 'present']
 ['13' '205.17724475737242' 'marauded']
 ['13' '206.74939026614666' 'destroyed']
 ['17' '213.18983439205414' 'present']
 ['20' '218.7284018093851' 'present']
 ['1' '227.85845023870206' 'present']
 ['18' '228.7913047130766' 'marauded']
 ['20' '236.95623958859213' 'present']
 ['17' '239.116377209082' 'marauded']
 ['14' '248.45740787868667' 'present']
 ['17' '275.1722848028704' 'present']
 ['3' '288.28440151513485' 'marauded']
 ['14' '289.70859587536637' 'presentdestroyed']
 ['14' '314.0764454891918' 'present']
 ['7' '330.347330355197' 'marauded']
 ['14' '332.1277308255156' 'presentdestroyed']
 ['7' '335.79569198197026' 'destroyed']
 ['18' '340.72213682107633' 'present']
 ['17' '340.91422532870445' 'present']
 ['15' '340.93818354043475' 'present']]","[['F167' '24.90984097146819' 'destroyed']
 ['F96' '124.36375393611789' 'mated']
 ['F89' '124.87194349062929' 'mated']
 ['F165' '133.8452249526515' 'mated']
 ['F123' '182.6834152166046' 'mated']
 ['F116' '192.79951293039647' 'mated']
 ['F158' '197.55673910588163' 'mated']
 ['F211' '205.67036823833476' 'destroyed']
 ['F106' '211.979287176293' 'destroyed']
 ['F108' '251.66365872615668' 'absent']
 ['F88' '265.48469720358406' 'mated']
 ['F52' '269.94686609119077' 'mated']
 ['F65' '274.5360376307666' 'mated']]",553.0,69.7869359649848,14.471094555212899,1313.0,223.08166266991134,47.35569995079125,388.0,67.22804661144139,14.47656311848158,0.0,0.0,0.0,0.0,0.0,0.0
11,0.054,7,359.9799476920667,"[['20' '1.0286318855950771' 'present']
 ['14' '10.664065915962643' 'marauded']
 ['18' '24.480954404923875' 'present']
 ['6' '25.170889421816575' 'present']
 ['14' '29.064116058162384' 'present']
 ['1' '30.15567772831738' 'present']
 ['13' '46.44568993676236' 'present']
 ['13' '50.61014584990527' 'present']
 ['4' '56.62350762280378' 'present']
 ['17' '57.78409621225961' 'present']
 ['8' '61.65022387907044' 'present']
 ['15' '61.70083151345674' 'present']
 ['15' '77.66702052360395' 'marauded']
 ['4' '79.65130803055594' 'destroyed']
 ['8' '110.05581159337531' 'present']
 ['17' '119.42525184170131' 'marauded']
 ['4' '122.28389152922033' 'destroyed']
 ['4' '125.42139639020166' 'presentdestroyed']
 ['6' '126.87521912651636' 'presentdestroyed']
 ['7' '130.84274884675216' 'present']
 ['15' '145.40108075629988' 'present']
 ['15' '147.31301429332947' 'present']
 ['1' '150.3335778177893' 'present']
 ['1' '150.3382074474189' 'present']
 ['8' '151.3456084191637' 'present']
 ['2' '152.53854654914295' 'marauded']
 ['13' '161.57361476179247' 'present']
 ['13' '173.90983587173392' 'marauded']
 ['20' '176.61038155400735' 'destroyed']
 ['14' '191.8813382118947' 'marauded']
 ['17' '201.29456701581668' 'present']
 ['1' '209.16509028038334' 'present']
 ['6' '211.87462906998405' 'present']
 ['7' '212.13181177144764' 'marauded']
 ['20' '229.37034087250782' 'present']
 ['18' '229.73386892158297' 'marauded']
 ['20' '249.44314308269855' 'present']
 ['20' '265.30866863652045' 'present']
 ['6' '287.74415382976673' 'present']
 ['17' '293.963137450695' 'present']
 ['18' '294.616425698243' 'present']
 ['15' '301.03808585498876' 'present']
 ['18' '313.5876988701248' 'marauded']
 ['13' '314.89125967387236' 'presentdestroyed']
 ['4' '330.7603564066662' 'marauded']
 ['6' '332.3943852253108' 'presentdestroyed']
 ['8' '344.195006594531' 'present']
 ['14' '344.3465711210904' 'present']
 ['17' '351.3092057853572' 'marauded']
 ['15' '353.59993928142717' 'presentdestroyed']]","[['F15' '80.21454732097504' 'destroyed']
 ['F191' '138.7401568126261' 'mated']
 ['F194' '140.95868065651914' 'mated']
 ['F36' '142.55941433280225' 'mated']
 ['F203' '149.9930926101331' 'mated']
 ['F199' '184.2157913607472' 'absent']
 ['F124' '221.21535799647899' 'absent']
 ['F59' '243.29699285697217' 'mated']
 ['F16' '251.3048695296487' 'mated']
 ['F60' '288.46412314316035' 'mated']
 ['F173' '291.2390878427697' 'absent']]",561.0,66.33956442642622,12.606854418240484,1312.0,225.23808610411663,48.82628207068473,379.0,67.0763482841365,14.884199779014539,13.0,1.3,0.13000000000000006,74.0,0.3425925925925927,0.0015860768175582976
12,0.0,8,360.1742191197616,"[['3' '1.6939233122929798' 'present']
 ['2' '4.863113561605953' 'marauded']
 ['8' '8.65979508092643' 'presentdestroyed']
 ['18' '10.913452985681648' 'presentdestroyed']
 ['2' '11.932124997491275' 'presentdestroyed']
 ['20' '13.375207067766027' 'present']
 ['17' '17.615090142224815' 'present']
 ['13' '32.21084416602287' 'present']
 ['18' '32.58867779922409' 'present']
 ['18' '48.137062932009826' 'marauded']
 ['3' '48.81727690923742' 'presentdestroyed']
 ['15' '55.38995463929839' 'destroyed']
 ['17' '63.56004617696311' 'present']
 ['14' '71.08177421865665' 'marauded']
 ['8' '71.24311963684927' 'presentdestroyed']
 ['6' '73.91360264671667' 'destroyed']
 ['3' '81.21353242854232' 'marauded']
 ['3' '92.1223084553883' 'present']
 ['15' '94.55318022768353' 'present']
 ['20' '100.88577392663454' 'present']
 ['4' '105.91429323109226' 'present']
 ['7' '108.06248031518982' 'present']
 ['14' '131.92960977668548' 'marauded']
 ['17' '163.4698112782378' 'present']
 ['6' '166.20775106413373' 'present']
 ['15' '172.298680483727' 'present']
 ['20' '175.8636658054038' 'marauded']
 ['17' '182.3168349286751' 'destroyed']
 ['3' '187.11132354178898' 'present']
 ['3' '187.28440183294367' 'present']
 ['2' '201.38892202224892' 'present']
 ['4' '208.65245062398887' 'present']
 ['11' '211.4998352511708' 'present']
 ['15' '217.79612027137017' 'marauded']
 ['11' '222.3469329084285' 'destroyed']
 ['15' '225.36933485860078' 'present']
 ['2' '225.58384046338227' 'present']
 ['1' '242.31885165311618' 'present']
 ['14' '244.27176668357816' 'present']
 ['14' '255.83322204348926' 'present']
 ['8' '269.5335836213684' 'present']
 ['1' '270.4802588538886' 'marauded']
 ['17' '271.4352864524003' 'presentdestroyed']
 ['1' '277.1672020610091' 'presentdestroyed']
 ['11' '278.15062555972605' 'presentdestroyed']
 ['6' '279.6167196929776' 'present']
 ['11' '287.65606648608616' 'present']
 ['1' '291.89413672959046' 'marauded']
 ['1' '304.3097864830032' 'present']
 ['14' '305.3795588601413' 'present']
 ['7' '307.3012827376322' 'marauded']
 ['3' '307.58523664746633' 'presentdestroyed']
 ['18' '314.1864451228922' 'presentdestroyed']
 ['14' '315.0991371912089' 'present']
 ['8' '322.9778037691938' 'present']
 ['1' '333.35439980735663' 'present']
 ['6' '334.4225196800636' 'present']
 ['6' '335.0075047484373' 'present']
 ['13' '341.8685629356196' 'present']
 ['11' '349.09346299099116' 'present']
 ['8' '355.136920463734' 'marauded']
 ['11' '359.10825806193964' 'presentdestroyed']]","[['F4' '58.57835268912704' 'absent']
 ['F12' '92.1093592725607' 'mated']
 ['F87' '122.17105929547645' 'mated']
 ['F131' '179.17460221856044' 'destroyed']
 ['F113' '192.03788758999107' 'absent']
 ['F176' '192.46832843043728' 'mated']
 ['F47' '206.5604300977378' 'mated']
 ['F106' '211.98160199110782' 'mated']
 ['F48' '237.45104634492517' 'mated']
 ['F70' '239.22248987403515' 'mated']
 ['F24' '331.62415386787546' 'mated']]",566.0,70.09098694889605,13.444166606514813,1306.0,224.83766978323408,48.62772874625274,386.0,65.29505764790838,14.169505694229807,0.0,0.0,0.0,0.0,0.0,0.0
13,0.054,4,360.2638826137691,"[['4' '1.9634433616840201' 'marauded']
 ['20' '3.0404125202353414' 'presentdestroyed']
 ['11' '3.3404457138964734' 'presentdestroyed']
 ['8' '6.840735689720364' 'presentdestroyed']
 ['3' '19.32412527146432' 'present']
 ['3' '23.07284883444517' 'present']
 ['2' '42.0390084231356' 'present']
 ['2' '80.46171582129377' 'present']
 ['7' '85.860776985142' 'marauded']
 ['2' '88.6612179575722' 'presentdestroyed']
 ['14' '91.10588309913966' 'presentdestroyed']
 ['15' '91.87999019562017' 'presentdestroyed']
 ['1' '98.67253101090165' 'present']
 ['14' '105.16930462260848' 'marauded']
 ['7' '132.97452417554777' 'present']
 ['8' '140.83366526441426' 'present']
 ['8' '142.65155771876218' 'present']
 ['2' '145.7907421445728' 'present']
 ['2' '147.54530624422634' 'marauded']
 ['3' '156.65369923650707' 'present']
 ['11' '161.96047189690526' 'present']
 ['6' '165.4307401931122' 'present']
 ['14' '186.4736817763533' 'marauded']
 ['3' '196.52561885121438' 'present']
 ['14' '204.670540013935' 'present']
 ['6' '213.9452945143965' 'present']
 ['14' '224.59238914227126' 'present']
 ['20' '232.69236144999857' 'present']
 ['6' '239.1898314324065' 'present']
 ['15' '244.39443220747566' 'marauded']
 ['2' '251.76057909413936' 'destroyed']
 ['7' '255.7570152542473' 'present']
 ['8' '257.57634222526' 'present']
 ['1' '285.39885799188994' 'marauded']
 ['20' '301.5989621934297' 'present']
 ['4' '304.9193882186796' 'present']
 ['1' '308.00040565314237' 'present']
 ['18' '312.1524574366508' 'present']
 ['14' '315.87079294171406' 'present']
 ['2' '320.73541598063326' 'present']
 ['3' '334.7689829132369' 'present']
 ['17' '337.8026924515539' 'present']
 ['17' '350.9001810872996' 'present']
 ['2' '352.3954011555409' 'present']
 ['17' '358.40622953816165' 'present']]","[['F63' '42.78309128472801' 'absent']
 ['F4' '58.580667503941854' 'mated']
 ['F7' '110.46906674848252' 'absentdestroyed']
 ['F32' '153.77435778289507' 'destroyed']
 ['F169' '177.00826760167513' 'mated']
 ['F116' '192.79719811558166' 'destroyed']
 ['F211' '205.6773126827792' 'mated']
 ['F71' '209.65911968890777' 'absent']
 ['F35' '221.4413270201411' 'mated']]",575.0,72.24777830590064,15.24891527449617,1439.0,243.01007657962245,51.823129657969226,254.0,42.7517244154769,8.836803432344631,18.0,1.8000000000000005,0.1800000000000001,83.0,0.3842592592592596,0.0017789780521261986
14,0.054,9,360.1980756460976,"[['4' '1.0175639231965696' 'present']
 ['3' '10.635059359435958' 'present']
 ['18' '15.52085960605674' 'present']
 ['15' '47.48846044366455' 'marauded']
 ['3' '54.932982920220894' 'destroyed']
 ['6' '56.479544399485384' 'present']
 ['8' '63.13819423529255' 'present']
 ['8' '63.67406979394404' 'present']
 ['17' '65.55339770830754' 'present']
 ['6' '77.54707432859176' 'present']
 ['13' '99.4678336278883' 'present']
 ['18' '118.28143725543165' 'present']
 ['15' '136.69731518195724' 'present']
 ['3' '154.6303534176353' 'present']
 ['13' '156.75694296435242' 'marauded']
 ['20' '157.22082772709976' 'destroyed']
 ['20' '159.22568453099944' 'presentdestroyed']
 ['4' '168.00337620991556' 'marauded']
 ['13' '177.99774767872026' 'present']
 ['17' '188.82171244147327' 'present']
 ['6' '211.10611490772072' 'present']
 ['18' '214.44541477492396' 'present']
 ['8' '225.51975082476946' 'present']
 ['2' '237.75567386082687' 'present']
 ['15' '243.83235662750704' 'present']
 ['13' '254.73836711953524' 'present']
 ['11' '263.8782245814189' 'marauded']
 ['6' '264.0607102779286' 'presentdestroyed']
 ['7' '270.14854028711676' 'destroyed']
 ['1' '272.67524890476517' 'present']
 ['1' '285.8434354967199' 'present']
 ['1' '312.0370599389893' 'present']
 ['18' '314.43344944287526' 'present']
 ['2' '321.8116172090475' 'present']
 ['17' '329.1031775238412' 'present']
 ['18' '340.71750719144666' 'present']
 ['17' '343.66791464155534' 'present']
 ['13' '344.1072545735551' 'present']
 ['11' '350.44722430406733' 'present']]","[['F163' '85.67368823179861' 'mated']
 ['F58' '95.65423954596207' 'mated']
 ['F27' '126.81059825628334' 'mated']
 ['F215' '129.4532102815305' 'mated']
 ['F104' '136.28562855859798' 'mated']
 ['F44' '158.05130187367533' 'absentdestroyed']
 ['F33' '208.31197043024025' 'mated']
 ['F98' '227.02829897693903' 'mated']
 ['F59' '243.29004841252774' 'absent']
 ['F68' '249.4880348020401' 'mated']
 ['F40' '309.6087018445323' 'mated']]",562.0,67.91012518563332,14.28732070473818,1558.0,265.17637807428946,56.7250015814535,151.0,24.32694209328346,5.103707216552592,22.0,2.2000000000000006,0.22000000000000014,99.0,0.458333333333334,0.002121913580246913
15,0.054,5,360.23488807861787,"[['18' '0.8494238702865261' 'present']
 ['11' '3.1151059491772064' 'present']
 ['6' '16.829819361412405' 'present']
 ['17' '65.9395115411788' 'present']
 ['17' '104.90666249038041' 'marauded']
 ['8' '125.47486489223098' 'present']
 ['2' '141.68565968863822' 'present']
 ['11' '145.01870167683003' 'present']
 ['11' '163.90726671722007' 'present']
 ['7' '173.2671022065544' 'present']
 ['2' '186.93075280083156' 'present']
 ['6' '203.73379034963673' 'present']
 ['6' '208.0596925755618' 'marauded']
 ['14' '211.18794246901507' 'presentdestroyed']
 ['2' '217.68296352970552' 'present']
 ['13' '221.78072218591797' 'present']
 ['8' '222.1078595795788' 'present']
 ['2' '237.92220162245064' 'present']
 ['11' '249.5908626105277' 'marauded']
 ['13' '260.8312078919356' 'marauded']
 ['8' '260.9157302157826' 'presentdestroyed']
 ['11' '264.9443920128096' 'presentdestroyed']
 ['1' '271.181916037341' 'present']
 ['6' '272.3816550688588' 'present']
 ['17' '273.79616450764644' 'present']
 ['6' '280.76194047656753' 'present']
 ['17' '284.54463180165106' 'marauded']
 ['17' '293.75343857559005' 'present']
 ['13' '297.65884190468665' 'present']
 ['14' '301.53814328650907' 'present']
 ['4' '318.698375156048' 'marauded']
 ['8' '323.87639759687187' 'presentdestroyed']
 ['4' '329.7931265471428' 'present']
 ['3' '336.81089135243604' 'present']
 ['13' '342.1169328262359' 'marauded']
 ['7' '354.2164567099522' 'present']
 ['3' '354.9880612472004' 'present']
 ['6' '355.07908065355673' 'marauded']
 ['8' '357.73641640250787' 'presentdestroyed']]","[['F189' '87.39331478692571' 'mated']
 ['F212' '129.0250452501608' 'mated']
 ['F30' '136.35599790557788' 'mated']
 ['F117' '207.28340262962752' 'mated']
 ['F208' '208.6281677814901' 'destroyed']
 ['F188' '282.24728950872395' 'mated']
 ['F13' '319.733866052921' 'destroyed']]",560.0,71.11891884189704,15.129173682817147,1440.0,240.073857822222,50.47474149157509,264.0,47.04873784739057,10.63235609510899,15.0,1.5000000000000002,0.15000000000000008,72.0,0.3333333333333334,0.0015432098765432085
16,0.0,11,360.1716958802511,"[['13' '20.266354842273028' 'present']
 ['7' '27.086421252689274' 'marauded']
 ['15' '32.59161226768033' 'presentdestroyed']
 ['20' '42.712064590255814' 'present']
 ['20' '97.16198193166235' 'present']
 ['6' '101.14302617447329' 'present']
 ['7' '104.47412215269001' 'present']
 ['18' '109.26075468004332' 'marauded']
 ['17' '111.67188200661028' 'presentdestroyed']
 ['3' '113.26934949541663' 'presentdestroyed']
 ['15' '122.61746435615665' 'present']
 ['3' '137.01419979699878' 'present']
 ['3' '141.17807474926113' 'marauded']
 ['6' '142.29873314431487' 'presentdestroyed']
 ['14' '150.8436850362039' 'present']
 ['2' '152.77886285253817' 'present']
 ['20' '158.3575201442375' 'present']
 ['15' '166.46730470090904' 'present']
 ['1' '168.10819696628553' 'present']
 ['13' '182.3543725196554' 'marauded']
 ['2' '194.65214148422942' 'present']
 ['20' '212.13204330362336' 'present']
 ['13' '228.31992026795726' 'present']
 ['15' '235.48874158441456' 'marauded']
 ['8' '272.3042614305894' 'present']
 ['6' '279.6120900633479' 'present']
 ['2' '295.9136492417318' 'marauded']
 ['1' '299.69799665787224' 'destroyed']
 ['17' '301.5567053966317' 'presentdestroyed']
 ['1' '306.7851258786904' 'present']
 ['8' '316.12973428867696' 'present']
 ['8' '320.97767389944795' 'present']
 ['13' '327.66299964786435' 'marauded']
 ['20' '330.90668260121265' 'presentdestroyed']
 ['11' '345.514674363099' 'marauded']
 ['4' '357.8789619902421' 'marauded']]","[['F159' '51.94610683097995' 'mated']
 ['F21' '84.47686171079823' 'absent']
 ['F93' '87.3576182507069' 'mated']
 ['F97' '94.34673167451653' 'mated']
 ['F164' '116.60880946366599' '']
 ['F191' '138.7378419978113' 'absent']
 ['F178' '145.4132207167833' 'destroyed']
 ['F32' '153.77898741252469' 'mated']
 ['F132' '224.3509478917409' 'mated']
 ['F177' '231.2953645940093' 'mated']
 ['F186' '234.8146642130868' 'mated']
 ['F161' '256.9964452298976' 'absent']
 ['F207' '265.44252791909423' 'mated']
 ['F182' '295.6590615826246' 'mated']
 ['F13' '319.7361808677358' 'mated']
 ['F181' '327.09575096614003' 'mated']
 ['F78' '332.5846565470239' 'destroyed']]",559.0,72.28231808432997,15.506322236831261,1418.0,237.2780727247349,50.32617998891145,303.0,50.49261605744688,10.439962743633231,0.0,0.0,0.0,0.0,0.0,0.0
17,0.054,13,360.48800653364344,"[['2' '13.46239536328931' 'present']
 ['14' '18.005269107130268' 'present']
 ['6' '20.91086330582906' 'present']
 ['13' '24.04029181793468' 'present']
 ['4' '36.16196680257223' 'present']
 ['6' '46.39621412193496' 'marauded']
 ['7' '50.86726869330167' 'presentdestroyed']
 ['13' '63.449517428269836' 'present']
 ['18' '72.28765157797335' 'marauded']
 ['1' '77.34440338231897' 'presentdestroyed']
 ['8' '80.96938502722163' 'present']
 ['8' '87.35404113482214' 'present']
 ['20' '92.15888141074153' 'marauded']
 ['15' '101.66875808218552' 'present']
 ['1' '128.6648215869283' 'present']
 ['3' '136.84832152495503' 'present']
 ['3' '140.19819695905156' 'present']
 ['11' '163.89465169429675' 'present']
 ['6' '171.47540246425783' 'marauded']
 ['1' '171.55071873457152' 'destroyed']
 ['20' '176.60575192437773' 'presentdestroyed']
 ['3' '181.29403573518437' 'present']
 ['15' '186.4958277239171' 'present']
 ['7' '201.7763468230806' 'present']
 ['13' '206.74476063651704' 'present']
 ['15' '231.54201198319' 'present']
 ['14' '256.9924609848405' 'present']
 ['8' '263.05578643224607' 'present']
 ['3' '265.1463236241235' 'present']
 ['1' '269.58820230632244' 'present']
 ['6' '286.19111850199073' 'marauded']
 ['1' '287.51950369679986' 'presentdestroyed']
 ['1' '303.1704402223469' 'present']
 ['20' '311.3882735427309' 'present']
 ['1' '313.11625809627526' 'present']
 ['4' '335.8570285337482' 'present']
 ['2' '350.643980397887' 'present']
 ['4' '357.2147074625478' 'present']]","[['F130' '94.02918515515877' 'destroyed']
 ['F54' '101.18310656146059' 'mated']
 ['F101' '111.02610074374728' 'mated']
 ['F164' '116.6111242784808' 'mated']
 ['F143' '138.24015542098851' 'absent']
 ['F36' '142.55709951798744' 'absent']
 ['F197' '149.89198723154604' 'absent']
 ['F148' '151.23594061837306' 'mated']
 ['F56' '160.867935994226' 'mated']
 ['F185' '169.54629758176972' 'mated']
 ['F11' '186.58572394963187' 'mated']
 ['F66' '225.63916986773427' 'mated']
 ['F85' '244.00147709452173' 'mated']
 ['F114' '250.86740701618672' 'mated']
 ['F60' '288.4618083283455' 'destroyed']
 ['F157' '294.6781346812092' 'mated']
 ['F202' '312.2479318369399' 'mated']
 ['F86' '336.6086465169878' 'mated']]",579.0,70.46999554659308,14.363441664241616,1533.0,256.74850063599087,54.30648631417712,172.0,30.497086572121653,6.714176071701517,20.0,2.0000000000000004,0.20000000000000012,96.0,0.44444444444444503,0.0020576131687242787
18,0.054,8,360.44430156567967,"[['15' '7.188487518391727' 'present']
 ['2' '8.509173353696765' 'present']
 ['14' '20.919187786915757' 'present']
 ['15' '41.599311470604675' 'present']
 ['2' '57.091263933313094' 'present']
 ['15' '59.41716064196597' 'marauded']
 ['13' '59.98653517413999' 'destroyed']
 ['2' '60.13882256495901' 'presentdestroyed']
 ['14' '62.31418028443571' 'presentdestroyed']
 ['4' '71.22659164301386' 'present']
 ['7' '72.657758271573' 'present']
 ['13' '80.98874600780167' 'present']
 ['7' '91.01742652222062' 'marauded']
 ['3' '92.20395228467225' 'presentdestroyed']
 ['3' '95.84357762351138' 'presentdestroyed']
 ['4' '96.79436861525174' 'presentdestroyed']
 ['4' '107.60906130508258' 'present']
 ['15' '127.60830902839619' 'present']
 ['13' '140.71591334531328' 'present']
 ['15' '152.57278931310233' 'present']
 ['20' '153.58543885518563' 'marauded']
 ['3' '164.8571293096632' 'present']
 ['20' '165.83256217100435' 'marauded']
 ['11' '171.925107173273' 'destroyed']
 ['14' '179.12956039579254' 'present']
 ['1' '180.41923743132523' 'present']
 ['4' '192.380117361688' 'present']
 ['2' '196.32993303997384' 'present']
 ['11' '206.60361890068833' 'present']
 ['2' '207.23386551899546' 'present']
 ['4' '208.1549907676853' 'present']
 ['20' '216.45064942642185' 'present']
 ['17' '218.42110438508945' 'marauded']
 ['1' '224.7493228043355' 'presentdestroyed']
 ['13' '232.1598162512269' 'marauded']
 ['3' '239.89775079237177' 'present']
 ['20' '246.51976738142378' 'present']
 ['11' '260.41622075681784' 'marauded']
 ['4' '262.77016140566934' 'presentdestroyed']
 ['6' '270.39352608639155' 'present']
 ['11' '270.59478169557246' 'marauded']
 ['17' '280.5913817393602' 'marauded']
 ['14' '282.9402911368776' 'destroyed']
 ['7' '287.1623017894344' 'presentdestroyed']
 ['3' '288.27977188550517' 'presentdestroyed']
 ['11' '292.9092644120313' 'present']
 ['11' '295.01075357759584' 'present']
 ['8' '297.3262577810057' 'marauded']
 ['3' '304.23075637088675' 'destroyed']
 ['14' '317.1251113274108' 'present']
 ['8' '320.0618496058829' 'present']
 ['17' '322.5386080909925' 'present']
 ['8' '327.05250621925927' 'marauded']
 ['20' '330.9113122308423' 'presentdestroyed']
 ['6' '341.5600281623895' 'present']
 ['1' '344.5207163138409' 'present']
 ['13' '357.96075189700196' 'present']]","[['F109' '7.81630050474838' 'mated']
 ['F15' '80.21686213578985' 'mated']
 ['F44' '158.04898705886052' 'destroyed']
 ['F43' '178.5963297970548' 'mated']
 ['F131' '179.18154666300487' 'mated']
 ['F127' '200.67376116511053' 'mated']
 ['F134' '202.94417579113323' 'mated']
 ['F66' '225.63685505291946' 'destroyed']
 ['F105' '287.6521541502479' 'destroyed']
 ['F94' '312.9370949960116' 'mated']
 ['F210' '313.2394957220439' 'mated']]",559.0,71.55796658460457,14.728847289425893,1315.0,219.27664382708306,46.973276293438886,393.0,67.4964731971001,14.440925647744443,14.0,1.4000000000000001,0.14000000000000007,71.0,0.3287037037037038,0.001521776406035664
19,0.0,10,360.53699513162474,"[['8' '2.757413498227776' 'present']
 ['3' '11.185519723199997' 'present']
 ['15' '15.92754334035956' 'present']
 ['13' '23.594559246413578' 'present']
 ['14' '27.42639015613245' 'present']
 ['13' '34.48466551037973' 'present']
 ['13' '37.77240471524009' 'present']
 ['7' '45.43148499524543' 'present']
 ['6' '48.6470839701238' 'present']
 ['7' '66.70834519730414' 'marauded']
 ['14' '69.81314396361017' 'destroyed']
 ['6' '73.75516732398535' 'present']
 ['4' '77.51711163590767' 'present']
 ['15' '82.21951142712115' 'marauded']
 ['1' '84.6851198913874' 'presentdestroyed']
 ['1' '90.70762560303776' 'present']
 ['20' '90.86826950823797' 'present']
 ['20' '98.91923508474844' 'present']
 ['18' '100.48824409182757' 'present']
 ['14' '115.07870527723084' 'present']
 ['15' '117.05358268023153' 'present']
 ['11' '127.45587663026042' 'marauded']
 ['18' '128.5672146950909' 'presentdestroyed']
 ['4' '130.62293093066998' 'presentdestroyed']
 ['7' '132.19398810063657' 'presentdestroyed']
 ['2' '133.98948861557744' 'destroyed']
 ['3' '138.87972573301184' 'present']
 ['8' '139.84334750336032' 'present']
 ['18' '152.00071881873637' 'present']
 ['3' '163.44701070160647' 'present']
 ['20' '165.27397069869198' 'present']
 ['18' '165.64350566189972' 'present']
 ['14' '166.0124478723282' 'present']
 ['3' '176.05453617702642' 'marauded']
 ['3' '177.64973067872953' 'presentdestroyed']
 ['14' '180.87632676945148' 'presentdestroyed']
 ['4' '198.36478715156983' 'present']
 ['8' '200.9926106392752' 'present']
 ['17' '213.8806724924418' 'present']
 ['6' '221.46576148846742' 'present']
 ['3' '226.3802620865593' 'present']
 ['2' '233.72047181699705' 'present']
 ['14' '240.4767428934453' 'marauded']
 ['17' '244.91630765186395' 'presentdestroyed']
 ['17' '247.51531773379998' 'present']
 ['8' '254.2653899278115' 'present']
 ['4' '262.774791035299' 'present']
 ['15' '274.3575268778079' 'marauded']
 ['3' '288.2751422558755' 'present']
 ['7' '290.5355032989472' 'present']
 ['1' '296.05918016103965' 'present']
 ['2' '298.40140154634105' 'present']
 ['7' '300.36100128275734' 'present']
 ['20' '325.7065398755063' 'present']
 ['1' '331.9166684666172' 'present']
 ['8' '354.42470416728054' 'present']]","[['F109' '7.813985689933565' 'absent']
 ['F6' '66.26387660782794' 'mated']
 ['F136' '81.71868180117465' 'mated']
 ['F95' '99.09316141861781' 'mated']
 ['F14' '103.62363904922755' 'mated']
 ['F187' '147.75059866545894' 'mated']
 ['F197' '149.88967241673123' 'absent']
 ['F61' '168.91704503434212' 'mated']
 ['F80' '230.81964395774585' 'mated']
 ['F22' '285.5387865574251' 'mated']
 ['F75' '321.08330493037596' 'mated']
 ['F135' '340.01075353152527' 'mated']]",565.0,70.28343094036272,14.228286608263225,1501.0,252.93450047790958,53.80158256396622,218.0,36.875266699323966,8.074716420064574,0.0,0.0,0.0,0.0,0.0,0.0
20,0.054,12,360.3125879380668,"[['3' '2.8740371161918072' 'present']
 ['17' '11.235872423067812' 'present']
 ['3' '14.54855427913487' 'marauded']
 ['6' '14.932518946742986' 'presentdestroyed']
 ['6' '20.334838389241824' 'presentdestroyed']
 ['2' '40.072228294285736' 'present']
 ['17' '68.26748469113134' 'marauded']
 ['15' '70.90213442827086' 'presentdestroyed']
 ['18' '73.59287852924878' 'presentdestroyed']
 ['11' '74.92204532316583' 'presentdestroyed']
 ['3' '87.52580358248275' 'present']
 ['1' '90.13989211232165' 'present']
 ['8' '102.72006512925554' 'marauded']
 ['6' '105.22250058581264' 'destroyed']
 ['4' '105.25952800838303' 'presentdestroyed']
 ['6' '109.95459041545278' 'marauded']
 ['18' '110.1854876163616' 'presentdestroyed']
 ['17' '122.93507266876564' 'marauded']
 ['8' '130.93879468405038' 'present']
 ['14' '135.59106828098933' 'marauded']
 ['13' '141.30410644176732' 'presentdestroyed']
 ['4' '144.8208208909659' 'present']
 ['6' '168.50530092080882' 'present']
 ['3' '169.5540724128369' 'present']
 ['8' '179.10938397183077' 'marauded']
 ['7' '190.13615400629817' 'present']
 ['17' '190.7316670968666' 'present']
 ['8' '196.58722228694728' 'marauded']
 ['18' '200.3303816547305' 'presentdestroyed']
 ['3' '203.45496848330956' 'presentdestroyed']
 ['4' '204.09338681780517' 'presentdestroyed']
 ['1' '210.91042174529363' 'present']
 ['4' '219.7020811167001' 'present']
 ['2' '226.74722875649573' 'present']
 ['6' '230.68249658551952' 'present']
 ['4' '236.6449304296708' 'present']
 ['17' '237.97081708736417' 'present']
 ['8' '271.29717759902985' 'marauded']
 ['18' '289.03721587092116' 'present']
 ['3' '293.70122315977625' 'present']
 ['2' '301.84927096711664' 'marauded']
 ['3' '308.1124422431783' 'presentdestroyed']
 ['13' '317.2242971137986' 'marauded']
 ['7' '323.3679172365368' 'presentdestroyed']
 ['7' '334.0332001197872' 'marauded']
 ['18' '337.56375080582535' 'presentdestroyed']
 ['6' '340.7015349213089' 'presentdestroyed']
 ['6' '344.2191487907911' 'present']
 ['1' '344.6451206671959' 'present']
 ['1' '345.25495531695896' 'marauded']
 ['3' '345.5178029905047' 'presentdestroyed']
 ['6' '350.8269600863702' 'presentdestroyed']
 ['2' '351.4876143567389' 'presentdestroyed']
 ['17' '351.79611566197025' 'presentdestroyed']
 ['8' '355.9310191664348' 'present']
 ['18' '358.27730742149384' 'present']]","[['F25' '10.439667420803977' 'mated']
 ['F126' '21.86307477882804' 'destroyed']
 ['F21' '84.47917652561304' 'mated']
 ['F192' '116.7571918779019' 'destroyed']
 ['F143' '138.24247023580332' 'destroyed']
 ['F197' '149.89430204636085' 'mated']
 ['F175' '160.6196813749293' 'mated']
 ['F49' '171.79574582802283' 'mated']
 ['F131' '179.17228740374563' 'absentdestroyed']
 ['F10' '205.22576005350786' 'mated']
 ['F8' '207.17807227582958' 'mated']
 ['F102' '210.56967413700073' 'mated']
 ['F155' '244.11352446797207' 'mated']
 ['F115' '275.65167938177535' 'destroyed']
 ['F67' '282.11777481132674' 'mated']
 ['F105' '287.65446896506273' 'mated']
 ['F183' '327.90413083215157' 'mated']]",556.0,71.70854185213533,15.60020252563272,1226.0,206.8374260300101,44.25659761759172,448.0,79.74219236229635,17.370364951867632,15.0,1.5000000000000002,0.15000000000000008,68.0,0.3148148148148148,0.0014574759945130303
21,0.0,3,360.54139241748345,"[['14' '8.734219942482897' 'marauded']
 ['13' '15.109619642619341' 'presentdestroyed']
 ['8' '16.63402980577335' 'present']
 ['18' '20.20967482744704' 'present']
 ['6' '21.469778411651944' 'marauded']
 ['13' '25.224745963589765' 'presentdestroyed']
 ['6' '31.393735238228572' 'present']
 ['7' '32.667847714804935' 'marauded']
 ['1' '64.09746680040544' 'present']
 ['8' '65.79182973321873' 'present']
 ['17' '66.12333081294669' 'present']
 ['17' '66.4874606614575' 'present']
 ['15' '66.53592565437145' 'marauded']
 ['1' '70.70769191157777' 'destroyed']
 ['11' '74.57213666735053' 'present']
 ['14' '82.53638262436787' 'present']
 ['20' '82.86389316273522' 'present']
 ['7' '89.27292044862224' 'present']
 ['14' '89.44531043056496' 'marauded']
 ['15' '113.5316510428327' 'present']
 ['14' '125.52666457504915' 'present']
 ['13' '140.7205429749429' 'present']
 ['2' '174.03993553304576' 'present']
 ['13' '182.28182987343018' 'present']
 ['14' '187.57458000814256' 'present']
 ['3' '187.74638607911518' 'marauded']
 ['14' '188.07289807471997' 'presentdestroyed']
 ['7' '195.80063757650674' 'present']
 ['8' '213.63275405200585' 'present']
 ['17' '217.37000046943217' 'present']
 ['2' '223.5626064210602' 'present']
 ['13' '228.70746778909137' 'present']
 ['15' '240.48084113518624' 'present']
 ['8' '245.56075342509982' 'present']
 ['8' '246.64674637063158' 'marauded']
 ['18' '250.24909245318395' 'destroyed']
 ['11' '258.19925702388986' 'present']
 ['11' '268.87736249417225' 'present']
 ['4' '275.8184046957627' 'present']
 ['7' '278.5807973084229' 'marauded']
 ['7' '288.72809928509685' 'present']
 ['2' '289.4734386641398' 'present']
 ['13' '294.49490450211783' 'marauded']
 ['13' '294.7781641683712' 'presentdestroyed']
 ['3' '303.7481288550163' 'marauded']
 ['20' '309.58512482171966' 'presentdestroyed']
 ['7' '313.57877146013317' 'present']
 ['14' '318.14239838099166' 'present']
 ['14' '320.43762387812274' 'present']
 ['4' '335.00377358065066' 'present']
 ['11' '346.83103676850413' 'present']
 ['3' '346.90706312869617' 'present']
 ['18' '353.98253611907825' 'present']
 ['14' '356.83358641485773' 'present']
 ['6' '358.21674910508875' 'present']]","[['F62' '44.81239515225855' 'mated']
 ['F64' '66.49845083114579' 'mated']
 ['F14' '103.61900941959793' 'absent']
 ['F0' '108.00690323836366' 'mated']
 ['F143' '138.24709986543294' 'absent']
 ['F176' '192.46601361562247' 'destroyed']
 ['F8' '207.17575746101477' 'absent']
 ['F67' '282.1154599965119' 'destroyed']]",567.0,69.76887387956599,14.229858820405425,1335.0,229.33589790110412,49.19473305699772,352.0,60.97139089778451,13.364195160601748,0.0,0.0,0.0,0.0,0.0,0.0
22,0.0,17,360.1798574119237,"[['15' '19.565884976733663' 'present']
 ['11' '27.15860507746793' 'present']
 ['6' '27.783595784647563' 'present']
 ['4' '37.4030732230299' 'present']
 ['20' '40.63192880329777' 'marauded']
 ['14' '43.05970020233008' 'presentdestroyed']
 ['11' '44.30082857830282' 'presentdestroyed']
 ['20' '46.29623511039392' 'presentdestroyed']
 ['7' '47.31428908372657' 'destroyed']
 ['3' '63.38023372054301' 'present']
 ['17' '65.54876807867792' 'present']
 ['15' '77.87031150257218' 'present']
 ['8' '83.06433353100921' 'marauded']
 ['14' '84.89522393196471' 'presentdestroyed']
 ['2' '86.32250499260094' 'presentdestroyed']
 ['18' '88.23928985562782' 'presentdestroyed']
 ['17' '91.7485215394888' 'present']
 ['13' '95.27028440979205' 'marauded']
 ['14' '105.89703412310618' 'present']
 ['11' '113.00458336976057' 'present']
 ['11' '118.59347059667324' 'present']
 ['2' '126.07646743078355' 'present']
 ['2' '133.07617584170077' 'marauded']
 ['7' '136.51862838727249' 'presentdestroyed']
 ['18' '141.84635343331365' 'marauded']
 ['20' '148.17749023730855' 'presentdestroyed']
 ['2' '151.68382581526467' 'present']
 ['2' '156.23010532133003' 'present']
 ['18' '164.88146037968252' 'present']
 ['15' '170.04556579243427' 'present']
 ['11' '173.44373504943724' 'present']
 ['13' '178.57588940127653' 'present']
 ['18' '186.30918795761218' 'present']
 ['3' '188.08633378819593' 'present']
 ['1' '194.79931575970068' 'present']
 ['14' '194.90497762592096' 'present']
 ['17' '197.12822050038275' 'marauded']
 ['7' '200.29333953308083' 'presentdestroyed']
 ['11' '201.19162028316865' 'presentdestroyed']
 ['13' '203.0609506097234' 'presentdestroyed']
 ['4' '204.4509138512776' 'present']
 ['13' '229.23099220920687' 'present']
 ['20' '229.5627530547349' 'marauded']
 ['8' '236.57941511252417' 'destroyed']
 ['13' '243.97955702987812' 'present']
 ['7' '249.59581872804435' 'present']
 ['17' '253.02250762686842' 'present']
 ['11' '261.17264762372025' 'present']
 ['18' '270.1563242189949' 'present']
 ['4' '287.40053274394097' 'present']
 ['4' '288.2022765578271' 'present']
 ['14' '307.39988028596736' 'marauded']
 ['11' '312.8672771322181' 'presentdestroyed']
 ['11' '313.06851608492224' 'presentdestroyed']
 ['18' '343.1112977889248' 'present']
 ['4' '344.0980429404469' 'present']
 ['2' '350.8940200311992' 'present']]","[['F63' '42.78077646991319' 'destroyed']
 ['F154' '62.36941920193363' 'mated']
 ['F83' '63.04132798440727' 'mated']
 ['F171' '81.61592952928926' 'mated']
 ['F130' '94.03381478478839' 'mated']
 ['F7' '110.46675193366771' 'absent']
 ['F192' '116.75950669271671' 'mated']
 ['F187' '147.74828385064413' 'destroyed']
 ['F205' '151.0755951632877' 'mated']
 ['F44' '158.05361668849014' 'mated']
 ['F77' '171.1799730788186' 'mated']
 ['F140' '188.20788440047505' 'mated']
 ['F112' '205.22642883184537' 'mated']
 ['F211' '205.67499786796438' 'absent']
 ['F71' '209.65680487409296' 'absent']
 ['F100' '221.40459382359234' 'absent']
 ['F35' '221.4390122053263' 'absent']
 ['F168' '246.30512153072922' 'mated']
 ['F209' '249.06925184917284' 'mated']
 ['F73' '249.89262101660412' 'mated']
 ['F79' '259.99672852501584' 'mated']
 ['F122' '263.4332866490142' 'mated']
 ['F99' '274.4129642025221' 'mated']
 ['F179' '278.77804632944805' 'mated']]",566.0,69.52803068068803,13.742070879168917,1406.0,241.44781541768262,52.3933276318005,287.0,49.03409391519798,10.427632552722994,0.0,0.0,0.0,0.0,0.0,0.0
23,0.0,10,360.5298498091241,"[['3' '0.35776488659736705' 'present']
 ['7' '9.073193761607634' 'present']
 ['20' '27.78378756417629' 'marauded']
 ['14' '27.885271702644975' 'destroyed']
 ['13' '32.20621453639324' 'presentdestroyed']
 ['11' '38.06695761207591' 'present']
 ['20' '43.1741557512451' 'marauded']
 ['3' '48.821906538867054' 'presentdestroyed']
 ['14' '74.7548563380231' 'present']
 ['2' '75.07908276051351' 'present']
 ['2' '79.55045563355522' 'present']
 ['18' '80.67040543415226' 'present']
 ['17' '81.36177400577355' 'present']
 ['8' '83.47818099319487' 'present']
 ['14' '103.26866816133546' 'marauded']
 ['1' '123.53808282120197' 'present']
 ['14' '131.92498014705586' 'present']
 ['3' '135.96428326601182' 'present']
 ['14' '136.84881263316774' 'marauded']
 ['3' '142.74255416037488' 'presentdestroyed']
 ['18' '144.3446154988384' 'destroyed']
 ['17' '144.35285823681747' 'destroyed']
 ['3' '147.30378843166548' 'present']
 ['13' '199.0695959839009' 'present']
 ['7' '203.98591166919405' 'present']
 ['4' '204.44628422164797' 'present']
 ['18' '204.87845776795018' 'marauded']
 ['13' '208.8819724908659' 'presentdestroyed']
 ['17' '217.71498517044597' 'present']
 ['4' '228.863097424486' 'present']
 ['4' '234.76389707428427' 'present']
 ['8' '267.49463207810544' 'marauded']
 ['8' '270.28862826167546' 'presentdestroyed']
 ['4' '288.61502662584877' 'present']
 ['7' '291.9490139673976' 'present']
 ['20' '292.40213071534913' 'present']
 ['7' '294.90405280908516' 'present']
 ['17' '327.50885660335683' 'present']
 ['15' '329.4136449664995' 'marauded']
 ['7' '330.4519599848267' 'presentdestroyed']
 ['13' '336.550321965151' 'presentdestroyed']
 ['13' '340.4943374176767' 'present']
 ['8' '348.7180000640514' 'present']]","[['F150' '3.7167146179576367' 'mated']
 ['F63' '42.785406099542826' 'mated']
 ['F189' '87.3909999721109' 'absent']
 ['F28' '131.06042210136997' 'mated']
 ['F198' '159.24858246304237' 'mated']
 ['F29' '168.57965705074614' 'absent']
 ['F123' '182.6811004017898' 'absent']
 ['F199' '184.218106175562' 'mated']
 ['F72' '201.63235485250542' 'mated']
 ['F8' '207.17344264619996' 'destroyed']
 ['F71' '209.66143450372257' 'destroyed']
 ['F2' '224.19159576471202' 'mated']
 ['F162' '230.4738764207631' 'mated']
 ['F151' '235.17921586040924' 'mated']
 ['F84' '242.3687565780851' 'mated']]",557.0,69.0702913806391,14.777398125100307,1441.0,248.54806352990047,53.51712820911535,246.0,42.49626189364098,9.364176626570687,0.0,0.0,0.0,0.0,0.0,0.0
